binom	1	0	0.2	0.1692	0.499943
binom	1	0.01	0.2	0.17051	0.501026
binom	1	0.02	0.2	0.16983	0.50173
binom	1	0.03	0.2	0.17012	0.502036
binom	1	0.05	0.2	0.17094	0.503315
binom	1	0.07	0.2	0.17008	0.506339
binom	1	0.08	0.2	0.16836	0.505954
binom	1	0.1	0.2	0.17058	0.507739
binom	1	0.2	0.2	0.16325	0.515825
binom	1	0.3	0.2	0.16047	0.523423
binom	1	0.4	0.2	0.15623	0.532
binom	1	0.5	0.2	0.14563	0.539723
binom	1	0.6	0.2	0.13828	0.548079
binom	1	0.7	0.2	0.1294	0.556668
binom	1	0.8	0.2	0.12046	0.565466
binom	1	0.9	0.2	0.10996	0.573213
