binom	1	0	0.2	0.17101	0.500303
binom	1	0.01	0.2	0.16837	0.500593
binom	1	0.02	0.2	0.16759	0.501495
binom	1	0.03	0.2	0.17016	0.502402
binom	1	0.05	0.2	0.16992	0.503461
binom	1	0.07	0.2	0.16896	0.505258
binom	1	0.08	0.2	0.16663	0.506222
binom	1	0.1	0.2	0.16797	0.506309
binom	1	0.2	0.2	0.16504	0.514012
binom	1	0.3	0.2	0.1607	0.519911
binom	1	0.4	0.2	0.15626	0.527831
binom	1	0.5	0.2	0.14685	0.535334
binom	1	0.6	0.2	0.13856	0.543243
binom	1	0.7	0.2	0.12927	0.549789
binom	1	0.8	0.2	0.12216	0.556831
binom	1	0.9	0.2	0.11205	0.564847
