binom	1	0	0.2	0.16749	0.499364
binom	1	0.01	0.2	0.16803	0.500214
binom	1	0.02	0.2	0.16975	0.500545
binom	1	0.03	0.2	0.16814	0.501432
binom	1	0.05	0.2	0.17005	0.502158
binom	1	0.07	0.2	0.17043	0.50378
binom	1	0.08	0.2	0.16715	0.503341
binom	1	0.1	0.2	0.16677	0.503962
binom	1	0.2	0.2	0.16405	0.507662
binom	1	0.3	0.2	0.16152	0.512013
binom	1	0.4	0.2	0.15559	0.516259
binom	1	0.5	0.2	0.1448	0.520199
binom	1	0.6	0.2	0.13916	0.524171
binom	1	0.7	0.2	0.13315	0.528201
binom	1	0.8	0.2	0.12161	0.531314
binom	1	0.9	0.2	0.11181	0.535444
