binom	1	0	0.2	0.16985	0.500058
binom	1	0.01	0.2	0.16977	0.500841
binom	1	0.02	0.2	0.1692	0.500729
binom	1	0.03	0.2	0.16911	0.501017
binom	1	0.05	0.2	0.17062	0.502493
binom	1	0.07	0.2	0.17004	0.50342
binom	1	0.08	0.2	0.16987	0.502663
binom	1	0.1	0.2	0.16908	0.50323
binom	1	0.2	0.2	0.16696	0.507117
binom	1	0.3	0.2	0.15901	0.511421
binom	1	0.4	0.2	0.15546	0.514741
binom	1	0.5	0.2	0.14645	0.518196
binom	1	0.6	0.2	0.13842	0.522758
binom	1	0.7	0.2	0.12765	0.526061
binom	1	0.8	0.2	0.1215	0.529909
binom	1	0.9	0.2	0.11088	0.53378
