binom	1	0	0.2	0.18097	0.500506
binom	1	0.01	0.2	0.18161	0.500872
binom	1	0.02	0.2	0.18107	0.502142
binom	1	0.03	0.2	0.18172	0.503394
binom	1	0.05	0.2	0.1806	0.50545
binom	1	0.07	0.2	0.18295	0.507197
binom	1	0.08	0.2	0.1817	0.50813
binom	1	0.1	0.2	0.18391	0.51078
binom	1	0.2	0.2	0.1785	0.520458
binom	1	0.3	0.2	0.17523	0.531688
binom	1	0.4	0.2	0.16734	0.542054
binom	1	0.5	0.2	0.16017	0.553296
binom	1	0.6	0.2	0.15262	0.563805
binom	1	0.7	0.2	0.13943	0.574954
binom	1	0.8	0.2	0.12966	0.587761
binom	1	0.9	0.2	0.12143	0.600376
