binom	1	0	0.2	0.18552	0.500485
binom	1	0.01	0.2	0.18678	0.500815
binom	1	0.02	0.2	0.18692	0.502242
binom	1	0.03	0.2	0.1867	0.50316
binom	1	0.05	0.2	0.18638	0.505843
binom	1	0.07	0.2	0.18635	0.507308
binom	1	0.08	0.2	0.18667	0.508375
binom	1	0.1	0.2	0.18356	0.509858
binom	1	0.2	0.2	0.18061	0.520829
binom	1	0.3	0.2	0.17676	0.531382
binom	1	0.4	0.2	0.17186	0.542789
binom	1	0.5	0.2	0.16233	0.553664
binom	1	0.6	0.2	0.15469	0.564675
binom	1	0.7	0.2	0.14674	0.577542
binom	1	0.8	0.2	0.13193	0.588313
binom	1	0.9	0.2	0.12411	0.601338
