binom	1	0	0.2	0.1873	0.49988
binom	1	0.01	0.2	0.18622	0.50062
binom	1	0.02	0.2	0.18693	0.501976
binom	1	0.03	0.2	0.18855	0.501894
binom	1	0.05	0.2	0.18775	0.505979
binom	1	0.07	0.2	0.188	0.508245
binom	1	0.08	0.2	0.18674	0.508689
binom	1	0.1	0.2	0.18627	0.511176
binom	1	0.2	0.2	0.18248	0.521774
binom	1	0.3	0.2	0.17798	0.533726
binom	1	0.4	0.2	0.16951	0.544392
binom	1	0.5	0.2	0.16275	0.556306
binom	1	0.6	0.2	0.15385	0.567948
binom	1	0.7	0.2	0.14488	0.580255
binom	1	0.8	0.2	0.13473	0.592887
binom	1	0.9	0.2	0.12403	0.605959
