binom	1	0	0.2	0.18594	0.499925
binom	1	0.01	0.2	0.18694	0.501513
binom	1	0.02	0.2	0.18483	0.503941
binom	1	0.03	0.2	0.18473	0.505649
binom	1	0.05	0.2	0.18772	0.508865
binom	1	0.07	0.2	0.18703	0.511202
binom	1	0.08	0.2	0.18498	0.512294
binom	1	0.1	0.2	0.18817	0.51627
binom	1	0.2	0.2	0.18251	0.532088
binom	1	0.3	0.2	0.17889	0.547986
binom	1	0.4	0.2	0.17259	0.565214
binom	1	0.5	0.2	0.16237	0.581394
binom	1	0.6	0.2	0.15651	0.598773
binom	1	0.7	0.2	0.14355	0.615997
binom	1	0.8	0.2	0.13297	0.634486
binom	1	0.9	0.2	0.12432	0.651766
