binom	1	0	0.2	0.17699	0.499612
binom	1	0.01	0.2	0.18083	0.500816
binom	1	0.02	0.2	0.17804	0.501565
binom	1	0.03	0.2	0.17998	0.502077
binom	1	0.05	0.2	0.17522	0.503313
binom	1	0.07	0.2	0.17809	0.504673
binom	1	0.08	0.2	0.1778	0.505827
binom	1	0.1	0.2	0.17782	0.507563
binom	1	0.2	0.2	0.17397	0.514235
binom	1	0.3	0.2	0.16799	0.521785
binom	1	0.4	0.2	0.16457	0.528561
binom	1	0.5	0.2	0.1567	0.536263
binom	1	0.6	0.2	0.14833	0.543754
binom	1	0.7	0.2	0.13881	0.551438
binom	1	0.8	0.2	0.12611	0.558932
binom	1	0.9	0.2	0.11827	0.567156
