binom	1	0	0.2	0.1743	0.500092
binom	1	0.01	0.2	0.17286	0.500883
binom	1	0.02	0.2	0.17196	0.500953
binom	1	0.03	0.2	0.17278	0.501595
binom	1	0.05	0.2	0.17383	0.503181
binom	1	0.07	0.2	0.17284	0.504014
binom	1	0.08	0.2	0.17395	0.504155
binom	1	0.1	0.2	0.17116	0.505858
binom	1	0.2	0.2	0.16866	0.511282
binom	1	0.3	0.2	0.16622	0.516441
binom	1	0.4	0.2	0.15929	0.522324
binom	1	0.5	0.2	0.14969	0.527882
binom	1	0.6	0.2	0.14225	0.533523
binom	1	0.7	0.2	0.13347	0.539916
binom	1	0.8	0.2	0.1233	0.545581
binom	1	0.9	0.2	0.11445	0.551708
