binom	1	0	0.2	0.17238	0.49992
binom	1	0.01	0.2	0.17282	0.50055
binom	1	0.02	0.2	0.17529	0.500598
binom	1	0.03	0.2	0.17526	0.501203
binom	1	0.05	0.2	0.17269	0.502732
binom	1	0.07	0.2	0.17294	0.503754
binom	1	0.08	0.2	0.17333	0.504266
binom	1	0.1	0.2	0.17164	0.505432
binom	1	0.2	0.2	0.1685	0.510148
binom	1	0.3	0.2	0.16598	0.515962
binom	1	0.4	0.2	0.15881	0.522523
binom	1	0.5	0.2	0.15221	0.5273
binom	1	0.6	0.2	0.14165	0.533495
binom	1	0.7	0.2	0.13336	0.539561
binom	1	0.8	0.2	0.12593	0.545464
binom	1	0.9	0.2	0.11378	0.550826
