binom	1	0	0.2	0.17497	0.500191
binom	1	0.01	0.2	0.17261	0.500485
binom	1	0.02	0.2	0.17572	0.500646
binom	1	0.03	0.2	0.17485	0.501472
binom	1	0.05	0.2	0.17481	0.503495
binom	1	0.07	0.2	0.17408	0.503752
binom	1	0.08	0.2	0.17303	0.505001
binom	1	0.1	0.2	0.17329	0.505986
binom	1	0.2	0.2	0.17033	0.511043
binom	1	0.3	0.2	0.16561	0.51649
binom	1	0.4	0.2	0.15957	0.52283
binom	1	0.5	0.2	0.15075	0.52811
binom	1	0.6	0.2	0.14326	0.533438
binom	1	0.7	0.2	0.13321	0.539527
binom	1	0.8	0.2	0.12549	0.544757
binom	1	0.9	0.2	0.11466	0.551779
