binom	1	0	0.2	0.16767	0.500289
binom	1	0.01	0.2	0.16831	0.501551
binom	1	0.02	0.2	0.16699	0.503598
binom	1	0.03	0.2	0.16701	0.504946
binom	1	0.05	0.2	0.1688	0.50879
binom	1	0.07	0.2	0.16706	0.511799
binom	1	0.08	0.2	0.16684	0.513045
binom	1	0.1	0.2	0.16585	0.515977
binom	1	0.2	0.2	0.16509	0.533348
binom	1	0.3	0.2	0.1616	0.549108
binom	1	0.4	0.2	0.15273	0.565823
binom	1	0.5	0.2	0.14667	0.582146
binom	1	0.6	0.2	0.13742	0.599918
binom	1	0.7	0.2	0.12833	0.617024
binom	1	0.8	0.2	0.11893	0.634102
binom	1	0.9	0.2	0.11059	0.651711
