binom	1	0	0.2	0.17015	0.499964
binom	1	0.01	0.2	0.1694	0.501142
binom	1	0.02	0.2	0.16884	0.502761
binom	1	0.03	0.2	0.1702	0.504862
binom	1	0.05	0.2	0.16904	0.507487
binom	1	0.07	0.2	0.17065	0.510441
binom	1	0.08	0.2	0.16773	0.511808
binom	1	0.1	0.2	0.16792	0.515111
binom	1	0.2	0.2	0.16562	0.529919
binom	1	0.3	0.2	0.16131	0.544846
binom	1	0.4	0.2	0.15436	0.560096
binom	1	0.5	0.2	0.14915	0.575422
binom	1	0.6	0.2	0.13947	0.591005
binom	1	0.7	0.2	0.12987	0.606728
binom	1	0.8	0.2	0.12143	0.623717
binom	1	0.9	0.2	0.11094	0.639555
