binom	1	0	0.2	0.17439	0.500747
binom	1	0.01	0.2	0.17447	0.501365
binom	1	0.02	0.2	0.17508	0.501957
binom	1	0.03	0.2	0.17541	0.503574
binom	1	0.05	0.2	0.17327	0.506292
binom	1	0.07	0.2	0.17235	0.509443
binom	1	0.08	0.2	0.17234	0.510572
binom	1	0.1	0.2	0.17242	0.513215
binom	1	0.2	0.2	0.16967	0.526476
binom	1	0.3	0.2	0.16518	0.539541
binom	1	0.4	0.2	0.16034	0.55328
binom	1	0.5	0.2	0.15254	0.56744
binom	1	0.6	0.2	0.14244	0.581668
binom	1	0.7	0.2	0.1348	0.595768
binom	1	0.8	0.2	0.12437	0.610758
binom	1	0.9	0.2	0.11475	0.627281
