binom	1	0	0.2	0.17371	0.500949
binom	1	0.01	0.2	0.17336	0.501601
binom	1	0.02	0.2	0.17286	0.502407
binom	1	0.03	0.2	0.17285	0.503691
binom	1	0.05	0.2	0.17137	0.507095
binom	1	0.07	0.2	0.17303	0.509684
binom	1	0.08	0.2	0.17298	0.510673
binom	1	0.1	0.2	0.17241	0.513272
binom	1	0.2	0.2	0.16901	0.527125
binom	1	0.3	0.2	0.16399	0.539566
binom	1	0.4	0.2	0.15727	0.552873
binom	1	0.5	0.2	0.15211	0.567536
binom	1	0.6	0.2	0.14079	0.581217
binom	1	0.7	0.2	0.13174	0.59632
binom	1	0.8	0.2	0.12323	0.612729
binom	1	0.9	0.2	0.114	0.627401
