binom	1	0	0.2	0.16284	0.500385
binom	1	0.01	0.2	0.1662	0.502455
binom	1	0.02	0.2	0.16196	0.505459
binom	1	0.03	0.2	0.16503	0.508008
binom	1	0.05	0.2	0.1644	0.513269
binom	1	0.07	0.2	0.16344	0.518035
binom	1	0.08	0.2	0.16054	0.521883
binom	1	0.1	0.2	0.16212	0.527277
binom	1	0.2	0.2	0.15924	0.554302
binom	1	0.3	0.2	0.15596	0.5823
binom	1	0.4	0.2	0.14852	0.610865
binom	1	0.5	0.2	0.13989	0.640746
binom	1	0.6	0.2	0.12981	0.67252
binom	1	0.7	0.2	0.12007	0.705592
binom	1	0.8	0.2	0.11023	0.739666
binom	1	0.9	0.2	0.10131	0.77608
