binom	1	0	0.2	0.1695	0.500253
binom	1	0.01	0.2	0.16956	0.503131
binom	1	0.02	0.2	0.16858	0.504191
binom	1	0.03	0.2	0.16939	0.506345
binom	1	0.05	0.2	0.16884	0.510593
binom	1	0.07	0.2	0.17072	0.515874
binom	1	0.08	0.2	0.16844	0.517973
binom	1	0.1	0.2	0.16779	0.521999
binom	1	0.2	0.2	0.16461	0.544638
binom	1	0.3	0.2	0.1607	0.567157
binom	1	0.4	0.2	0.15436	0.590947
binom	1	0.5	0.2	0.14445	0.614897
binom	1	0.6	0.2	0.13495	0.640308
binom	1	0.7	0.2	0.12423	0.66704
binom	1	0.8	0.2	0.11455	0.695139
binom	1	0.9	0.2	0.10456	0.72445
