binom	1	0	0.2	0.18717	0.500326
binom	1	0.01	0.2	0.18943	0.50162
binom	1	0.02	0.2	0.18823	0.503017
binom	1	0.03	0.2	0.18689	0.504572
binom	1	0.05	0.2	0.18734	0.507345
binom	1	0.07	0.2	0.18713	0.510458
binom	1	0.08	0.2	0.1878	0.51238
binom	1	0.1	0.2	0.18775	0.514884
binom	1	0.2	0.2	0.18378	0.531036
binom	1	0.3	0.2	0.17998	0.546426
binom	1	0.4	0.2	0.17386	0.562094
binom	1	0.5	0.2	0.16365	0.578893
binom	1	0.6	0.2	0.15532	0.595884
binom	1	0.7	0.2	0.14555	0.612619
binom	1	0.8	0.2	0.13631	0.630027
binom	1	0.9	0.2	0.12495	0.648042
