binom	1	0	0.2	0.1979	0.499681
binom	1	0.01	0.2	0.19769	0.501837
binom	1	0.02	0.2	0.19858	0.502905
binom	1	0.03	0.2	0.19644	0.504567
binom	1	0.05	0.2	0.20086	0.508355
binom	1	0.07	0.2	0.19729	0.51042
binom	1	0.08	0.2	0.19571	0.512487
binom	1	0.1	0.2	0.19701	0.515402
binom	1	0.2	0.2	0.19518	0.531449
binom	1	0.3	0.2	0.18987	0.547948
binom	1	0.4	0.2	0.18318	0.563806
binom	1	0.5	0.2	0.17519	0.580953
binom	1	0.6	0.2	0.16452	0.597922
binom	1	0.7	0.2	0.15459	0.615977
binom	1	0.8	0.2	0.14117	0.633966
binom	1	0.9	0.2	0.13212	0.652986
