binom	1	0	0.2	0.16508	0.499603
binom	1	0.01	0.2	0.1659	0.500282
binom	1	0.02	0.2	0.16311	0.500888
binom	1	0.03	0.2	0.16424	0.501612
binom	1	0.05	0.2	0.16694	0.502807
binom	1	0.07	0.2	0.16927	0.504158
binom	1	0.08	0.2	0.16375	0.504402
binom	1	0.1	0.2	0.16535	0.506448
binom	1	0.2	0.2	0.16361	0.509989
binom	1	0.3	0.2	0.1581	0.516393
binom	1	0.4	0.2	0.15259	0.52133
binom	1	0.5	0.2	0.14561	0.526982
binom	1	0.6	0.2	0.13657	0.532223
binom	1	0.7	0.2	0.12681	0.537264
binom	1	0.8	0.2	0.11641	0.541504
binom	1	0.9	0.2	0.1085	0.546628
