binom	1	0	0.2	0.16596	0.499579
binom	1	0.01	0.2	0.16246	0.500428
binom	1	0.02	0.2	0.16532	0.500449
binom	1	0.03	0.2	0.16762	0.500133
binom	1	0.05	0.2	0.1681	0.501831
binom	1	0.07	0.2	0.16502	0.502143
binom	1	0.08	0.2	0.1628	0.50275
binom	1	0.1	0.2	0.16373	0.503553
binom	1	0.2	0.2	0.16157	0.506143
binom	1	0.3	0.2	0.15691	0.508068
binom	1	0.4	0.2	0.1508	0.510873
binom	1	0.5	0.2	0.14413	0.514739
binom	1	0.6	0.2	0.13526	0.517063
binom	1	0.7	0.2	0.12715	0.518934
binom	1	0.8	0.2	0.11943	0.521806
binom	1	0.9	0.2	0.10848	0.524796
