binom	1	0	0.2	0.16798	0.500243
binom	1	0.01	0.2	0.16631	0.500806
binom	1	0.02	0.2	0.16668	0.500518
binom	1	0.03	0.2	0.16519	0.500994
binom	1	0.05	0.2	0.16584	0.500894
binom	1	0.07	0.2	0.16527	0.501801
binom	1	0.08	0.2	0.16772	0.501799
binom	1	0.1	0.2	0.16801	0.503097
binom	1	0.2	0.2	0.16223	0.505092
binom	1	0.3	0.2	0.15755	0.509193
binom	1	0.4	0.2	0.15287	0.510955
binom	1	0.5	0.2	0.14564	0.513355
binom	1	0.6	0.2	0.13624	0.516222
binom	1	0.7	0.2	0.12631	0.518444
binom	1	0.8	0.2	0.11901	0.52139
binom	1	0.9	0.2	0.10871	0.523634
