binom	1	0	0.2	0.16165	0.499946
binom	1	0.01	0.2	0.16443	0.501037
binom	1	0.02	0.2	0.16125	0.502599
binom	1	0.03	0.2	0.16365	0.503338
binom	1	0.05	0.2	0.16555	0.505807
binom	1	0.07	0.2	0.16028	0.508436
binom	1	0.08	0.2	0.16149	0.509248
binom	1	0.1	0.2	0.16089	0.511297
binom	1	0.2	0.2	0.1594	0.523513
binom	1	0.3	0.2	0.15359	0.535952
binom	1	0.4	0.2	0.14945	0.546872
binom	1	0.5	0.2	0.14054	0.559087
binom	1	0.6	0.2	0.13158	0.570898
binom	1	0.7	0.2	0.12372	0.58403
binom	1	0.8	0.2	0.11297	0.597018
binom	1	0.9	0.2	0.1072	0.610713
