binom	1	0	0.2	0.16652	0.500031
binom	1	0.01	0.2	0.16566	0.502436
binom	1	0.02	0.2	0.16875	0.504561
binom	1	0.03	0.2	0.16643	0.507205
binom	1	0.05	0.2	0.16553	0.511586
binom	1	0.07	0.2	0.16618	0.515252
binom	1	0.08	0.2	0.1646	0.517908
binom	1	0.1	0.2	0.16346	0.523274
binom	1	0.2	0.2	0.16098	0.546006
binom	1	0.3	0.2	0.15865	0.568797
binom	1	0.4	0.2	0.15161	0.592796
binom	1	0.5	0.2	0.14358	0.617268
binom	1	0.6	0.2	0.13607	0.641629
binom	1	0.7	0.2	0.12671	0.666426
binom	1	0.8	0.2	0.11734	0.692321
binom	1	0.9	0.2	0.10914	0.717806
