6 12
6 7
6 10
6 0
12 4
12 10
12 14
4 14
4 2
4 0
3 10
3 11
3 8
3 2
10 7
5 13
5 1
5 11
5 14
13 7
13 9
13 8
0 2
0 9
2 15
9 11
9 15
11 1
8 15
8 1
15 14
15 16
7 1
14 24
16 17
16 19
16 20
16 22
17 18
17 22
17 21
18 19
18 23
18 22
19 20
19 23
20 23
20 21
21 22
21 23
22 40
23 32
24 25
24 26
24 28
24 31
25 29
25 30
25 26
26 27
26 31
27 30
27 31
27 29
28 29
28 30
28 31
29 30
30 56
31 48
32 33
32 36
32 35
32 39
33 35
33 37
33 38
34 35
34 36
34 38
34 37
35 39
36 37
36 39
37 38
38 39
38 72
39 64
40 41
40 43
40 47
40 46
41 43
41 47
41 45
42 43
42 44
42 45
42 46
43 46
44 45
44 46
44 47
45 47
46 88
47 80
48 49
48 51
48 53
48 50
49 50
49 51
49 53
50 52
50 55
51 54
51 52
52 54
52 55
53 55
53 54
54 55
56 57
56 59
56 61
56 58
57 58
57 60
57 63
58 59
58 63
59 60
59 62
60 62
60 61
61 62
61 63
62 63
64 65
64 67
64 66
64 71
65 66
65 69
65 71
66 68
66 70
67 71
67 70
67 69
68 70
68 69
68 71
69 70
72 73
72 76
72 79
72 75
73 77
73 78
73 76
74 75
74 78
74 76
74 79
75 77
75 78
76 77
77 79
78 79
80 81
80 86
80 83
80 87
81 87
81 82
81 84
82 83
82 84
82 85
83 86
83 85
84 85
84 87
85 86
86 87
88 89
88 94
88 90
88 93
89 94
89 93
89 92
90 91
90 94
90 95
91 95
91 92
91 93
92 93
92 95
94 95
95 96
95 97
95 98
95 99
