15 30
15 3
15 8
15 28
30 39
30 2
30 25
42 48
42 37
42 16
42 23
48 36
48 11
48 34
3 13
3 33
3 12
13 18
13 5
13 32
18 44
18 29
18 49
44 14
44 16
44 8
0 5
0 45
0 35
0 12
5 20
5 33
20 38
20 12
20 19
38 26
38 17
38 51
21 46
21 43
21 22
21 24
46 34
46 25
46 29
9 26
9 1
9 50
9 31
26 36
26 35
37 7
37 22
37 8
14 49
14 52
14 27
49 10
49 19
7 10
7 34
7 22
10 39
10 25
39 1
39 24
24 35
24 19
35 31
16 40
16 43
40 23
40 2
40 22
33 31
33 51
4 32
4 27
4 45
4 19
32 28
32 43
23 45
23 41
45 27
36 47
36 51
27 6
8 41
41 17
41 50
2 43
2 6
12 31
6 52
6 47
52 51
52 34
52 53
11 50
11 25
11 1
29 47
29 1
47 17
51 61
50 28
28 17
53 54
53 58
53 59
53 60
54 58
54 60
54 59
55 56
55 57
55 59
55 60
56 58
56 57
56 60
57 59
57 58
59 77
60 69
61 62
61 63
61 65
61 68
62 64
62 66
62 63
63 64
63 67
64 68
64 66
65 66
65 67
65 68
66 67
67 68
67 93
68 85
69 70
69 71
69 76
69 75
70 75
70 73
70 72
71 74
71 76
71 73
72 73
72 74
72 76
73 75
74 76
74 75
77 78
77 80
77 81
77 84
78 79
78 82
78 81
79 80
79 83
79 84
80 83
80 84
81 82
81 83
82 84
82 83
85 86
85 87
85 91
85 92
86 88
86 87
86 90
87 90
87 89
88 89
88 91
88 92
89 90
89 91
90 92
91 92
93 94
93 96
93 99
93 97
94 96
94 98
94 100
95 96
95 100
95 99
95 97
96 98
97 98
97 100
98 99
99 100
