4 6
4 17
4 16
4 19
6 7
6 19
6 9
5 10
5 2
5 21
5 8
10 15
10 0
10 13
9 14
9 3
9 18
14 13
14 1
14 17
8 15
8 21
8 13
15 20
15 19
21 12
21 3
21 22
2 17
2 7
2 18
0 11
0 1
0 16
11 17
11 20
11 3
13 20
1 18
1 16
18 19
20 12
20 31
7 16
7 12
3 12
22 23
22 29
22 26
22 30
23 26
23 29
23 27
24 25
24 27
24 26
24 30
25 29
25 30
25 28
26 27
27 28
28 29
28 30
29 49
30 40
31 32
31 34
31 38
31 36
32 36
32 39
32 37
33 34
33 35
33 38
33 39
34 35
34 37
35 37
35 39
36 37
36 38
38 39
38 67
39 58
40 41
40 43
40 44
40 47
41 42
41 45
41 48
42 45
42 44
42 47
43 44
43 48
43 46
44 48
45 46
45 47
46 47
46 48
47 85
48 76
49 50
49 53
49 57
49 51
50 55
50 56
50 54
51 52
51 54
51 57
52 55
52 56
52 57
53 54
53 55
53 56
54 56
55 57
58 59
58 61
58 62
58 66
59 60
59 63
59 65
60 61
60 64
60 62
61 63
61 64
62 63
62 66
63 65
64 66
64 65
65 66
67 68
67 71
67 73
67 74
68 70
68 71
68 75
69 70
69 74
69 72
69 73
70 73
70 75
71 72
71 75
72 75
72 74
73 74
76 77
76 78
76 80
76 84
77 80
77 79
77 83
78 79
78 81
78 82
79 82
79 83
80 81
80 84
81 84
81 83
82 83
82 84
85 86
85 88
85 89
85 90
86 87
86 92
86 91
87 91
87 93
87 89
88 93
88 90
88 92
89 90
89 93
90 92
91 92
91 93
93 94
93 95
93 96
93 97
93 98
93 99
