0 30
0 26
0 13
0 27
30 15
30 19
30 22
30 31
25 29
25 5
25 9
25 6
29 18
29 20
29 6
29 40
24 27
24 15
24 18
24 13
27 26
27 17
15 7
15 9
26 6
26 4
20 23
20 6
20 22
23 21
23 12
23 14
18 4
18 1
21 28
21 2
21 12
28 10
28 7
28 13
3 16
3 19
3 1
3 12
16 9
16 8
16 10
5 13
5 11
5 14
10 9
10 22
19 11
19 17
4 7
4 1
1 14
17 11
17 2
11 7
2 8
2 12
8 14
8 22
31 32
31 39
31 35
31 34
32 35
32 38
32 36
33 34
33 36
33 35
33 38
34 39
34 37
35 37
36 39
36 38
37 39
37 38
38 58
39 49
40 41
40 42
40 45
40 47
41 43
41 47
41 45
42 47
42 48
42 44
43 44
43 48
43 46
44 45
44 46
45 46
46 48
47 48
47 76
48 67
49 50
49 51
49 52
49 57
50 55
50 56
50 51
51 54
51 56
52 53
52 54
52 55
53 55
53 56
53 54
54 57
55 57
56 57
56 94
57 85
58 59
58 63
58 60
58 66
59 62
59 66
59 64
60 61
60 63
60 66
61 62
61 65
61 64
62 65
62 66
63 64
63 65
64 65
67 68
67 71
67 73
67 74
68 69
68 75
68 72
69 70
69 73
69 75
70 74
70 72
70 73
71 72
71 73
71 74
72 75
74 75
76 77
76 82
76 78
76 84
77 82
77 81
77 80
78 79
78 82
78 84
79 80
79 81
79 84
80 81
80 83
81 83
82 83
83 84
85 86
85 91
85 87
85 92
86 92
86 93
86 88
87 88
87 90
87 89
88 93
88 91
89 90
89 92
89 91
90 93
90 92
91 93
94 95
94 97
94 96
94 101
95 100
95 102
95 98
96 97
96 100
96 99
97 102
97 100
98 99
98 101
98 102
99 101
99 100
101 102
