6 12
6 4
6 13
6 0
12 34
12 27
12 29
16 20
16 5
16 24
16 10
20 23
20 26
20 14
15 33
15 17
15 29
15 19
33 1
33 7
33 18
33 44
23 27
23 17
23 32
4 8
4 11
4 17
26 1
26 34
26 25
3 19
3 25
3 9
3 24
19 21
19 1
25 0
25 13
22 32
22 5
22 2
22 10
32 30
32 5
5 29
17 21
21 24
21 7
14 28
14 2
14 10
28 27
28 7
28 31
34 31
34 24
34 35
27 11
10 18
18 30
18 9
2 8
2 7
8 1
8 13
9 31
9 0
29 30
11 30
11 13
31 0
35 36
35 39
35 40
35 42
36 39
36 43
36 37
37 38
37 41
37 40
38 42
38 39
38 40
39 43
40 41
41 42
41 43
42 43
42 62
43 53
44 45
44 46
44 52
44 49
45 46
45 52
45 47
46 49
46 48
47 48
47 50
47 51
48 51
48 50
49 50
49 51
50 52
51 52
51 80
52 71
53 54
53 60
53 56
53 59
54 61
54 60
54 59
55 56
55 59
55 58
55 57
56 61
56 59
57 58
57 60
57 61
58 60
58 61
60 98
61 89
62 63
62 65
62 64
62 67
63 64
63 67
63 70
64 69
64 67
65 66
65 70
65 68
66 68
66 69
66 67
68 69
68 70
69 70
71 72
71 74
71 78
71 77
72 73
72 77
72 79
73 74
73 75
73 79
74 75
74 77
75 76
75 78
76 78
76 79
76 77
78 79
80 81
80 84
80 88
80 87
81 86
81 82
81 85
82 83
82 87
82 84
83 85
83 86
83 88
84 85
84 86
85 87
86 88
87 88
89 90
89 91
89 93
89 97
90 92
90 95
90 96
91 94
91 95
91 93
92 93
92 97
92 96
93 94
94 97
94 95
95 96
96 97
98 99
98 105
98 103
98 104
99 106
99 103
99 104
100 101
100 102
100 106
100 105
101 105
101 102
101 104
102 106
102 105
103 104
103 106
