binom	1	0	0	0.0108
binom	1	0.1	0	0.0094
binom	1	0.2	0	0.0108
binom	1	0.3	0	0.012
binom	1	0.4	0	0.0102
binom	1	0.5	0	0.0088
binom	1	0.6	0	0.0088
binom	1	0.7	0	0.0062
binom	1	0.8	0	0.0082
binom	1	0.9	0	0.007
binom	1	1	0	0.0074
binom	1	0	0.05	0.0446
binom	1	0.1	0.05	0.0464
binom	1	0.2	0.05	0.045
binom	1	0.3	0.05	0.0408
binom	1	0.4	0.05	0.042
binom	1	0.5	0.05	0.0382
binom	1	0.6	0.05	0.0406
binom	1	0.7	0.05	0.036
binom	1	0.8	0.05	0.029
binom	1	0.9	0.05	0.0338
binom	1	1	0.05	0.027
binom	1	0	0.1	0.0934
binom	1	0.1	0.1	0.0854
binom	1	0.2	0.1	0.0852
binom	1	0.3	0.1	0.0832
binom	1	0.4	0.1	0.0756
binom	1	0.5	0.1	0.078
binom	1	0.6	0.1	0.0674
binom	1	0.7	0.1	0.0652
binom	1	0.8	0.1	0.054
binom	1	0.9	0.1	0.0484
binom	1	1	0.1	0.0512
binom	1	0	0.2	0.1704
binom	1	0.1	0.2	0.169
binom	1	0.2	0.2	0.1694
binom	1	0.3	0.2	0.156
binom	1	0.4	0.2	0.1556
binom	1	0.5	0.2	0.1422
binom	1	0.6	0.2	0.145
binom	1	0.7	0.2	0.1264
binom	1	0.8	0.2	0.1144
binom	1	0.9	0.2	0.1054
binom	1	1	0.2	0.0956
