binom	1	0	0	0.0102
binom	1	0.1	0	0.0108
binom	1	0.2	0	0.01
binom	1	0.3	0	0.0104
binom	1	0.4	0	0.0082
binom	1	0.5	0	0.0098
binom	1	0.6	0	0.0062
binom	1	0.7	0	0.0108
binom	1	0.8	0	0.0066
binom	1	0.9	0	0.005
binom	1	1	0	0.0066
binom	1	0	0.05	0.0438
binom	1	0.1	0.05	0.0496
binom	1	0.2	0.05	0.0452
binom	1	0.3	0.05	0.04
binom	1	0.4	0.05	0.0408
binom	1	0.5	0.05	0.0402
binom	1	0.6	0.05	0.0356
binom	1	0.7	0.05	0.0344
binom	1	0.8	0.05	0.0326
binom	1	0.9	0.05	0.0224
binom	1	1	0.05	0.0274
binom	1	0	0.1	0.0942
binom	1	0.1	0.1	0.0896
binom	1	0.2	0.1	0.0898
binom	1	0.3	0.1	0.0818
binom	1	0.4	0.1	0.0816
binom	1	0.5	0.1	0.0756
binom	1	0.6	0.1	0.0722
binom	1	0.7	0.1	0.0674
binom	1	0.8	0.1	0.0612
binom	1	0.9	0.1	0.055
binom	1	1	0.1	0.0456
binom	1	0	0.2	0.1642
binom	1	0.1	0.2	0.16
binom	1	0.2	0.2	0.1582
binom	1	0.3	0.2	0.1544
binom	1	0.4	0.2	0.1442
binom	1	0.5	0.2	0.1474
binom	1	0.6	0.2	0.1288
binom	1	0.7	0.2	0.122
binom	1	0.8	0.2	0.1194
binom	1	0.9	0.2	0.0992
binom	1	1	0.2	0.1052
