binom	1	0	0	0.0098
binom	1	0.1	0	0.0118
binom	1	0.2	0	0.0092
binom	1	0.3	0	0.011
binom	1	0.4	0	0.0112
binom	1	0.5	0	0.0084
binom	1	0.6	0	0.0124
binom	1	0.7	0	0.0092
binom	1	0.8	0	0.0086
binom	1	0.9	0	0.0072
binom	1	1	0	0.007
binom	1	0	0.05	0.047
binom	1	0.1	0.05	0.0464
binom	1	0.2	0.05	0.0448
binom	1	0.3	0.05	0.0438
binom	1	0.4	0.05	0.043
binom	1	0.5	0.05	0.0392
binom	1	0.6	0.05	0.034
binom	1	0.7	0.05	0.031
binom	1	0.8	0.05	0.0256
binom	1	0.9	0.05	0.0314
binom	1	1	0.05	0.0274
binom	1	0	0.1	0.0874
binom	1	0.1	0.1	0.0982
binom	1	0.2	0.1	0.0882
binom	1	0.3	0.1	0.0952
binom	1	0.4	0.1	0.0802
binom	1	0.5	0.1	0.0868
binom	1	0.6	0.1	0.072
binom	1	0.7	0.1	0.0638
binom	1	0.8	0.1	0.0568
binom	1	0.9	0.1	0.0554
binom	1	1	0.1	0.0484
binom	1	0	0.2	0.1644
binom	1	0.1	0.2	0.169
binom	1	0.2	0.2	0.1598
binom	1	0.3	0.2	0.16
binom	1	0.4	0.2	0.1416
binom	1	0.5	0.2	0.14
binom	1	0.6	0.2	0.1504
binom	1	0.7	0.2	0.1234
binom	1	0.8	0.2	0.1192
binom	1	0.9	0.2	0.1102
binom	1	1	0.2	0.0964
