binom	1	0	0.01	0.0162	0.499753
binom	1	0.01	0.01	0.0163	0.499098
binom	1	0.02	0.01	0.01634	0.503886
binom	1	0.03	0.01	0.01672	0.503583
binom	1	0.05	0.01	0.01571	0.507352
binom	1	0.07	0.01	0.01763	0.509728
binom	1	0.08	0.01	0.01623	0.508096
binom	1	0.1	0.01	0.01622	0.514365
binom	1	0.2	0.01	0.01601	0.527202
binom	1	0.3	0.01	0.01533	0.541944
binom	1	0.4	0.01	0.01552	0.558544
binom	1	0.5	0.01	0.01497	0.572899
binom	1	0.6	0.01	0.01388	0.588797
binom	1	0.7	0.01	0.01332	0.599474
binom	1	0.8	0.01	0.01211	0.616334
binom	1	0.9	0.01	0.01126	0.632291
