binom	1	0	0.01	0.01599	0.499137
binom	1	0.01	0.01	0.01621	0.500395
binom	1	0.02	0.01	0.01597	0.504446
binom	1	0.03	0.01	0.01602	0.502434
binom	1	0.05	0.01	0.01586	0.505366
binom	1	0.07	0.01	0.01604	0.508491
binom	1	0.08	0.01	0.01656	0.510821
binom	1	0.1	0.01	0.01609	0.509913
binom	1	0.2	0.01	0.0158	0.522475
binom	1	0.3	0.01	0.01626	0.534299
binom	1	0.4	0.01	0.01465	0.545502
binom	1	0.5	0.01	0.0143	0.555559
binom	1	0.6	0.01	0.01405	0.563843
binom	1	0.7	0.01	0.0134	0.577142
binom	1	0.8	0.01	0.01206	0.588491
binom	1	0.9	0.01	0.01222	0.5973
