binom	1	0	0.01	0.01616	0.499635
binom	1	0.01	0.01	0.01585	0.501773
binom	1	0.02	0.01	0.01532	0.502644
binom	1	0.03	0.01	0.01551	0.506512
binom	1	0.05	0.01	0.01645	0.510413
binom	1	0.07	0.01	0.01616	0.51177
binom	1	0.08	0.01	0.01585	0.515893
binom	1	0.1	0.01	0.01578	0.52045
binom	1	0.2	0.01	0.01544	0.539035
binom	1	0.3	0.01	0.01478	0.561583
binom	1	0.4	0.01	0.01417	0.582159
binom	1	0.5	0.01	0.01345	0.60171
binom	1	0.6	0.01	0.01285	0.618311
binom	1	0.7	0.01	0.01214	0.640074
binom	1	0.8	0.01	0.01209	0.660802
binom	1	0.9	0.01	0.01108	0.677518
