binom	1	0	0.01	0.0167	0.499
binom	1	0.01	0.01	0.01588	0.503105
binom	1	0.02	0.01	0.01602	0.503614
binom	1	0.03	0.01	0.01606	0.506519
binom	1	0.05	0.01	0.01579	0.508309
binom	1	0.07	0.01	0.01615	0.510588
binom	1	0.08	0.01	0.017	0.517029
binom	1	0.1	0.01	0.01631	0.519264
binom	1	0.2	0.01	0.01641	0.535966
binom	1	0.3	0.01	0.01591	0.552476
binom	1	0.4	0.01	0.01463	0.573383
binom	1	0.5	0.01	0.01371	0.59
binom	1	0.6	0.01	0.01379	0.60831
binom	1	0.7	0.01	0.01297	0.627209
binom	1	0.8	0.01	0.0121	0.642025
binom	1	0.9	0.01	0.01077	0.662721
