binom	1	0	0.01	0.01681	0.500523
binom	1	0.01	0.01	0.01722	0.502758
binom	1	0.02	0.01	0.01738	0.505593
binom	1	0.03	0.01	0.01749	0.50701
binom	1	0.05	0.01	0.01685	0.512018
binom	1	0.07	0.01	0.01724	0.519002
binom	1	0.08	0.01	0.01669	0.52133
binom	1	0.1	0.01	0.01809	0.524422
binom	1	0.2	0.01	0.01717	0.550856
binom	1	0.3	0.01	0.01608	0.575261
binom	1	0.4	0.01	0.01555	0.602296
binom	1	0.5	0.01	0.01384	0.625983
binom	1	0.6	0.01	0.01405	0.648135
binom	1	0.7	0.01	0.01223	0.676492
binom	1	0.8	0.01	0.01236	0.700097
binom	1	0.9	0.01	0.0119	0.72458
