binom	1	0	0.01	0.02213	0.501862
binom	1	0.01	0.01	0.02144	0.499804
binom	1	0.02	0.01	0.02154	0.502084
binom	1	0.03	0.01	0.02196	0.501544
binom	1	0.05	0.01	0.02189	0.503257
binom	1	0.07	0.01	0.02182	0.506622
binom	1	0.08	0.01	0.02168	0.508367
binom	1	0.1	0.01	0.02163	0.508484
binom	1	0.2	0.01	0.02054	0.516602
binom	1	0.3	0.01	0.02054	0.524172
binom	1	0.4	0.01	0.01996	0.529739
binom	1	0.5	0.01	0.01912	0.538802
binom	1	0.6	0.01	0.01815	0.547559
binom	1	0.7	0.01	0.01733	0.554691
binom	1	0.8	0.01	0.01631	0.56233
binom	1	0.9	0.01	0.0146	0.570178
