binom	1	0	0.01	0.02143	0.499813
binom	1	0.01	0.01	0.02064	0.503498
binom	1	0.02	0.01	0.02109	0.499606
binom	1	0.03	0.01	0.02119	0.504384
binom	1	0.05	0.01	0.02049	0.507096
binom	1	0.07	0.01	0.02008	0.511389
binom	1	0.08	0.01	0.0208	0.508817
binom	1	0.1	0.01	0.02159	0.511996
binom	1	0.2	0.01	0.01965	0.526015
binom	1	0.3	0.01	0.01981	0.539425
binom	1	0.4	0.01	0.0196	0.553143
binom	1	0.5	0.01	0.01834	0.567186
binom	1	0.6	0.01	0.01692	0.580461
binom	1	0.7	0.01	0.01609	0.595065
binom	1	0.8	0.01	0.01501	0.609667
binom	1	0.9	0.01	0.01457	0.628291
