binom	1	0	0.01	0.01791	0.498788
binom	1	0.01	0.01	0.01668	0.502284
binom	1	0.02	0.01	0.01711	0.502928
binom	1	0.03	0.01	0.01676	0.503663
binom	1	0.05	0.01	0.01744	0.509937
binom	1	0.07	0.01	0.01782	0.514052
binom	1	0.08	0.01	0.01721	0.515369
binom	1	0.1	0.01	0.01719	0.521152
binom	1	0.2	0.01	0.01668	0.539712
binom	1	0.3	0.01	0.01619	0.562712
binom	1	0.4	0.01	0.01574	0.58169
binom	1	0.5	0.01	0.01488	0.601593
binom	1	0.6	0.01	0.01394	0.623364
binom	1	0.7	0.01	0.013	0.639346
binom	1	0.8	0.01	0.01308	0.660986
binom	1	0.9	0.01	0.01238	0.680808
