binom	1	0	0.01	0.01702	0.496739
binom	1	0.01	0.01	0.01686	0.501661
binom	1	0.02	0.01	0.01695	0.505451
binom	1	0.03	0.01	0.01611	0.506431
binom	1	0.05	0.01	0.0166	0.507036
binom	1	0.07	0.01	0.01569	0.513448
binom	1	0.08	0.01	0.01738	0.513539
binom	1	0.1	0.01	0.01629	0.518226
binom	1	0.2	0.01	0.01592	0.53505
binom	1	0.3	0.01	0.01595	0.551705
binom	1	0.4	0.01	0.01506	0.569442
binom	1	0.5	0.01	0.01431	0.58559
binom	1	0.6	0.01	0.01352	0.602574
binom	1	0.7	0.01	0.01296	0.618179
binom	1	0.8	0.01	0.01193	0.635054
binom	1	0.9	0.01	0.01145	0.652227
