binom	1	0	0.01	0.01573	0.501176
binom	1	0.01	0.01	0.01554	0.502297
binom	1	0.02	0.01	0.016	0.503144
binom	1	0.03	0.01	0.01553	0.501056
binom	1	0.05	0.01	0.01601	0.502567
binom	1	0.07	0.01	0.01572	0.505051
binom	1	0.08	0.01	0.01546	0.504075
binom	1	0.1	0.01	0.01516	0.505158
binom	1	0.2	0.01	0.01526	0.511435
binom	1	0.3	0.01	0.01427	0.517786
binom	1	0.4	0.01	0.0148	0.525081
binom	1	0.5	0.01	0.01455	0.53077
binom	1	0.6	0.01	0.01387	0.534953
binom	1	0.7	0.01	0.01266	0.536406
binom	1	0.8	0.01	0.01222	0.538993
binom	1	0.9	0.01	0.01251	0.54287
