binom	1	0	0.01	0.01571	0.498351
binom	1	0.01	0.01	0.01591	0.50203
binom	1	0.02	0.01	0.01466	0.501569
binom	1	0.03	0.01	0.01621	0.502418
binom	1	0.05	0.01	0.01489	0.502069
binom	1	0.07	0.01	0.01646	0.502934
binom	1	0.08	0.01	0.01574	0.505216
binom	1	0.1	0.01	0.01551	0.506338
binom	1	0.2	0.01	0.01551	0.51265
binom	1	0.3	0.01	0.01555	0.517576
binom	1	0.4	0.01	0.01482	0.521323
binom	1	0.5	0.01	0.01401	0.528665
binom	1	0.6	0.01	0.01402	0.532026
binom	1	0.7	0.01	0.0136	0.537978
binom	1	0.8	0.01	0.01262	0.542916
binom	1	0.9	0.01	0.01255	0.545992
