binom	1	0	0.01	0.01722	0.499553
binom	1	0.01	0.01	0.01753	0.502396
binom	1	0.02	0.01	0.01728	0.504913
binom	1	0.03	0.01	0.0169	0.506604
binom	1	0.05	0.01	0.01743	0.509616
binom	1	0.07	0.01	0.01741	0.515841
binom	1	0.08	0.01	0.01745	0.516751
binom	1	0.1	0.01	0.01647	0.521615
binom	1	0.2	0.01	0.01639	0.542746
binom	1	0.3	0.01	0.0159	0.564497
binom	1	0.4	0.01	0.01577	0.588928
binom	1	0.5	0.01	0.01532	0.608388
binom	1	0.6	0.01	0.0138	0.629377
binom	1	0.7	0.01	0.01353	0.649135
binom	1	0.8	0.01	0.01232	0.670844
binom	1	0.9	0.01	0.01166	0.693491
