binom	1	0	0.01	0.01525	0.498046
binom	1	0.01	0.01	0.01585	0.498479
binom	1	0.02	0.01	0.01574	0.500794
binom	1	0.03	0.01	0.01613	0.501965
binom	1	0.05	0.01	0.01589	0.503442
binom	1	0.07	0.01	0.01619	0.503786
binom	1	0.08	0.01	0.01506	0.504509
binom	1	0.1	0.01	0.01493	0.507883
binom	1	0.2	0.01	0.01531	0.512071
binom	1	0.3	0.01	0.01496	0.517106
binom	1	0.4	0.01	0.0143	0.523594
binom	1	0.5	0.01	0.01414	0.527631
binom	1	0.6	0.01	0.01379	0.531668
binom	1	0.7	0.01	0.01317	0.535771
binom	1	0.8	0.01	0.01279	0.538788
binom	1	0.9	0.01	0.0121	0.546058
