binom	1	0	0.2	0.16946	0.500402
binom	1	0.01	0.2	0.169	0.50033
binom	1	0.02	0.2	0.16875	0.501899
binom	1	0.03	0.2	0.16872	0.503336
binom	1	0.05	0.2	0.16894	0.504903
binom	1	0.07	0.2	0.16879	0.507101
binom	1	0.08	0.2	0.17085	0.507533
binom	1	0.1	0.2	0.1682	0.509706
binom	1	0.2	0.2	0.1632	0.520706
binom	1	0.3	0.2	0.15938	0.530557
binom	1	0.4	0.2	0.15254	0.54118
binom	1	0.5	0.2	0.14497	0.551373
binom	1	0.6	0.2	0.13798	0.562727
binom	1	0.7	0.2	0.12931	0.573591
binom	1	0.8	0.2	0.11888	0.585389
binom	1	0.9	0.2	0.10853	0.595994
