binom	1	0	0.2	0.17103	0.499798
binom	1	0.01	0.2	0.1683	0.500374
binom	1	0.02	0.2	0.16997	0.50158
binom	1	0.03	0.2	0.16708	0.501874
binom	1	0.05	0.2	0.16697	0.504365
binom	1	0.07	0.2	0.16747	0.506178
binom	1	0.08	0.2	0.16754	0.507435
binom	1	0.1	0.2	0.1674	0.508483
binom	1	0.2	0.2	0.16453	0.517542
binom	1	0.3	0.2	0.1619	0.526229
binom	1	0.4	0.2	0.15762	0.535938
binom	1	0.5	0.2	0.14642	0.544816
binom	1	0.6	0.2	0.14044	0.553823
binom	1	0.7	0.2	0.13083	0.562619
binom	1	0.8	0.2	0.12051	0.571981
binom	1	0.9	0.2	0.10902	0.581592
