binom	1	0	0.2	0.17358	0.500832
binom	1	0.01	0.2	0.17026	0.500016
binom	1	0.02	0.2	0.17033	0.501454
binom	1	0.03	0.2	0.16905	0.502161
binom	1	0.05	0.2	0.16678	0.503831
binom	1	0.07	0.2	0.16876	0.504892
binom	1	0.08	0.2	0.16744	0.505138
binom	1	0.1	0.2	0.16849	0.506942
binom	1	0.2	0.2	0.16725	0.513474
binom	1	0.3	0.2	0.16121	0.519897
binom	1	0.4	0.2	0.15704	0.527019
binom	1	0.5	0.2	0.14733	0.534608
binom	1	0.6	0.2	0.13812	0.54148
binom	1	0.7	0.2	0.13004	0.547845
binom	1	0.8	0.2	0.11912	0.554561
binom	1	0.9	0.2	0.11059	0.562659
