binom	1	0	0.05	0.05438	0.500936
binom	1	0.01	0.05	0.05509	0.501788
binom	1	0.02	0.05	0.0542	0.501812
binom	1	0.03	0.05	0.05363	0.503921
binom	1	0.05	0.05	0.05335	0.506868
binom	1	0.07	0.05	0.0528	0.510091
binom	1	0.08	0.05	0.054	0.511878
binom	1	0.1	0.05	0.05282	0.514474
binom	1	0.2	0.05	0.0518	0.527739
binom	1	0.3	0.05	0.05072	0.54025
binom	1	0.4	0.05	0.04754	0.554535
binom	1	0.5	0.05	0.04427	0.569255
binom	1	0.6	0.05	0.04048	0.583246
binom	1	0.7	0.05	0.03786	0.597742
binom	1	0.8	0.05	0.03566	0.611663
binom	1	0.9	0.05	0.03165	0.627507
