binom	1	0	0.05	0.05109	0.500716
binom	1	0.01	0.05	0.05171	0.501526
binom	1	0.02	0.05	0.05141	0.502079
binom	1	0.03	0.05	0.05185	0.503745
binom	1	0.05	0.05	0.05088	0.505442
binom	1	0.07	0.05	0.05143	0.507634
binom	1	0.08	0.05	0.05127	0.508061
binom	1	0.1	0.05	0.05053	0.509858
binom	1	0.2	0.05	0.04927	0.521366
binom	1	0.3	0.05	0.04701	0.529619
binom	1	0.4	0.05	0.0449	0.540971
binom	1	0.5	0.05	0.04244	0.551192
binom	1	0.6	0.05	0.03981	0.56108
binom	1	0.7	0.05	0.03664	0.57083
binom	1	0.8	0.05	0.03308	0.581865
binom	1	0.9	0.05	0.03081	0.591279
