binom	1	0	0.05	0.05093	0.500475
binom	1	0.01	0.05	0.05157	0.501811
binom	1	0.02	0.05	0.05123	0.501296
binom	1	0.03	0.05	0.05115	0.503105
binom	1	0.05	0.05	0.05129	0.504092
binom	1	0.07	0.05	0.05151	0.506632
binom	1	0.08	0.05	0.0513	0.508632
binom	1	0.1	0.05	0.05109	0.509855
binom	1	0.2	0.05	0.04929	0.519541
binom	1	0.3	0.05	0.04816	0.530222
binom	1	0.4	0.05	0.04544	0.539476
binom	1	0.5	0.05	0.04221	0.549794
binom	1	0.6	0.05	0.03859	0.559876
binom	1	0.7	0.05	0.03498	0.568439
binom	1	0.8	0.05	0.03342	0.579114
binom	1	0.9	0.05	0.03082	0.589315
