binom	1	0	0.05	0.05251	0.500771
binom	1	0.01	0.05	0.05167	0.501846
binom	1	0.02	0.05	0.05148	0.500585
binom	1	0.03	0.05	0.05168	0.503011
binom	1	0.05	0.05	0.05097	0.505077
binom	1	0.07	0.05	0.05124	0.505347
binom	1	0.08	0.05	0.05177	0.50645
binom	1	0.1	0.05	0.05279	0.509492
binom	1	0.2	0.05	0.04964	0.519341
binom	1	0.3	0.05	0.04768	0.529696
binom	1	0.4	0.05	0.04657	0.539637
binom	1	0.5	0.05	0.04283	0.548174
binom	1	0.6	0.05	0.0393	0.55786
binom	1	0.7	0.05	0.03632	0.568505
binom	1	0.8	0.05	0.03346	0.577974
binom	1	0.9	0.05	0.0318	0.586928
