binom	1	0	0.05	0.04894	0.500233
binom	1	0.01	0.05	0.04999	0.499306
binom	1	0.02	0.05	0.04965	0.501863
binom	1	0.03	0.05	0.04914	0.501685
binom	1	0.05	0.05	0.04874	0.50454
binom	1	0.07	0.05	0.04958	0.506551
binom	1	0.08	0.05	0.04871	0.505933
binom	1	0.1	0.05	0.04975	0.509387
binom	1	0.2	0.05	0.04856	0.516061
binom	1	0.3	0.05	0.04712	0.524378
binom	1	0.4	0.05	0.0452	0.532847
binom	1	0.5	0.05	0.04113	0.539453
binom	1	0.6	0.05	0.03805	0.5482
binom	1	0.7	0.05	0.03659	0.555122
binom	1	0.8	0.05	0.033	0.563227
binom	1	0.9	0.05	0.0302	0.569788
