binom	1	0	0.05	0.04954	0.499368
binom	1	0.01	0.05	0.04993	0.501768
binom	1	0.02	0.05	0.04881	0.503893
binom	1	0.03	0.05	0.04871	0.506898
binom	1	0.05	0.05	0.04941	0.510148
binom	1	0.07	0.05	0.04857	0.513457
binom	1	0.08	0.05	0.0491	0.515794
binom	1	0.1	0.05	0.04924	0.520073
binom	1	0.2	0.05	0.04712	0.537893
binom	1	0.3	0.05	0.04586	0.558195
binom	1	0.4	0.05	0.04413	0.576719
binom	1	0.5	0.05	0.04042	0.596596
binom	1	0.6	0.05	0.03725	0.615093
binom	1	0.7	0.05	0.03636	0.633581
binom	1	0.8	0.05	0.03167	0.653467
binom	1	0.9	0.05	0.02812	0.671846
