binom	1	0	0.2	0.25319	0.499799
binom	1	0.01	0.2	0.25532	0.500854
binom	1	0.02	0.2	0.25508	0.501926
binom	1	0.03	0.2	0.25436	0.50369
binom	1	0.05	0.2	0.25529	0.505758
binom	1	0.07	0.2	0.25473	0.508689
binom	1	0.08	0.2	0.25598	0.509393
binom	1	0.1	0.2	0.25363	0.511176
binom	1	0.2	0.2	0.24868	0.522295
binom	1	0.3	0.2	0.24297	0.534544
binom	1	0.4	0.2	0.23794	0.546417
binom	1	0.5	0.2	0.2239	0.559131
binom	1	0.6	0.2	0.21281	0.570937
binom	1	0.7	0.2	0.19974	0.584539
binom	1	0.8	0.2	0.18558	0.59807
binom	1	0.9	0.2	0.17233	0.611857
