binom	1	0	0.05	0.05546	0.500211
binom	1	0.01	0.05	0.05431	0.501212
binom	1	0.02	0.05	0.05586	0.503969
binom	1	0.03	0.05	0.05543	0.506556
binom	1	0.05	0.05	0.05592	0.510547
binom	1	0.07	0.05	0.05404	0.513155
binom	1	0.08	0.05	0.05482	0.515483
binom	1	0.1	0.05	0.05441	0.51946
binom	1	0.2	0.05	0.05365	0.538837
binom	1	0.3	0.05	0.05119	0.5584
binom	1	0.4	0.05	0.04961	0.578256
binom	1	0.5	0.05	0.04616	0.598312
binom	1	0.6	0.05	0.04248	0.618757
binom	1	0.7	0.05	0.03824	0.638496
binom	1	0.8	0.05	0.03524	0.659081
binom	1	0.9	0.05	0.03184	0.679187
