binom	1	0	0.2	0.16581	0.499312
binom	1	0.01	0.2	0.16594	0.499859
binom	1	0.02	0.2	0.16805	0.500195
binom	1	0.03	0.2	0.16693	0.501523
binom	1	0.05	0.2	0.16632	0.500643
binom	1	0.07	0.2	0.16824	0.50194
binom	1	0.08	0.2	0.16384	0.502208
binom	1	0.1	0.2	0.1623	0.502995
binom	1	0.2	0.2	0.16276	0.506134
binom	1	0.3	0.2	0.15698	0.508777
binom	1	0.4	0.2	0.15189	0.511551
binom	1	0.5	0.2	0.14452	0.513632
binom	1	0.6	0.2	0.13552	0.517532
binom	1	0.7	0.2	0.1274	0.519571
binom	1	0.8	0.2	0.12004	0.52332
binom	1	0.9	0.2	0.10859	0.525296
