binom	1	0	0.2	0.16238	0.500305
binom	1	0.01	0.2	0.16449	0.500278
binom	1	0.02	0.2	0.1661	0.500262
binom	1	0.03	0.2	0.16404	0.500849
binom	1	0.05	0.2	0.16523	0.501845
binom	1	0.07	0.2	0.16611	0.501565
binom	1	0.08	0.2	0.1621	0.502394
binom	1	0.1	0.2	0.16405	0.502308
binom	1	0.2	0.2	0.16038	0.506467
binom	1	0.3	0.2	0.15729	0.508974
binom	1	0.4	0.2	0.1518	0.51185
binom	1	0.5	0.2	0.14365	0.515158
binom	1	0.6	0.2	0.13577	0.517866
binom	1	0.7	0.2	0.1265	0.520612
binom	1	0.8	0.2	0.11899	0.52431
binom	1	0.9	0.2	0.10755	0.526246
