binom	1	0	0.2	0.16655	0.500133
binom	1	0.01	0.2	0.16765	0.500428
binom	1	0.02	0.2	0.16591	0.500653
binom	1	0.03	0.2	0.16391	0.500404
binom	1	0.05	0.2	0.16513	0.501845
binom	1	0.07	0.2	0.16609	0.501929
binom	1	0.08	0.2	0.16412	0.501837
binom	1	0.1	0.2	0.16464	0.502555
binom	1	0.2	0.2	0.16333	0.506524
binom	1	0.3	0.2	0.15662	0.509787
binom	1	0.4	0.2	0.15055	0.511495
binom	1	0.5	0.2	0.14547	0.515098
binom	1	0.6	0.2	0.13635	0.517692
binom	1	0.7	0.2	0.12737	0.51983
binom	1	0.8	0.2	0.11668	0.522647
binom	1	0.9	0.2	0.10802	0.52534
