binom	1	0	0.2	0.16544	0.499908
binom	1	0.01	0.2	0.16433	0.499804
binom	1	0.02	0.2	0.1642	0.500603
binom	1	0.03	0.2	0.16672	0.500815
binom	1	0.05	0.2	0.16559	0.502368
binom	1	0.07	0.2	0.16277	0.502796
binom	1	0.08	0.2	0.16465	0.502771
binom	1	0.1	0.2	0.16471	0.502736
binom	1	0.2	0.2	0.16217	0.505315
binom	1	0.3	0.2	0.1567	0.508849
binom	1	0.4	0.2	0.15052	0.511633
binom	1	0.5	0.2	0.14239	0.514679
binom	1	0.6	0.2	0.13415	0.517363
binom	1	0.7	0.2	0.12739	0.520559
binom	1	0.8	0.2	0.11627	0.522912
binom	1	0.9	0.2	0.10905	0.52545
