binom	1	0	0.2	0.16259	0.500081
binom	1	0.01	0.2	0.16329	0.502074
binom	1	0.02	0.2	0.16096	0.501589
binom	1	0.03	0.2	0.16441	0.503488
binom	1	0.05	0.2	0.16457	0.504728
binom	1	0.07	0.2	0.16287	0.507544
binom	1	0.08	0.2	0.16355	0.508341
binom	1	0.1	0.2	0.16139	0.510727
binom	1	0.2	0.2	0.16071	0.521473
binom	1	0.3	0.2	0.15274	0.532368
binom	1	0.4	0.2	0.14824	0.543921
binom	1	0.5	0.2	0.14037	0.555576
binom	1	0.6	0.2	0.13428	0.566524
binom	1	0.7	0.2	0.12182	0.578362
binom	1	0.8	0.2	0.11338	0.590191
binom	1	0.9	0.2	0.10333	0.602583
