binom	1	0	0.2	0.16594	0.499438
binom	1	0.01	0.2	0.16485	0.50168
binom	1	0.02	0.2	0.16426	0.502871
binom	1	0.03	0.2	0.16521	0.504232
binom	1	0.05	0.2	0.16727	0.506519
binom	1	0.07	0.2	0.16669	0.508333
binom	1	0.08	0.2	0.16391	0.509671
binom	1	0.1	0.2	0.16456	0.512233
binom	1	0.2	0.2	0.16393	0.524459
binom	1	0.3	0.2	0.15769	0.536326
binom	1	0.4	0.2	0.15162	0.549082
binom	1	0.5	0.2	0.14315	0.561194
binom	1	0.6	0.2	0.13482	0.574277
binom	1	0.7	0.2	0.12552	0.588019
binom	1	0.8	0.2	0.11457	0.60209
binom	1	0.9	0.2	0.11021	0.616662
