binom	1	0	0.2	0.16219	0.500862
binom	1	0.01	0.2	0.16406	0.50183
binom	1	0.02	0.2	0.16324	0.504491
binom	1	0.03	0.2	0.1647	0.507062
binom	1	0.05	0.2	0.16517	0.511247
binom	1	0.07	0.2	0.16462	0.515153
binom	1	0.08	0.2	0.16419	0.517792
binom	1	0.1	0.2	0.16243	0.52298
binom	1	0.2	0.2	0.16035	0.544206
binom	1	0.3	0.2	0.15519	0.567232
binom	1	0.4	0.2	0.14964	0.590497
binom	1	0.5	0.2	0.14073	0.613274
binom	1	0.6	0.2	0.1341	0.637004
binom	1	0.7	0.2	0.12265	0.66141
binom	1	0.8	0.2	0.11312	0.686215
binom	1	0.9	0.2	0.10514	0.71066
