binom	1	0	0.05	0.05599	0.499543
binom	1	0.01	0.05	0.05673	0.501287
binom	1	0.02	0.05	0.05689	0.50486
binom	1	0.03	0.05	0.05707	0.505288
binom	1	0.05	0.05	0.05598	0.509296
binom	1	0.07	0.05	0.05615	0.513881
binom	1	0.08	0.05	0.05451	0.514786
binom	1	0.1	0.05	0.05588	0.518295
binom	1	0.2	0.05	0.05567	0.538547
binom	1	0.3	0.05	0.05363	0.557846
binom	1	0.4	0.05	0.05098	0.576964
binom	1	0.5	0.05	0.04782	0.596033
binom	1	0.6	0.05	0.04505	0.618386
binom	1	0.7	0.05	0.04008	0.636599
binom	1	0.8	0.05	0.03754	0.655852
binom	1	0.9	0.05	0.0335	0.676457
