0 21
0 34
0 58
0 61
1 20
1 22
1 33
1 43
2 54
2 76
2 80
3 59
3 66
3 94
4 5
4 84
4 89
5 18
5 21
5 46
5 76
5 93
6 42
6 48
6 72
7 12
7 16
7 56
7 76
8 16
8 33
8 40
8 61
8 81
9 53
9 75
10 20
10 26
10 36
10 83
11 33
11 45
11 74
11 85
12 94
12 96
13 24
13 27
13 37
13 85
14 76
14 94
15 68
16 40
16 57
16 67
16 73
16 95
17 58
17 63
18 29
18 49
18 58
19 46
20 70
20 87
20 99
21 31
21 86
22 82
22 89
23 51
24 67
24 88
25 76
25 86
26 34
26 89
27 40
27 66
28 46
28 79
29 33
29 50
29 62
30 64
30 83
31 72
31 86
32 38
32 41
32 74
35 40
36 68
36 82
37 49
37 96
38 45
38 66
38 79
38 93
39 65
39 71
40 52
40 91
41 67
41 78
41 98
42 76
42 86
42 93
42 99
43 60
44 63
44 85
44 93
44 94
44 95
45 62
45 70
45 78
46 50
46 77
46 86
47 75
48 86
49 51
49 74
50 64
50 75
51 71
51 87
51 96
52 53
53 86
54 92
55 63
55 64
57 63
57 94
58 64
58 79
58 84
58 92
60 75
61 76
62 79
64 99
65 78
66 68
67 73
68 77
68 97
68 99
69 79
69 90
70 75
72 92
73 92
75 77
75 92
81 87
81 92
81 94
82 91
82 92
85 91
86 94
87 96
88 91
94 98
