0 7
0 8
0 10
0 12
0 13
0 16
0 17
0 20
0 35
0 37
0 44
0 75
0 77
0 89
0 91
0 96
1 7
1 8
1 11
1 27
1 59
2 7
2 8
2 9
2 38
2 43
2 63
2 65
2 69
3 7
3 8
3 9
3 10
3 15
3 19
3 23
3 29
3 31
3 36
3 37
3 38
3 41
3 43
3 44
3 50
3 54
3 56
3 66
3 67
3 73
3 93
4 7
4 8
4 9
4 10
4 11
4 15
4 16
4 20
4 25
4 44
4 45
4 54
4 57
4 61
4 71
4 75
4 79
4 82
4 97
4 98
5 7
5 9
5 12
5 18
5 21
5 27
5 38
5 66
6 7
6 8
6 9
6 10
6 11
6 12
6 13
6 14
6 15
6 16
6 21
6 22
6 23
6 27
6 28
6 36
6 39
6 42
6 61
6 64
6 70
6 72
6 82
6 92
6 96
7 8
7 9
7 10
7 11
7 12
7 13
7 14
7 15
7 16
7 17
7 18
7 21
7 23
7 26
7 28
7 30
7 39
7 41
7 45
7 47
7 48
7 53
7 56
7 60
7 65
7 67
7 70
7 75
7 77
7 84
7 90
7 91
7 93
7 95
7 99
8 9
8 10
8 11
8 12
8 13
8 14
8 16
8 18
8 19
8 20
8 21
8 24
8 25
8 26
8 27
8 28
8 29
8 30
8 31
8 32
8 34
8 36
8 41
8 45
8 46
8 47
8 48
8 49
8 50
8 51
8 54
8 60
8 65
8 69
8 75
8 78
8 83
8 88
8 89
8 92
8 93
8 94
9 10
9 11
9 12
9 13
9 14
9 17
9 18
9 20
9 22
9 23
9 24
9 25
9 28
9 29
9 33
9 34
9 38
9 42
9 48
9 51
9 52
9 53
9 66
9 67
9 70
9 71
9 74
9 85
9 86
9 87
9 89
9 94
9 99
10 11
10 13
10 14
10 15
10 16
10 18
10 19
10 27
10 31
10 35
10 37
10 43
10 46
10 49
10 51
10 55
10 58
10 62
10 73
10 76
10 82
10 86
10 88
10 98
11 12
11 13
11 14
11 17
11 18
11 19
11 22
11 25
11 26
11 27
11 29
11 30
11 32
11 37
11 40
11 41
11 43
11 45
11 48
11 56
11 57
11 61
11 74
11 80
11 84
11 85
11 86
11 88
11 89
11 92
12 14
12 15
12 17
12 22
12 23
12 24
12 28
12 29
12 32
12 35
12 42
12 43
12 62
12 64
12 74
12 77
12 78
12 80
12 84
13 15
13 16
13 17
13 19
13 20
13 24
13 26
13 31
13 37
13 46
13 48
13 58
13 59
13 66
13 72
13 76
13 78
13 81
13 87
14 20
14 21
14 27
14 39
14 40
14 46
14 59
14 83
14 84
14 85
14 90
15 18
15 20
15 22
15 24
15 30
15 32
15 33
15 34
15 35
15 39
15 40
15 41
15 42
15 44
15 51
15 55
15 60
15 63
15 66
15 97
15 99
16 17
16 19
16 22
16 23
16 26
16 28
16 33
16 40
16 44
16 51
16 54
16 56
16 63
16 67
16 72
16 79
16 81
16 98
17 23
17 29
17 32
17 38
17 39
17 47
17 57
17 58
17 62
17 65
17 67
17 68
17 75
17 80
17 84
17 93
17 94
17 98
18 19
18 25
18 30
18 34
18 35
18 38
18 40
18 42
18 52
18 55
18 60
18 66
18 77
18 79
18 82
18 91
18 92
18 94
19 21
19 26
19 32
19 50
19 54
19 65
19 70
19 74
19 84
19 88
19 96
20 21
20 29
20 36
20 49
20 50
20 57
20 58
20 62
20 68
20 73
20 76
20 77
20 78
20 94
21 22
21 42
21 58
21 63
21 68
21 71
21 76
21 89
21 95
22 24
22 25
22 26
22 34
22 37
22 41
22 46
22 50
22 66
22 72
22 80
22 90
23 24
23 30
23 35
23 46
23 49
23 53
23 55
23 56
23 79
24 25
24 31
24 37
24 40
24 61
24 83
25 31
25 33
25 42
25 45
25 46
25 47
25 53
26 30
26 55
26 60
26 69
26 86
26 93
27 28
27 32
27 36
27 50
27 52
27 62
27 74
27 85
28 33
28 39
28 48
28 54
28 56
28 91
29 31
29 33
29 34
29 43
29 50
29 56
29 69
29 79
30 44
30 49
30 51
30 52
30 59
30 62
30 63
30 71
30 88
30 99
31 33
31 35
31 36
31 38
31 41
31 52
31 61
31 67
31 70
31 76
31 81
32 34
32 57
32 70
32 83
32 95
33 47
33 52
33 60
33 63
34 58
34 69
34 88
34 97
35 36
35 49
35 77
35 93
35 99
36 40
36 53
36 55
36 74
37 39
37 43
37 45
37 72
37 76
37 80
37 82
37 87
37 95
38 79
38 89
39 45
39 57
39 73
39 75
39 83
40 48
40 53
40 81
41 47
41 58
41 60
41 64
41 91
41 92
42 44
42 59
42 96
43 64
43 75
43 92
44 47
44 52
44 53
44 54
44 59
44 61
44 86
45 73
47 49
47 51
47 97
48 64
48 96
49 64
49 68
51 61
52 55
52 59
52 64
52 65
52 71
52 76
52 81
52 82
52 87
53 69
53 70
53 77
53 80
53 84
53 90
54 57
54 74
55 63
55 81
55 96
56 68
56 72
57 68
57 78
57 82
57 88
57 94
57 96
58 67
58 71
58 83
58 85
58 90
58 91
59 73
59 97
60 62
60 79
62 65
63 69
63 86
64 68
64 72
64 78
64 80
64 87
64 98
65 73
68 71
68 78
68 85
68 93
68 95
72 90
73 95
74 97
76 83
76 85
76 87
76 95
77 81
77 89
81 91
83 92
83 98
84 86
84 87
87 90
90 94
90 97
94 98
95 99
98 99
