0 1
0 2
0 3
0 4
0 5
0 6
0 7
0 8
0 9
0 10
0 11
0 12
0 13
0 14
0 15
0 16
0 17
0 18
0 19
0 20
0 21
0 22
0 23
0 24
0 25
0 26
0 27
0 28
0 29
0 30
0 31
0 32
0 33
0 34
0 35
0 36
0 37
0 38
0 39
0 40
0 41
0 42
0 43
0 44
0 45
0 46
0 47
0 48
0 49
0 50
0 51
0 52
0 53
0 54
0 55
0 56
0 57
0 58
0 59
0 60
0 61
0 62
0 63
0 64
0 65
0 66
0 67
0 68
0 69
0 70
0 71
0 72
0 73
0 74
0 75
0 76
0 77
0 78
0 79
0 80
0 81
0 82
0 83
0 84
0 85
0 86
0 87
0 88
0 89
0 90
0 91
0 92
0 93
0 94
0 95
0 96
0 97
0 98
0 99
1 93
2 83
2 5
3 48
3 42
4 18
5 88
7 82
7 72
8 22
8 69
8 31
10 17
10 70
10 59
10 71
10 21
12 63
12 81
13 90
13 48
13 85
13 84
14 54
14 42
15 83
15 69
15 28
16 52
18 51
18 28
19 22
19 84
20 87
20 98
20 72
20 79
24 41
25 89
25 32
26 30
26 99
26 78
27 29
28 32
28 84
29 75
29 84
31 93
31 37
31 76
32 40
32 57
32 39
32 98
33 62
33 75
35 52
35 47
36 93
37 79
38 82
39 79
39 88
39 95
43 97
44 97
45 64
45 89
46 59
46 70
47 95
47 87
47 61
48 86
48 54
50 51
50 52
51 59
51 66
51 88
52 56
55 64
56 77
57 88
59 83
60 67
61 94
62 89
62 86
64 75
65 86
71 77
75 94
76 85
76 99
77 87
81 82
86 88
91 92
