0 5
0 93
0 70
0 60
0 37
0 73
0 7
0 82
0 95
0 85
0 52
0 29
0 42
0 87
0 64
0 41
0 54
0 31
0 96
0 63
0 53
0 20
0 33
0 10
0 98
0 75
0 55
0 2
0 47
0 1
0 89
0 56
0 59
0 26
0 3
0 16
0 91
0 81
0 48
1 57
1 70
1 47
1 37
1 92
1 82
1 59
1 26
1 3
1 39
1 16
1 81
1 48
1 51
1 5
1 93
1 60
1 96
1 73
1 63
1 7
1 20
1 95
1 85
1 62
1 75
1 52
1 29
1 42
1 9
1 97
1 87
1 64
1 41
1 77
1 31
1 86
1 53
1 56
1 33
1 10
1 13
1 98
1 91
1 2
2 7
2 95
2 85
2 52
2 29
2 42
2 51
2 87
2 64
2 41
2 54
2 31
2 96
2 86
2 63
2 53
2 20
2 56
2 33
2 10
2 98
2 55
2 32
2 77
2 80
2 57
2 47
2 37
2 89
2 82
2 59
2 36
2 13
2 26
2 3
2 16
2 91
2 81
2 58
2 48
2 25
2 15
2 5
2 93
2 70
2 83
2 60
2 73
3 5
3 93
3 70
3 73
3 63
3 95
3 85
3 62
3 39
3 75
3 52
3 29
3 42
3 9
3 97
3 51
3 87
3 41
3 31
3 96
3 86
3 20
3 56
3 33
3 98
3 77
3 57
3 47
3 37
3 92
3 82
3 59
3 13
3 26
3 16
3 91
3 81
3 71
3 48
4 96
4 86
4 76
4 53
4 30
4 43
4 20
4 33
4 88
4 65
4 78
4 55
4 32
4 45
4 35
4 12
4 90
4 67
4 44
4 80
4 11
4 47
4 14
4 89
4 79
4 69
4 46
4 23
4 59
4 36
4 68
4 81
4 58
4 48
4 25
4 61
4 38
4 15
4 28
4 70
4 83
4 60
4 37
4 50
4 27
4 17
4 82
4 95
4 72
4 49
4 29
4 19
4 94
4 84
4 74
4 51
4 64
4 18
4 54
4 31
4 8
4 21
5 60
5 96
5 73
5 7
5 95
5 52
5 29
5 42
5 64
5 41
5 54
5 31
5 53
5 89
5 56
5 10
5 98
5 55
5 70
5 47
5 37
5 59
5 26
5 16
5 91
5 81
5 48
5 93
6 61
6 38
6 51
6 40
6 17
6 30
6 72
6 19
6 74
6 8
6 44
6 21
6 99
6 66
6 43
6 46
6 13
6 88
6 78
6 68
6 22
6 35
6 67
6 34
6 24
6 14
6 94
7 96
7 53
7 56
7 10
7 98
7 55
7 47
7 37
7 89
7 59
7 26
7 16
7 91
7 48
7 93
7 70
7 60
7 73
7 52
7 29
7 42
7 64
7 41
7 54
7 31
8 84
8 74
8 51
8 87
8 31
8 44
8 21
8 11
8 96
8 86
8 99
8 76
8 53
8 66
8 43
8 20
8 33
8 88
8 65
8 78
8 55
8 32
8 68
8 22
8 35
8 77
8 90
8 67
8 80
8 57
8 34
8 47
8 24
8 37
8 14
8 79
8 46
8 82
8 36
8 13
8 49
8 81
8 58
8 94
8 48
8 25
8 61
8 38
8 15
8 28
8 18
8 70
8 83
8 60
8 27
8 40
8 17
8 30
8 95
8 72
8 85
8 29
8 19
9 57
9 34
9 24
9 92
9 13
9 81
9 71
9 70
9 82
9 85
9 62
9 39
9 97
9 51
9 96
9 86
9 63
9 99
9 43
9 33
9 75
9 87
9 77
10 54
10 31
10 53
10 89
10 20
10 56
10 33
10 23
10 98
10 55
10 58
10 80
10 70
10 47
10 37
10 79
10 59
10 36
10 26
10 16
10 91
10 81
10 48
10 15
10 93
10 83
10 60
10 96
10 73
10 95
10 52
10 29
10 42
10 32
10 64
10 41
11 14
11 79
11 69
11 46
11 36
11 49
11 58
11 94
11 25
11 61
11 38
11 15
11 28
11 83
11 60
11 37
11 50
11 27
11 17
11 30
11 82
11 95
11 72
11 19
11 84
11 74
11 18
11 31
11 21
11 86
11 76
11 53
11 20
11 33
11 23
11 88
11 65
11 78
11 55
11 32
11 68
11 45
11 35
11 12
11 90
11 67
11 44
11 80
11 47
12 90
12 80
12 79
12 69
12 49
12 58
12 28
12 83
12 50
12 27
12 84
12 18
12 76
12 23
12 65
12 32
12 45
13 88
13 35
13 77
13 57
13 34
13 47
13 24
13 37
13 14
13 92
13 46
13 82
13 36
13 81
13 94
13 71
13 48
13 25
13 61
13 15
13 93
13 70
13 83
13 63
13 95
13 85
13 62
13 39
13 75
13 52
13 29
13 97
13 51
13 87
13 41
13 31
13 96
13 86
13 99
13 66
13 43
13 20
13 33
14 24
14 46
14 82
14 36
14 49
14 94
14 61
14 38
14 51
14 27
14 40
14 17
14 30
14 72
14 19
14 84
14 74
14 44
14 21
14 86
14 99
14 76
14 66
14 43
14 33
14 88
14 78
14 68
14 22
14 35
14 25
14 90
14 67
14 34
15 25
15 90
15 80
15 57
15 70
15 47
15 37
15 79
15 69
15 46
15 82
15 59
15 36
15 49
15 26
15 16
15 91
15 81
15 94
15 48
15 61
15 38
15 51
15 28
15 18
15 83
15 60
15 96
15 73
15 50
15 27
15 17
15 30
15 95
15 72
15 85
15 52
15 29
15 19
15 32
15 84
15 87
15 64
15 41
15 77
15 54
15 31
15 86
15 76
15 53
15 89
15 20
15 33
15 23
15 98
15 88
15 65
15 55
15 45
15 58
15 35
16 93
16 70
16 83
16 60
16 37
16 73
16 82
16 95
16 85
16 52
16 29
16 42
16 87
16 64
16 41
16 54
16 31
16 96
16 53
16 20
16 33
16 98
16 55
16 32
16 80
16 47
16 89
16 56
16 59
16 26
16 91
16 81
16 58
16 48
17 94
17 25
17 61
17 38
17 83
17 27
17 40
17 30
17 72
17 19
17 84
17 74
17 21
17 76
17 66
17 43
17 88
17 65
17 78
17 68
17 22
17 35
17 90
17 67
17 44
17 34
17 24
17 46
17 36
17 49
18 30
18 84
18 54
18 76
18 53
18 89
18 20
18 23
18 65
18 55
18 32
18 45
18 35
18 90
18 80
18 37
18 79
18 69
18 46
18 36
18 49
18 58
18 25
18 38
18 28
18 83
18 60
18 50
18 27
19 83
19 27
19 40
19 30
19 72
19 84
19 74
19 44
19 21
19 86
19 76
19 66
19 43
19 20
19 33
19 88
19 65
19 78
19 68
19 22
19 35
19 25
19 90
19 67
19 34
19 24
19 46
19 82
19 36
19 49
19 94
19 61
19 38
20 81
20 94
20 48
20 61
20 38
20 51
20 28
20 93
20 83
20 60
20 96
20 73
20 50
20 27
20 30
20 95
20 72
20 85
20 52
20 29
20 42
20 32
20 84
20 87
20 64
20 41
20 77
20 54
20 31
20 86
20 76
20 53
20 89
20 43
20 56
20 33
20 23
20 98
20 88
20 65
20 55
20 58
20 35
20 25
20 90
20 80
20 57
20 70
20 47
20 37
20 79
20 46
20 82
20 59
20 36
20 49
20 26
20 91
21 99
21 76
21 66
21 43
21 88
21 78
21 68
21 22
21 35
21 90
21 67
21 44
21 34
21 24
21 46
21 36
21 49
21 94
21 25
21 61
21 38
21 27
21 40
21 30
21 72
21 84
21 74
21 51
22 40
22 30
22 74
22 44
22 99
22 66
22 43
22 46
22 88
22 78
22 68
22 35
22 67
22 34
22 24
22 72
22 94
22 61
22 38
23 76
23 53
23 89
23 98
23 65
23 55
23 32
23 45
23 90
23 80
23 47
23 37
23 79
23 69
23 59
23 36
23 49
23 58
23 28
23 83
23 60
23 73
23 50
23 27
23 84
23 64
23 54
23 31
24 97
24 74
24 44
24 86
24 99
24 66
24 43
24 33
24 88
24 78
24 68
24 35
24 25
24 77
24 67
24 57
24 34
24 46
24 82
24 94
24 61
24 38
24 51
24 40
24 30
24 72
24 62
24 39
25 34
25 47
25 89
25 79
25 46
25 59
25 36
25 26
25 68
25 81
25 58
25 48
25 61
25 38
25 28
25 70
25 83
25 60
25 37
25 73
25 27
25 82
25 95
25 72
25 49
25 85
25 52
25 29
25 94
25 84
25 74
25 51
25 87
25 64
25 41
25 31
25 96
25 86
25 99
25 76
25 53
25 30
25 66
25 43
25 33
25 88
25 65
25 78
25 55
25 32
25 35
25 77
25 90
25 80
25 57
26 86
26 53
26 89
26 56
26 33
26 98
26 55
26 91
26 58
26 80
26 57
26 70
26 47
26 37
26 82
26 59
26 36
26 81
26 48
26 51
26 93
26 83
26 60
26 96
26 73
26 63
26 95
26 85
26 52
26 29
26 42
26 32
26 87
26 64
26 41
26 77
26 54
26 31
27 74
27 64
27 54
27 31
27 44
27 86
27 76
27 89
27 33
27 46
27 88
27 78
27 55
27 68
27 45
27 58
27 35
27 90
27 80
27 47
27 37
27 79
27 69
27 82
27 59
27 36
27 72
27 49
27 81
27 94
27 48
27 84
27 61
27 38
27 51
27 28
27 83
27 60
27 96
27 50
27 53
27 30
27 95
27 29
27 65
27 32
28 80
28 47
28 37
28 79
28 69
28 46
28 59
28 36
28 49
28 58
28 83
28 60
28 50
28 84
28 64
28 54
28 76
28 53
28 89
28 65
28 55
28 32
28 45
28 35
28 90
29 32
29 35
29 77
29 80
29 57
29 70
29 47
29 37
29 82
29 59
29 36
29 91
29 81
29 58
29 94
29 48
29 61
29 51
29 93
29 83
29 60
29 96
29 73
29 63
29 95
29 85
29 75
29 52
29 42
29 87
29 64
29 41
29 54
29 31
29 86
29 53
29 89
29 56
29 33
29 98
29 88
29 55
30 46
30 82
30 36
30 49
30 94
30 61
30 38
30 51
30 83
30 40
30 95
30 72
30 84
30 74
30 44
30 86
30 76
30 66
30 43
30 33
30 88
30 65
30 78
30 68
30 35
30 90
30 67
30 80
30 34
31 80
31 57
31 70
31 47
31 37
31 46
31 82
31 59
31 36
31 49
31 91
31 81
31 94
31 48
31 84
31 61
31 51
31 93
31 83
31 60
31 96
31 73
31 63
31 95
31 85
31 75
31 52
31 65
31 42
31 32
31 87
31 64
31 41
31 77
31 54
31 86
31 76
31 53
31 89
31 56
31 33
31 98
31 88
31 55
31 58
31 35
32 55
32 91
32 45
32 58
32 35
32 90
32 80
32 47
32 37
32 79
32 69
32 82
32 59
32 36
32 49
32 81
32 48
32 84
32 83
32 60
32 96
32 73
32 50
32 95
32 52
32 65
32 64
32 54
32 76
32 53
32 89
32 33
32 98
33 38
33 93
33 70
33 83
33 60
33 73
33 63
33 95
33 72
33 85
33 62
33 39
33 75
33 52
33 84
33 51
33 87
33 64
33 41
33 54
33 96
33 86
33 99
33 76
33 53
33 89
33 66
33 43
33 98
33 88
33 65
33 55
33 35
33 77
33 80
33 57
33 34
33 47
33 37
33 46
33 82
33 59
33 36
33 49
33 91
33 81
33 58
33 94
33 48
33 61
34 81
34 94
34 71
34 61
34 38
34 51
34 40
34 95
34 72
34 85
34 62
34 39
34 97
34 87
34 86
34 99
34 66
34 43
34 88
34 78
34 68
34 35
34 77
34 67
34 57
34 92
34 46
34 82
35 83
35 60
35 96
35 40
35 95
35 72
35 85
35 84
35 74
35 87
35 77
35 44
35 86
35 99
35 76
35 53
35 66
35 43
35 88
35 65
35 78
35 55
35 68
35 58
35 90
35 67
35 80
35 57
35 70
35 47
35 37
35 79
35 46
35 82
35 36
35 49
35 81
35 94
35 48
35 61
35 38
35 51
36 48
36 84
36 61
36 38
36 51
36 83
36 60
36 96
36 73
36 50
36 95
36 72
36 85
36 52
36 65
36 74
36 87
36 64
36 41
36 77
36 54
36 86
36 76
36 53
36 89
36 43
36 98
36 88
36 55
36 45
36 58
36 90
36 80
36 57
36 70
36 47
36 37
36 79
36 69
36 46
36 82
36 59
36 49
36 81
36 94
37 96
37 86
37 76
37 53
37 56
37 98
37 88
37 65
37 55
37 77
37 80
37 57
37 47
37 89
37 79
37 46
37 59
37 49
37 91
37 81
37 58
37 94
37 48
37 61
37 93
37 70
37 83
37 60
37 73
37 50
37 82
37 95
37 85
37 52
37 42
37 84
37 51
37 87
37 64
37 41
37 54
38 84
38 74
38 86
38 76
38 66
38 43
38 88
38 65
38 78
38 68
38 90
38 67
38 44
38 80
38 69
38 46
38 82
38 49
38 94
38 61
38 83
38 40
38 95
38 72
39 81
39 71
39 51
39 96
39 86
39 63
39 85
39 62
39 75
39 97
39 87
39 77
39 99
39 66
39 43
39 88
39 57
39 70
39 92
39 82
40 44
40 66
40 43
40 88
40 78
40 68
40 67
40 46
40 94
40 61
40 72
40 74
41 42
41 87
41 64
41 77
41 54
41 86
41 53
41 89
41 56
41 98
41 55
41 80
41 57
41 70
41 47
41 82
41 59
41 91
41 81
41 48
41 51
41 93
41 83
41 60
41 96
41 73
41 63
41 95
41 85
41 62
41 75
41 52
42 47
42 89
42 59
42 91
42 81
42 48
42 93
42 70
42 60
42 73
42 95
42 52
42 64
42 54
42 96
42 53
42 56
42 98
42 55
43 87
43 77
43 44
43 86
43 99
43 66
43 46
43 88
43 78
43 68
43 67
43 57
43 82
43 72
43 81
43 94
43 61
43 51
43 95
43 85
43 62
43 97
43 74
44 46
44 49
44 94
44 61
44 72
44 84
44 74
44 76
44 66
44 88
44 65
44 78
44 68
44 90
44 67
45 90
45 80
45 79
45 69
45 49
45 83
45 50
45 84
45 76
45 65
45 55
45 58
46 88
46 78
46 55
46 68
46 90
46 67
46 80
46 57
46 47
46 82
46 49
46 81
46 94
46 48
46 84
46 61
46 51
46 83
46 60
46 96
46 95
46 72
46 65
46 74
46 77
46 86
46 99
46 76
46 53
46 66
47 80
47 57
47 70
47 79
47 82
47 59
47 49
47 81
47 94
47 48
47 84
47 61
47 51
47 93
47 83
47 60
47 96
47 73
47 50
47 95
47 85
47 52
47 65
47 87
47 64
47 77
47 54
47 86
47 76
47 53
47 89
47 56
47 98
47 88
47 55
47 91
47 58
48 58
48 80
48 57
48 70
48 82
48 59
48 49
48 81
48 94
48 84
48 61
48 51
48 93
48 83
48 60
48 96
48 73
48 63
48 53
48 95
48 85
48 62
48 98
48 75
48 52
48 65
48 87
48 64
48 77
48 54
48 86
48 76
48 89
48 56
48 88
48 55
48 91
49 83
49 60
49 50
49 95
49 72
49 84
49 74
49 54
49 96
49 86
49 76
49 53
49 89
49 88
49 65
49 78
49 55
49 68
49 90
49 80
49 79
49 69
49 82
49 81
49 58
49 94
49 61
50 58
50 83
50 60
50 84
50 64
50 54
50 76
50 53
50 89
50 65
50 55
50 90
50 80
50 79
50 69
51 81
51 57
51 93
51 70
51 60
51 92
51 82
51 72
51 94
51 71
51 61
51 83
51 96
51 86
51 63
51 53
51 95
51 85
51 62
51 75
51 52
51 97
51 87
51 77
51 99
51 66
51 88
52 93
52 83
52 60
52 96
52 73
52 63
52 95
52 85
52 75
52 87
52 64
52 77
52 54
52 86
52 53
52 89
52 56
52 98
52 55
52 91
52 58
52 80
52 57
52 70
52 82
52 59
52 81
53 81
53 94
53 84
53 61
53 93
53 83
53 60
53 96
53 73
53 95
53 85
53 98
53 65
53 87
53 64
53 77
53 54
53 86
53 76
53 89
53 79
53 56
53 88
53 55
53 91
53 58
53 80
53 57
53 70
53 82
53 59
54 64
54 96
54 76
54 89
54 56
54 98
54 65
54 55
54 80
54 70
54 79
54 59
54 91
54 58
54 93
54 83
54 60
54 73
54 95
55 84
55 61
55 83
55 96
55 73
55 86
55 95
55 98
55 65
55 64
55 76
55 89
55 79
55 56
55 88
55 91
55 58
55 90
55 80
55 93
55 70
55 60
55 69
55 82
55 59
55 81
55 94
56 89
56 98
56 70
56 59
56 91
56 81
56 93
56 60
56 96
56 73
56 95
56 64
57 97
57 87
57 77
57 86
57 99
57 66
57 88
57 70
57 92
57 82
57 81
57 94
57 71
57 61
57 93
57 83
57 96
57 73
57 63
57 95
57 85
57 62
57 75
58 95
58 98
58 65
58 64
58 76
58 89
58 79
58 91
58 90
58 80
58 69
58 59
58 84
58 83
58 60
58 96
58 73
59 80
59 70
59 79
59 82
59 91
59 81
59 93
59 83
59 60
59 73
59 95
59 85
59 87
59 64
59 96
59 86
59 89
59 98
59 65
60 87
60 64
60 77
60 76
60 89
60 79
60 88
60 91
60 90
60 80
60 93
60 70
60 69
60 82
60 81
60 94
60 84
60 61
60 83
60 96
60 73
60 86
60 95
60 85
60 98
60 65
61 90
61 67
61 80
61 70
61 82
61 81
61 94
61 84
61 83
61 96
61 95
61 72
61 85
61 62
61 74
61 87
61 77
61 86
61 99
61 76
61 66
61 88
61 65
61 78
61 68
62 70
62 92
62 82
62 81
62 71
62 96
62 63
62 95
62 85
62 75
62 97
62 87
62 77
62 86
62 99
62 66
62 88
63 93
63 70
63 95
63 85
63 75
63 97
63 87
63 96
63 86
63 99
63 77
63 92
63 82
63 81
63 71
64 80
64 70
64 82
64 81
64 93
64 83
64 96
64 73
64 95
64 98
64 65
64 89
64 79
64 91
65 88
65 90
65 80
65 69
65 82
65 72
65 94
65 84
65 83
65 95
65 74
65 76
65 89
65 79
66 72
66 74
66 77
66 86
66 99
66 88
66 78
66 68
66 67
66 82
66 94
67 94
67 72
67 74
67 88
67 78
67 68
67 90
68 74
68 99
68 76
68 88
68 78
68 90
68 72
68 94
68 84
69 84
69 83
69 76
69 79
69 90
69 80
70 77
70 86
70 99
70 89
70 98
70 88
70 80
70 82
70 91
70 81
70 94
70 93
70 83
70 96
70 73
70 95
70 85
70 75
70 87
71 97
71 87
71 77
71 86
71 99
71 92
71 85
71 75
72 94
72 84
72 74
72 83
72 86
72 95
72 76
72 88
72 78
72 90
72 80
72 82
73 87
73 77
73 86
73 89
73 91
73 80
73 82
73 81
73 93
73 83
73 96
73 95
73 85
73 98
74 76
74 88
74 78
74 90
74 94
74 84
75 92
75 82
75 81
75 93
75 96
75 95
75 85
75 97
75 87
75 77
75 86
75 99
76 89
76 79
76 88
76 78
76 90
76 80
76 82
76 81
76 94
76 84
76 83
76 96
76 86
76 95
77 85
77 97
77 87
77 99
77 88
77 81
77 93
77 92
77 82
77 94
77 83
77 96
77 86
77 95
78 90
78 94
78 84
78 88
79 90
79 80
79 84
79 83
79 89
80 90
80 93
80 82
80 81
80 94
80 84
80 83
80 96
80 86
80 95
80 98
80 89
80 88
80 91
81 91
81 93
81 82
81 94
81 83
81 96
81 86
81 95
81 85
81 98
81 97
81 87
81 99
81 89
81 88
82 93
82 83
82 96
82 95
82 85
82 97
82 87
82 86
82 99
82 89
82 98
82 88
82 94
82 84
83 94
83 84
83 96
83 95
83 85
83 98
83 87
83 86
83 89
83 88
83 91
83 90
84 94
84 95
84 86
84 89
84 88
84 90
85 93
85 96
85 86
85 95
85 98
85 97
85 87
85 99
85 88
85 92
85 94
86 94
86 96
86 95
86 97
86 87
86 99
86 88
86 93
86 92
87 97
87 99
87 88
87 92
87 94
87 93
87 96
87 95
88 95
88 99
88 90
88 94
88 96
89 91
89 93
89 96
89 95
89 98
90 94
91 95
91 98
91 93
91 96
92 97
92 99
93 96
93 95
93 98
94 96
94 95
94 99
95 96
95 98
95 99
96 99
96 98
97 99
