binom	1	0	0.15	0.15015	0.500117
binom	1	0.01	0.15	0.15057	0.502073
binom	1	0.02	0.15	0.14853	0.502614
binom	1	0.03	0.15	0.15116	0.503228
binom	1	0.05	0.15	0.15135	0.505802
binom	1	0.07	0.15	0.14849	0.507836
binom	1	0.08	0.15	0.14909	0.510016
binom	1	0.1	0.15	0.14891	0.511459
binom	1	0.2	0.15	0.14787	0.522723
binom	1	0.3	0.15	0.14012	0.533825
binom	1	0.4	0.15	0.13509	0.545647
binom	1	0.5	0.15	0.12911	0.5576
binom	1	0.6	0.15	0.12157	0.569079
binom	1	0.7	0.15	0.11235	0.581506
binom	1	0.8	0.15	0.10375	0.594319
binom	1	0.9	0.15	0.09666	0.607326
