binom	1	0	0.15	0.13721	0.499905
binom	1	0.01	0.15	0.13854	0.500459
binom	1	0.02	0.15	0.13859	0.502593
binom	1	0.03	0.15	0.13799	0.502522
binom	1	0.05	0.15	0.13775	0.504245
binom	1	0.07	0.15	0.13834	0.506298
binom	1	0.08	0.15	0.13848	0.506612
binom	1	0.1	0.15	0.13516	0.507569
binom	1	0.2	0.15	0.13819	0.516477
binom	1	0.3	0.15	0.1317	0.524269
binom	1	0.4	0.15	0.12699	0.532571
binom	1	0.5	0.15	0.1187	0.541084
binom	1	0.6	0.15	0.11404	0.549246
binom	1	0.7	0.15	0.10276	0.55735
binom	1	0.8	0.15	0.09422	0.566953
binom	1	0.9	0.15	0.08907	0.574882
