binom	1	0	0.15	0.13626	0.500557
binom	1	0.01	0.15	0.13347	0.500375
binom	1	0.02	0.15	0.13802	0.502009
binom	1	0.03	0.15	0.13705	0.502028
binom	1	0.05	0.15	0.13498	0.503843
binom	1	0.07	0.15	0.1394	0.505395
binom	1	0.08	0.15	0.13573	0.506518
binom	1	0.1	0.15	0.13396	0.507836
binom	1	0.2	0.15	0.1318	0.51628
binom	1	0.3	0.15	0.12917	0.523377
binom	1	0.4	0.15	0.12285	0.531339
binom	1	0.5	0.15	0.11743	0.539902
binom	1	0.6	0.15	0.10806	0.546921
binom	1	0.7	0.15	0.10181	0.556484
binom	1	0.8	0.15	0.09341	0.564073
binom	1	0.9	0.15	0.08531	0.572834
