binom	1	0	0.15	0.13376	0.500271
binom	1	0.01	0.15	0.13256	0.500052
binom	1	0.02	0.15	0.13385	0.500551
binom	1	0.03	0.15	0.13437	0.501184
binom	1	0.05	0.15	0.13357	0.503728
binom	1	0.07	0.15	0.13403	0.504166
binom	1	0.08	0.15	0.13172	0.50514
binom	1	0.1	0.15	0.13331	0.505778
binom	1	0.2	0.15	0.12995	0.512904
binom	1	0.3	0.15	0.12689	0.519118
binom	1	0.4	0.15	0.12089	0.52514
binom	1	0.5	0.15	0.1132	0.530859
binom	1	0.6	0.15	0.10541	0.537296
binom	1	0.7	0.15	0.10023	0.543397
binom	1	0.8	0.15	0.09375	0.549946
binom	1	0.9	0.15	0.08435	0.557925
