binom	1	0	0.15	0.13625	0.500063
binom	1	0.01	0.15	0.13699	0.500017
binom	1	0.02	0.15	0.13429	0.501312
binom	1	0.03	0.15	0.13382	0.501527
binom	1	0.05	0.15	0.13446	0.50283
binom	1	0.07	0.15	0.13631	0.504229
binom	1	0.08	0.15	0.13495	0.504498
binom	1	0.1	0.15	0.13434	0.506674
binom	1	0.2	0.15	0.13167	0.512625
binom	1	0.3	0.15	0.12939	0.519221
binom	1	0.4	0.15	0.12284	0.524704
binom	1	0.5	0.15	0.11733	0.531771
binom	1	0.6	0.15	0.10937	0.537819
binom	1	0.7	0.15	0.10023	0.545326
binom	1	0.8	0.15	0.0939	0.551629
binom	1	0.9	0.15	0.08626	0.556856
