binom	1	0	0.15	0.14482	0.49976
binom	1	0.01	0.15	0.14493	0.501561
binom	1	0.02	0.15	0.14539	0.503356
binom	1	0.03	0.15	0.1466	0.504502
binom	1	0.05	0.15	0.14777	0.50859
binom	1	0.07	0.15	0.14854	0.511973
binom	1	0.08	0.15	0.14505	0.514156
binom	1	0.1	0.15	0.14406	0.517155
binom	1	0.2	0.15	0.14551	0.533374
binom	1	0.3	0.15	0.14027	0.551925
binom	1	0.4	0.15	0.13375	0.568407
binom	1	0.5	0.15	0.12502	0.586006
binom	1	0.6	0.15	0.12006	0.603881
binom	1	0.7	0.15	0.10896	0.622614
binom	1	0.8	0.15	0.10222	0.64203
binom	1	0.9	0.15	0.09296	0.661188
