binom	1	0	0.15	0.12857	0.499901
binom	1	0.01	0.15	0.13175	0.502254
binom	1	0.02	0.15	0.12996	0.504163
binom	1	0.03	0.15	0.13005	0.506285
binom	1	0.05	0.15	0.13039	0.510396
binom	1	0.07	0.15	0.13122	0.513941
binom	1	0.08	0.15	0.13122	0.5164
binom	1	0.1	0.15	0.13019	0.519954
binom	1	0.2	0.15	0.12753	0.540133
binom	1	0.3	0.15	0.12285	0.561073
binom	1	0.4	0.15	0.11783	0.581896
binom	1	0.5	0.15	0.11151	0.602389
binom	1	0.6	0.15	0.10481	0.623491
binom	1	0.7	0.15	0.09686	0.644161
binom	1	0.8	0.15	0.09002	0.66469
binom	1	0.9	0.15	0.08303	0.68465
