binom	1	0	0.15	0.13184	0.499579
binom	1	0.01	0.15	0.13153	0.502311
binom	1	0.02	0.15	0.13208	0.502846
binom	1	0.03	0.15	0.13238	0.504668
binom	1	0.05	0.15	0.13075	0.509275
binom	1	0.07	0.15	0.1328	0.512862
binom	1	0.08	0.15	0.13095	0.513765
binom	1	0.1	0.15	0.13001	0.517081
binom	1	0.2	0.15	0.12899	0.535448
binom	1	0.3	0.15	0.12327	0.552464
binom	1	0.4	0.15	0.11892	0.569982
binom	1	0.5	0.15	0.11269	0.587983
binom	1	0.6	0.15	0.1053	0.60545
binom	1	0.7	0.15	0.0981	0.622604
binom	1	0.8	0.15	0.09127	0.641645
binom	1	0.9	0.15	0.08315	0.658551
