binom	1	0	0.15	0.13801	0.499807
binom	1	0.01	0.15	0.139	0.501681
binom	1	0.02	0.15	0.13808	0.50289
binom	1	0.03	0.15	0.13898	0.504434
binom	1	0.05	0.15	0.14034	0.506504
binom	1	0.07	0.15	0.13795	0.509314
binom	1	0.08	0.15	0.13776	0.510798
binom	1	0.1	0.15	0.13587	0.514489
binom	1	0.2	0.15	0.13707	0.52736
binom	1	0.3	0.15	0.13073	0.54129
binom	1	0.4	0.15	0.12488	0.556078
binom	1	0.5	0.15	0.11969	0.570444
binom	1	0.6	0.15	0.11096	0.58444
binom	1	0.7	0.15	0.10425	0.600361
binom	1	0.8	0.15	0.0942	0.616033
binom	1	0.9	0.15	0.0876	0.631789
