binom	1	0	0.15	0.13659	0.500289
binom	1	0.01	0.15	0.13596	0.501507
binom	1	0.02	0.15	0.13681	0.502034
binom	1	0.03	0.15	0.13636	0.504339
binom	1	0.05	0.15	0.13473	0.507201
binom	1	0.07	0.15	0.13444	0.511529
binom	1	0.08	0.15	0.13671	0.511739
binom	1	0.1	0.15	0.1356	0.516129
binom	1	0.2	0.15	0.13397	0.531453
binom	1	0.3	0.15	0.12771	0.547674
binom	1	0.4	0.15	0.12253	0.563221
binom	1	0.5	0.15	0.11488	0.580857
binom	1	0.6	0.15	0.10639	0.599265
binom	1	0.7	0.15	0.09813	0.617303
binom	1	0.8	0.15	0.08872	0.637086
binom	1	0.9	0.15	0.07694	0.65756
