binom	1	0	0.15	0.15021	0.500291
binom	1	0.01	0.15	0.14976	0.501721
binom	1	0.02	0.15	0.14936	0.503149
binom	1	0.03	0.15	0.14977	0.50473
binom	1	0.05	0.15	0.15054	0.507887
binom	1	0.07	0.15	0.1506	0.510954
binom	1	0.08	0.15	0.14996	0.512913
binom	1	0.1	0.15	0.14962	0.516478
binom	1	0.2	0.15	0.14639	0.531897
binom	1	0.3	0.15	0.14173	0.548891
binom	1	0.4	0.15	0.13396	0.565522
binom	1	0.5	0.15	0.12899	0.58213
binom	1	0.6	0.15	0.11976	0.599687
binom	1	0.7	0.15	0.11365	0.617144
binom	1	0.8	0.15	0.10449	0.636376
binom	1	0.9	0.15	0.0956	0.656001
