binom	1	0	0.15	0.15273	0.499874
binom	1	0.01	0.15	0.15232	0.502072
binom	1	0.02	0.15	0.14977	0.50403
binom	1	0.03	0.15	0.15108	0.505518
binom	1	0.05	0.15	0.15289	0.509254
binom	1	0.07	0.15	0.15084	0.513014
binom	1	0.08	0.15	0.15028	0.513776
binom	1	0.1	0.15	0.15099	0.518461
binom	1	0.2	0.15	0.14738	0.535171
binom	1	0.3	0.15	0.14467	0.553841
binom	1	0.4	0.15	0.13818	0.571455
binom	1	0.5	0.15	0.13026	0.58943
binom	1	0.6	0.15	0.12161	0.609308
binom	1	0.7	0.15	0.11566	0.628134
binom	1	0.8	0.15	0.10708	0.648461
binom	1	0.9	0.15	0.09702	0.6689
