binom	1	0	0.15	0.21258	0.49957
binom	1	0.01	0.15	0.21098	0.500119
binom	1	0.02	0.15	0.21316	0.502139
binom	1	0.03	0.15	0.21158	0.503004
binom	1	0.05	0.15	0.2103	0.505104
binom	1	0.07	0.15	0.21174	0.506844
binom	1	0.08	0.15	0.211	0.507124
binom	1	0.1	0.15	0.21265	0.50935
binom	1	0.2	0.15	0.20779	0.518734
binom	1	0.3	0.15	0.20155	0.52823
binom	1	0.4	0.15	0.1939	0.537304
binom	1	0.5	0.15	0.18192	0.546778
binom	1	0.6	0.15	0.17293	0.559112
binom	1	0.7	0.15	0.1593	0.568622
binom	1	0.8	0.15	0.14668	0.580918
binom	1	0.9	0.15	0.13535	0.593624
