binom	1	0	0.15	0.18033	0.499656
binom	1	0.01	0.15	0.17766	0.501589
binom	1	0.02	0.15	0.17825	0.502917
binom	1	0.03	0.15	0.17975	0.50454
binom	1	0.05	0.15	0.17973	0.507311
binom	1	0.07	0.15	0.17757	0.511206
binom	1	0.08	0.15	0.17725	0.512605
binom	1	0.1	0.15	0.17733	0.515038
binom	1	0.2	0.15	0.17617	0.530736
binom	1	0.3	0.15	0.16977	0.547429
binom	1	0.4	0.15	0.16155	0.562604
binom	1	0.5	0.15	0.15337	0.578904
binom	1	0.6	0.15	0.14554	0.59452
binom	1	0.7	0.15	0.13558	0.611048
binom	1	0.8	0.15	0.12366	0.628814
binom	1	0.9	0.15	0.11287	0.646018
