binom	1	0	0.15	0.13028	0.50019
binom	1	0.01	0.15	0.12839	0.500281
binom	1	0.02	0.15	0.13074	0.501345
binom	1	0.03	0.15	0.13061	0.501874
binom	1	0.05	0.15	0.12871	0.503695
binom	1	0.07	0.15	0.13038	0.50385
binom	1	0.08	0.15	0.12941	0.504932
binom	1	0.1	0.15	0.12916	0.506418
binom	1	0.2	0.15	0.12654	0.512084
binom	1	0.3	0.15	0.12192	0.517234
binom	1	0.4	0.15	0.11761	0.523501
binom	1	0.5	0.15	0.10867	0.528793
binom	1	0.6	0.15	0.10428	0.534722
binom	1	0.7	0.15	0.09719	0.540043
binom	1	0.8	0.15	0.08696	0.545573
binom	1	0.9	0.15	0.0828	0.55054
