binom	1	0	0.15	0.14717	0.500188
binom	1	0.01	0.15	0.14642	0.501737
binom	1	0.02	0.15	0.14623	0.503241
binom	1	0.03	0.15	0.14556	0.505377
binom	1	0.05	0.15	0.1468	0.507264
binom	1	0.07	0.15	0.14773	0.510522
binom	1	0.08	0.15	0.14558	0.511547
binom	1	0.1	0.15	0.14662	0.51525
binom	1	0.2	0.15	0.14218	0.529865
binom	1	0.3	0.15	0.13808	0.544631
binom	1	0.4	0.15	0.13397	0.559187
binom	1	0.5	0.15	0.12726	0.575807
binom	1	0.6	0.15	0.11921	0.590825
binom	1	0.7	0.15	0.10916	0.607599
binom	1	0.8	0.15	0.1024	0.623437
binom	1	0.9	0.15	0.09097	0.641586
