binom	1	0	0.15	0.12908	0.499882
binom	1	0.01	0.15	0.12882	0.500124
binom	1	0.02	0.15	0.12874	0.500081
binom	1	0.03	0.15	0.12963	0.501883
binom	1	0.05	0.15	0.13097	0.500294
binom	1	0.07	0.15	0.12988	0.502562
binom	1	0.08	0.15	0.12896	0.503394
binom	1	0.1	0.15	0.13057	0.503624
binom	1	0.2	0.15	0.12572	0.507074
binom	1	0.3	0.15	0.12123	0.510115
binom	1	0.4	0.15	0.11588	0.513963
binom	1	0.5	0.15	0.11041	0.517412
binom	1	0.6	0.15	0.10435	0.519184
binom	1	0.7	0.15	0.09588	0.522816
binom	1	0.8	0.15	0.08867	0.526521
binom	1	0.9	0.15	0.08138	0.528251
