binom	1	0	0.2	0.16941	0.500004
binom	1	0.01	0.2	0.16829	0.500996
binom	1	0.02	0.2	0.16821	0.502369
binom	1	0.03	0.2	0.1697	0.502632
binom	1	0.05	0.2	0.16559	0.50481
binom	1	0.07	0.2	0.16776	0.506817
binom	1	0.08	0.2	0.16771	0.507231
binom	1	0.1	0.2	0.16597	0.51021
binom	1	0.2	0.2	0.16382	0.51987
binom	1	0.3	0.2	0.15911	0.528842
binom	1	0.4	0.2	0.15381	0.538883
binom	1	0.5	0.2	0.14525	0.550081
binom	1	0.6	0.2	0.13665	0.559889
binom	1	0.7	0.2	0.12807	0.570645
binom	1	0.8	0.2	0.11824	0.581171
binom	1	0.9	0.2	0.10795	0.593101
