binom	1	0	0.2	0.16971	0.500514
binom	1	0.01	0.2	0.16848	0.500824
binom	1	0.02	0.2	0.16881	0.501341
binom	1	0.03	0.2	0.16949	0.503241
binom	1	0.05	0.2	0.17077	0.504217
binom	1	0.07	0.2	0.16759	0.506702
binom	1	0.08	0.2	0.1675	0.507732
binom	1	0.1	0.2	0.16872	0.508669
binom	1	0.2	0.2	0.16441	0.518315
binom	1	0.3	0.2	0.16123	0.526769
binom	1	0.4	0.2	0.15483	0.536134
binom	1	0.5	0.2	0.148	0.545715
binom	1	0.6	0.2	0.13953	0.555016
binom	1	0.7	0.2	0.1291	0.56348
binom	1	0.8	0.2	0.12013	0.573285
binom	1	0.9	0.2	0.10976	0.582589
