binom	1	0	0.2	0.18672	0.500401
binom	1	0.01	0.2	0.18847	0.501202
binom	1	0.02	0.2	0.18683	0.501895
binom	1	0.03	0.2	0.18616	0.502929
binom	1	0.05	0.2	0.18789	0.50544
binom	1	0.07	0.2	0.18715	0.507747
binom	1	0.08	0.2	0.18541	0.509043
binom	1	0.1	0.2	0.18746	0.511536
binom	1	0.2	0.2	0.18185	0.521934
binom	1	0.3	0.2	0.18058	0.532763
binom	1	0.4	0.2	0.17141	0.544061
binom	1	0.5	0.2	0.16439	0.555049
binom	1	0.6	0.2	0.15317	0.566296
binom	1	0.7	0.2	0.14516	0.579246
binom	1	0.8	0.2	0.13395	0.590564
binom	1	0.9	0.2	0.1227	0.603633
