binom	1	0	0.2	0.18423	0.499102
binom	1	0.01	0.2	0.18288	0.501094
binom	1	0.02	0.2	0.1826	0.502003
binom	1	0.03	0.2	0.18575	0.502987
binom	1	0.05	0.2	0.18445	0.505797
binom	1	0.07	0.2	0.1836	0.50732
binom	1	0.08	0.2	0.18254	0.50836
binom	1	0.1	0.2	0.18339	0.510929
binom	1	0.2	0.2	0.18116	0.521425
binom	1	0.3	0.2	0.17604	0.532413
binom	1	0.4	0.2	0.16774	0.543203
binom	1	0.5	0.2	0.16088	0.554897
binom	1	0.6	0.2	0.15304	0.565979
binom	1	0.7	0.2	0.13909	0.578061
binom	1	0.8	0.2	0.13226	0.590151
binom	1	0.9	0.2	0.12118	0.602512
