binom	1	0	0.2	0.19815	0.499671
binom	1	0.01	0.2	0.19504	0.501503
binom	1	0.02	0.2	0.19641	0.503097
binom	1	0.03	0.2	0.19375	0.504403
binom	1	0.05	0.2	0.19585	0.507265
binom	1	0.07	0.2	0.19565	0.51133
binom	1	0.08	0.2	0.19431	0.513403
binom	1	0.1	0.2	0.1949	0.515175
binom	1	0.2	0.2	0.19083	0.532252
binom	1	0.3	0.2	0.18603	0.548314
binom	1	0.4	0.2	0.18067	0.565084
binom	1	0.5	0.2	0.17194	0.581084
binom	1	0.6	0.2	0.16342	0.59862
binom	1	0.7	0.2	0.15277	0.615754
binom	1	0.8	0.2	0.14233	0.634503
binom	1	0.9	0.2	0.1313	0.652933
