binom	1	0	0.2	0.17468	0.500377
binom	1	0.01	0.2	0.17509	0.500509
binom	1	0.02	0.2	0.17614	0.501484
binom	1	0.03	0.2	0.17378	0.502132
binom	1	0.05	0.2	0.17374	0.504006
binom	1	0.07	0.2	0.17279	0.505247
binom	1	0.08	0.2	0.17286	0.505733
binom	1	0.1	0.2	0.17177	0.507208
binom	1	0.2	0.2	0.16949	0.513898
binom	1	0.3	0.2	0.16537	0.520683
binom	1	0.4	0.2	0.1588	0.528007
binom	1	0.5	0.2	0.15544	0.535041
binom	1	0.6	0.2	0.14598	0.541916
binom	1	0.7	0.2	0.13536	0.549162
binom	1	0.8	0.2	0.12568	0.55711
binom	1	0.9	0.2	0.11396	0.565655
