binom	1	0	0.2	0.17122	0.50036
binom	1	0.01	0.2	0.17041	0.500256
binom	1	0.02	0.2	0.16986	0.500892
binom	1	0.03	0.2	0.17004	0.501148
binom	1	0.05	0.2	0.1708	0.502545
binom	1	0.07	0.2	0.16999	0.503692
binom	1	0.08	0.2	0.17088	0.504757
binom	1	0.1	0.2	0.16983	0.50535
binom	1	0.2	0.2	0.16612	0.511791
binom	1	0.3	0.2	0.16295	0.516831
binom	1	0.4	0.2	0.15634	0.522005
binom	1	0.5	0.2	0.14934	0.527626
binom	1	0.6	0.2	0.14185	0.533546
binom	1	0.7	0.2	0.13078	0.540716
binom	1	0.8	0.2	0.12194	0.54585
binom	1	0.9	0.2	0.10988	0.552015
