binom	1	0	0.2	0.16833	0.500092
binom	1	0.01	0.2	0.17035	0.500636
binom	1	0.02	0.2	0.17112	0.501092
binom	1	0.03	0.2	0.16911	0.501608
binom	1	0.05	0.2	0.16983	0.50217
binom	1	0.07	0.2	0.17003	0.503608
binom	1	0.08	0.2	0.16902	0.504073
binom	1	0.1	0.2	0.16949	0.505951
binom	1	0.2	0.2	0.16734	0.510936
binom	1	0.3	0.2	0.16213	0.517578
binom	1	0.4	0.2	0.15654	0.522497
binom	1	0.5	0.2	0.14969	0.527516
binom	1	0.6	0.2	0.13998	0.532941
binom	1	0.7	0.2	0.12946	0.539146
binom	1	0.8	0.2	0.11829	0.544777
binom	1	0.9	0.2	0.11182	0.551547
