binom	1	0	0.2	0.16946	0.499676
binom	1	0.01	0.2	0.16992	0.50146
binom	1	0.02	0.2	0.16841	0.502703
binom	1	0.03	0.2	0.16728	0.505083
binom	1	0.05	0.2	0.16946	0.508406
binom	1	0.07	0.2	0.16773	0.511452
binom	1	0.08	0.2	0.16879	0.512615
binom	1	0.1	0.2	0.16805	0.516677
binom	1	0.2	0.2	0.1638	0.532339
binom	1	0.3	0.2	0.15901	0.54821
binom	1	0.4	0.2	0.15568	0.564936
binom	1	0.5	0.2	0.14468	0.581436
binom	1	0.6	0.2	0.13983	0.598512
binom	1	0.7	0.2	0.12928	0.615313
binom	1	0.8	0.2	0.12205	0.632856
binom	1	0.9	0.2	0.11006	0.65091
