binom	1	0	0.2	0.17466	0.500035
binom	1	0.01	0.2	0.17369	0.501254
binom	1	0.02	0.2	0.1719	0.502608
binom	1	0.03	0.2	0.1742	0.503788
binom	1	0.05	0.2	0.17194	0.505779
binom	1	0.07	0.2	0.17183	0.509099
binom	1	0.08	0.2	0.17172	0.511104
binom	1	0.1	0.2	0.17318	0.512902
binom	1	0.2	0.2	0.16964	0.525467
binom	1	0.3	0.2	0.16276	0.539015
binom	1	0.4	0.2	0.15716	0.551355
binom	1	0.5	0.2	0.15156	0.565063
binom	1	0.6	0.2	0.14132	0.579649
binom	1	0.7	0.2	0.13276	0.593671
binom	1	0.8	0.2	0.12355	0.60927
binom	1	0.9	0.2	0.11417	0.623727
