binom	1	0	0.2	0.17009	0.499538
binom	1	0.01	0.2	0.17247	0.501866
binom	1	0.02	0.2	0.17284	0.503704
binom	1	0.03	0.2	0.1727	0.505297
binom	1	0.05	0.2	0.17263	0.508189
binom	1	0.07	0.2	0.17241	0.511824
binom	1	0.08	0.2	0.17318	0.513912
binom	1	0.1	0.2	0.17094	0.517072
binom	1	0.2	0.2	0.16904	0.535507
binom	1	0.3	0.2	0.16503	0.553036
binom	1	0.4	0.2	0.15782	0.571608
binom	1	0.5	0.2	0.14979	0.590848
binom	1	0.6	0.2	0.13734	0.6108
binom	1	0.7	0.2	0.13039	0.631529
binom	1	0.8	0.2	0.11869	0.652876
binom	1	0.9	0.2	0.10758	0.676696
