binom	1	0	0.2	0.16574	0.499841
binom	1	0.01	0.2	0.1646	0.500439
binom	1	0.02	0.2	0.16406	0.500562
binom	1	0.03	0.2	0.16552	0.500727
binom	1	0.05	0.2	0.16746	0.501482
binom	1	0.07	0.2	0.16595	0.502093
binom	1	0.08	0.2	0.16477	0.502665
binom	1	0.1	0.2	0.16528	0.502999
binom	1	0.2	0.2	0.16096	0.505929
binom	1	0.3	0.2	0.15546	0.508803
binom	1	0.4	0.2	0.15119	0.511452
binom	1	0.5	0.2	0.14401	0.514639
binom	1	0.6	0.2	0.13496	0.517439
binom	1	0.7	0.2	0.12629	0.520074
binom	1	0.8	0.2	0.11665	0.523407
binom	1	0.9	0.2	0.10869	0.526128
