binom	1	0	0.2	0.19852	0.499608
binom	1	0.01	0.2	0.20039	0.501223
binom	1	0.02	0.2	0.19671	0.503052
binom	1	0.03	0.2	0.19891	0.504461
binom	1	0.05	0.2	0.19762	0.507787
binom	1	0.07	0.2	0.199	0.510638
binom	1	0.08	0.2	0.19828	0.512363
binom	1	0.1	0.2	0.19621	0.514581
binom	1	0.2	0.2	0.19563	0.52979
binom	1	0.3	0.2	0.1892	0.545447
binom	1	0.4	0.2	0.18183	0.560447
binom	1	0.5	0.2	0.17344	0.57681
binom	1	0.6	0.2	0.16269	0.59419
binom	1	0.7	0.2	0.15546	0.610248
binom	1	0.8	0.2	0.14368	0.627421
binom	1	0.9	0.2	0.131	0.644797
