binom	1	0	0.2	0.16484	0.500424
binom	1	0.01	0.2	0.16491	0.500133
binom	1	0.02	0.2	0.16576	0.500173
binom	1	0.03	0.2	0.16452	0.500911
binom	1	0.05	0.2	0.16467	0.501505
binom	1	0.07	0.2	0.16429	0.502568
binom	1	0.08	0.2	0.16316	0.502058
binom	1	0.1	0.2	0.16398	0.502768
binom	1	0.2	0.2	0.16315	0.505795
binom	1	0.3	0.2	0.15605	0.508457
binom	1	0.4	0.2	0.15366	0.511238
binom	1	0.5	0.2	0.1431	0.514463
binom	1	0.6	0.2	0.13459	0.517683
binom	1	0.7	0.2	0.12747	0.520428
binom	1	0.8	0.2	0.11647	0.523947
binom	1	0.9	0.2	0.10523	0.527103
