binom	1	0	0.2	0.16424	0.500052
binom	1	0.01	0.2	0.16287	0.500688
binom	1	0.02	0.2	0.16425	0.501623
binom	1	0.03	0.2	0.16248	0.504561
binom	1	0.05	0.2	0.1641	0.504952
binom	1	0.07	0.2	0.16394	0.508914
binom	1	0.08	0.2	0.16308	0.509658
binom	1	0.1	0.2	0.16338	0.511704
binom	1	0.2	0.2	0.1607	0.523709
binom	1	0.3	0.2	0.15627	0.536108
binom	1	0.4	0.2	0.1494	0.547785
binom	1	0.5	0.2	0.14299	0.56098
binom	1	0.6	0.2	0.13188	0.573963
binom	1	0.7	0.2	0.12363	0.586534
binom	1	0.8	0.2	0.11694	0.600012
binom	1	0.9	0.2	0.1069	0.613933
