binom	1	0	0.2	0.16022	0.500094
binom	1	0.01	0.2	0.16286	0.502131
binom	1	0.02	0.2	0.16112	0.50258
binom	1	0.03	0.2	0.16198	0.505071
binom	1	0.05	0.2	0.16106	0.508081
binom	1	0.07	0.2	0.16156	0.511324
binom	1	0.08	0.2	0.16392	0.51197
binom	1	0.1	0.2	0.16078	0.515912
binom	1	0.2	0.2	0.15854	0.531549
binom	1	0.3	0.2	0.15588	0.54769
binom	1	0.4	0.2	0.14627	0.563502
binom	1	0.5	0.2	0.14035	0.580237
binom	1	0.6	0.2	0.13226	0.596615
binom	1	0.7	0.2	0.12359	0.61523
binom	1	0.8	0.2	0.11264	0.632265
binom	1	0.9	0.2	0.10452	0.652078
