binom	1	0	0.2	0.18599	0.500147
binom	1	0.01	0.2	0.18507	0.501068
binom	1	0.02	0.2	0.18421	0.503155
binom	1	0.03	0.2	0.18424	0.504017
binom	1	0.05	0.2	0.18357	0.507601
binom	1	0.07	0.2	0.18521	0.509539
binom	1	0.08	0.2	0.18432	0.511527
binom	1	0.1	0.2	0.18446	0.513869
binom	1	0.2	0.2	0.18065	0.528349
binom	1	0.3	0.2	0.17673	0.542867
binom	1	0.4	0.2	0.17085	0.557211
binom	1	0.5	0.2	0.16051	0.572561
binom	1	0.6	0.2	0.15192	0.587409
binom	1	0.7	0.2	0.14241	0.603654
binom	1	0.8	0.2	0.13333	0.619783
binom	1	0.9	0.2	0.12132	0.637291
