binom	1	0	0.2	0.16282	0.500106
binom	1	0.01	0.2	0.16484	0.501683
binom	1	0.02	0.2	0.16482	0.504153
binom	1	0.03	0.2	0.16419	0.505503
binom	1	0.05	0.2	0.1636	0.50911
binom	1	0.07	0.2	0.1611	0.512419
binom	1	0.08	0.2	0.16268	0.514565
binom	1	0.1	0.2	0.16121	0.519068
binom	1	0.2	0.2	0.15855	0.536956
binom	1	0.3	0.2	0.1533	0.557505
binom	1	0.4	0.2	0.1514	0.575847
binom	1	0.5	0.2	0.14109	0.595742
binom	1	0.6	0.2	0.13184	0.615316
binom	1	0.7	0.2	0.12367	0.636661
binom	1	0.8	0.2	0.11429	0.657344
binom	1	0.9	0.2	0.1043	0.678341
