binom	1	0	0.2	0.16489	0.500354
binom	1	0.01	0.2	0.16344	0.502573
binom	1	0.02	0.2	0.16414	0.50391
binom	1	0.03	0.2	0.16517	0.506139
binom	1	0.05	0.2	0.16733	0.510368
binom	1	0.07	0.2	0.16493	0.514891
binom	1	0.08	0.2	0.16263	0.516512
binom	1	0.1	0.2	0.16487	0.521044
binom	1	0.2	0.2	0.16063	0.541984
binom	1	0.3	0.2	0.15724	0.56277
binom	1	0.4	0.2	0.1483	0.584148
binom	1	0.5	0.2	0.14078	0.606261
binom	1	0.6	0.2	0.13346	0.629097
binom	1	0.7	0.2	0.12425	0.651667
binom	1	0.8	0.2	0.11761	0.674847
binom	1	0.9	0.2	0.10465	0.697262
