binom	1	0	0.2	0.16912	0.500167
binom	1	0.01	0.2	0.16951	0.501551
binom	1	0.02	0.2	0.16802	0.503034
binom	1	0.03	0.2	0.17053	0.50358
binom	1	0.05	0.2	0.16782	0.506146
binom	1	0.07	0.2	0.16855	0.508076
binom	1	0.08	0.2	0.16864	0.509692
binom	1	0.1	0.2	0.1659	0.512002
binom	1	0.2	0.2	0.16438	0.524449
binom	1	0.3	0.2	0.16284	0.53619
binom	1	0.4	0.2	0.1531	0.549139
binom	1	0.5	0.2	0.14717	0.561491
binom	1	0.6	0.2	0.13772	0.574411
binom	1	0.7	0.2	0.12785	0.587097
binom	1	0.8	0.2	0.11922	0.600087
binom	1	0.9	0.2	0.10573	0.613562
