binom	1	0	0.2	0.16764	0.500246
binom	1	0.01	0.2	0.16872	0.501908
binom	1	0.02	0.2	0.16758	0.501957
binom	1	0.03	0.2	0.16991	0.503619
binom	1	0.05	0.2	0.16831	0.505537
binom	1	0.07	0.2	0.16816	0.5091
binom	1	0.08	0.2	0.16796	0.509669
binom	1	0.1	0.2	0.16689	0.512232
binom	1	0.2	0.2	0.16365	0.52452
binom	1	0.3	0.2	0.15875	0.537257
binom	1	0.4	0.2	0.1523	0.549588
binom	1	0.5	0.2	0.14518	0.563266
binom	1	0.6	0.2	0.13401	0.576236
binom	1	0.7	0.2	0.12914	0.589436
binom	1	0.8	0.2	0.11575	0.602868
binom	1	0.9	0.2	0.1087	0.617692
