binom	1	0	0.15	0.14852	0.500961
binom	1	0.01	0.15	0.14826	0.500922
binom	1	0.02	0.15	0.14773	0.502207
binom	1	0.03	0.15	0.14646	0.503443
binom	1	0.05	0.15	0.14676	0.505806
binom	1	0.07	0.15	0.14668	0.508011
binom	1	0.08	0.15	0.14645	0.509868
binom	1	0.1	0.15	0.14771	0.512149
binom	1	0.2	0.15	0.14073	0.522907
binom	1	0.3	0.15	0.13827	0.535392
binom	1	0.4	0.15	0.13441	0.546799
binom	1	0.5	0.15	0.12673	0.55958
binom	1	0.6	0.15	0.11881	0.571501
binom	1	0.7	0.15	0.11093	0.584689
binom	1	0.8	0.15	0.10171	0.598116
binom	1	0.9	0.15	0.09447	0.612343
