binom	1	0	0.15	0.13693	0.499742
binom	1	0.01	0.15	0.13684	0.501062
binom	1	0.02	0.15	0.13693	0.501532
binom	1	0.03	0.15	0.1378	0.501827
binom	1	0.05	0.15	0.13761	0.503451
binom	1	0.07	0.15	0.13665	0.50491
binom	1	0.08	0.15	0.13573	0.505908
binom	1	0.1	0.15	0.13674	0.507769
binom	1	0.2	0.15	0.13323	0.515005
binom	1	0.3	0.15	0.12946	0.52289
binom	1	0.4	0.15	0.12577	0.530902
binom	1	0.5	0.15	0.11816	0.538565
binom	1	0.6	0.15	0.10967	0.546267
binom	1	0.7	0.15	0.10363	0.55467
binom	1	0.8	0.15	0.09536	0.562409
binom	1	0.9	0.15	0.08759	0.571142
