binom	1	0	0.15	0.13946	0.499476
binom	1	0.01	0.15	0.13763	0.501112
binom	1	0.02	0.15	0.14004	0.501952
binom	1	0.03	0.15	0.13815	0.502393
binom	1	0.05	0.15	0.13746	0.504217
binom	1	0.07	0.15	0.13699	0.505157
binom	1	0.08	0.15	0.13799	0.506967
binom	1	0.1	0.15	0.13668	0.507784
binom	1	0.2	0.15	0.13501	0.516189
binom	1	0.3	0.15	0.13174	0.52393
binom	1	0.4	0.15	0.12468	0.530994
binom	1	0.5	0.15	0.11953	0.539306
binom	1	0.6	0.15	0.11043	0.547625
binom	1	0.7	0.15	0.1038	0.556587
binom	1	0.8	0.15	0.09472	0.56394
binom	1	0.9	0.15	0.08589	0.573106
