binom	1	0	0.15	0.13559	0.500243
binom	1	0.01	0.15	0.13708	0.500871
binom	1	0.02	0.15	0.13589	0.501941
binom	1	0.03	0.15	0.13598	0.502966
binom	1	0.05	0.15	0.13656	0.503993
binom	1	0.07	0.15	0.13606	0.506248
binom	1	0.08	0.15	0.13557	0.507095
binom	1	0.1	0.15	0.13533	0.507511
binom	1	0.2	0.15	0.13267	0.516372
binom	1	0.3	0.15	0.12705	0.523784
binom	1	0.4	0.15	0.12279	0.531126
binom	1	0.5	0.15	0.11622	0.54089
binom	1	0.6	0.15	0.10743	0.548268
binom	1	0.7	0.15	0.10256	0.556795
binom	1	0.8	0.15	0.09433	0.565331
binom	1	0.9	0.15	0.0861	0.574912
