binom	1	0	0.15	0.13645	0.499962
binom	1	0.01	0.15	0.13503	0.500601
binom	1	0.02	0.15	0.13573	0.501737
binom	1	0.03	0.15	0.1364	0.503334
binom	1	0.05	0.15	0.13419	0.503879
binom	1	0.07	0.15	0.13399	0.505964
binom	1	0.08	0.15	0.13405	0.50605
binom	1	0.1	0.15	0.13428	0.506921
binom	1	0.2	0.15	0.13034	0.514937
binom	1	0.3	0.15	0.1296	0.522781
binom	1	0.4	0.15	0.12314	0.532076
binom	1	0.5	0.15	0.11836	0.539322
binom	1	0.6	0.15	0.10733	0.547819
binom	1	0.7	0.15	0.1003	0.556461
binom	1	0.8	0.15	0.09386	0.564588
binom	1	0.9	0.15	0.08679	0.573635
