binom	1	0	0.15	0.13167	0.499943
binom	1	0.01	0.15	0.13179	0.501663
binom	1	0.02	0.15	0.13059	0.50419
binom	1	0.03	0.15	0.12962	0.505521
binom	1	0.05	0.15	0.13253	0.508943
binom	1	0.07	0.15	0.13102	0.513004
binom	1	0.08	0.15	0.13217	0.514693
binom	1	0.1	0.15	0.12889	0.518408
binom	1	0.2	0.15	0.12848	0.538334
binom	1	0.3	0.15	0.12254	0.556548
binom	1	0.4	0.15	0.1187	0.575382
binom	1	0.5	0.15	0.11211	0.595124
binom	1	0.6	0.15	0.10372	0.61342
binom	1	0.7	0.15	0.09721	0.63229
binom	1	0.8	0.15	0.09142	0.651647
binom	1	0.9	0.15	0.0828	0.670599
