binom	1	0	0.15	0.13199	0.500123
binom	1	0.01	0.15	0.13199	0.501943
binom	1	0.02	0.15	0.13191	0.50431
binom	1	0.03	0.15	0.13111	0.505401
binom	1	0.05	0.15	0.13161	0.510027
binom	1	0.07	0.15	0.12939	0.512751
binom	1	0.08	0.15	0.12918	0.514489
binom	1	0.1	0.15	0.12848	0.517826
binom	1	0.2	0.15	0.12708	0.537316
binom	1	0.3	0.15	0.12593	0.555172
binom	1	0.4	0.15	0.11809	0.574243
binom	1	0.5	0.15	0.11026	0.592552
binom	1	0.6	0.15	0.10578	0.611312
binom	1	0.7	0.15	0.09717	0.630028
binom	1	0.8	0.15	0.09076	0.650029
binom	1	0.9	0.15	0.08303	0.667456
