binom	1	0	0.15	0.13535	0.499681
binom	1	0.01	0.15	0.13582	0.501978
binom	1	0.02	0.15	0.13454	0.502948
binom	1	0.03	0.15	0.13237	0.504279
binom	1	0.05	0.15	0.13511	0.506997
binom	1	0.07	0.15	0.13604	0.509704
binom	1	0.08	0.15	0.13407	0.511556
binom	1	0.1	0.15	0.1351	0.514084
binom	1	0.2	0.15	0.13241	0.529076
binom	1	0.3	0.15	0.12824	0.542859
binom	1	0.4	0.15	0.12279	0.557091
binom	1	0.5	0.15	0.11464	0.57213
binom	1	0.6	0.15	0.10987	0.587405
binom	1	0.7	0.15	0.10166	0.602547
binom	1	0.8	0.15	0.0932	0.618627
binom	1	0.9	0.15	0.08563	0.635078
