binom	1	0	0.15	0.13964	0.500456
binom	1	0.01	0.15	0.1372	0.5
binom	1	0.02	0.15	0.13799	0.502065
binom	1	0.03	0.15	0.13795	0.503021
binom	1	0.05	0.15	0.13646	0.504978
binom	1	0.07	0.15	0.13704	0.508253
binom	1	0.08	0.15	0.13765	0.508825
binom	1	0.1	0.15	0.13596	0.511632
binom	1	0.2	0.15	0.13158	0.523611
binom	1	0.3	0.15	0.12973	0.53567
binom	1	0.4	0.15	0.1253	0.547471
binom	1	0.5	0.15	0.11519	0.560886
binom	1	0.6	0.15	0.10877	0.574188
binom	1	0.7	0.15	0.0999	0.587672
binom	1	0.8	0.15	0.09044	0.601435
binom	1	0.9	0.15	0.08063	0.61664
