binom	1	0	0.01	0.02204	0.499224
binom	1	0.01	0.01	0.02187	0.501596
binom	1	0.02	0.01	0.02207	0.500263
binom	1	0.03	0.01	0.02213	0.504008
binom	1	0.05	0.01	0.02226	0.50274
binom	1	0.07	0.01	0.02158	0.50538
binom	1	0.08	0.01	0.02138	0.505215
binom	1	0.1	0.01	0.02126	0.508316
binom	1	0.2	0.01	0.02172	0.515548
binom	1	0.3	0.01	0.02097	0.524249
binom	1	0.4	0.01	0.01936	0.53234
binom	1	0.5	0.01	0.01867	0.537681
binom	1	0.6	0.01	0.0177	0.548271
binom	1	0.7	0.01	0.01716	0.557127
binom	1	0.8	0.01	0.016	0.562612
binom	1	0.9	0.01	0.01571	0.570121
