binom	1	0	0.01	0.02235	0.500546
binom	1	0.01	0.01	0.02118	0.50313
binom	1	0.02	0.01	0.02196	0.500679
binom	1	0.03	0.01	0.02177	0.500845
binom	1	0.05	0.01	0.02146	0.503322
binom	1	0.07	0.01	0.02108	0.504184
binom	1	0.08	0.01	0.02118	0.505118
binom	1	0.1	0.01	0.02172	0.508964
binom	1	0.2	0.01	0.02136	0.514892
binom	1	0.3	0.01	0.02073	0.523932
binom	1	0.4	0.01	0.01933	0.529229
binom	1	0.5	0.01	0.01896	0.538729
binom	1	0.6	0.01	0.0175	0.547709
binom	1	0.7	0.01	0.01689	0.554263
binom	1	0.8	0.01	0.01646	0.562685
binom	1	0.9	0.01	0.01513	0.57111
