binom	1	0	0.01	0.02134	0.499841
binom	1	0.01	0.01	0.0214	0.501808
binom	1	0.02	0.01	0.02089	0.50281
binom	1	0.03	0.01	0.02044	0.502295
binom	1	0.05	0.01	0.02061	0.505192
binom	1	0.07	0.01	0.0207	0.509715
binom	1	0.08	0.01	0.02051	0.510946
binom	1	0.1	0.01	0.02081	0.51346
binom	1	0.2	0.01	0.02032	0.525679
binom	1	0.3	0.01	0.01944	0.537834
binom	1	0.4	0.01	0.0194	0.552387
binom	1	0.5	0.01	0.01733	0.564743
binom	1	0.6	0.01	0.01813	0.577275
binom	1	0.7	0.01	0.01652	0.592542
binom	1	0.8	0.01	0.01495	0.605826
binom	1	0.9	0.01	0.01461	0.622717
