binom	1	0	0.15	0.15137	0.499357
binom	1	0.01	0.15	0.14944	0.501375
binom	1	0.02	0.15	0.15145	0.502222
binom	1	0.03	0.15	0.15201	0.504102
binom	1	0.05	0.15	0.15134	0.506504
binom	1	0.07	0.15	0.1514	0.509139
binom	1	0.08	0.15	0.15216	0.510506
binom	1	0.1	0.15	0.15117	0.512976
binom	1	0.2	0.15	0.14971	0.52569
binom	1	0.3	0.15	0.14193	0.538024
binom	1	0.4	0.15	0.13879	0.550826
binom	1	0.5	0.15	0.13058	0.563784
binom	1	0.6	0.15	0.1246	0.578666
binom	1	0.7	0.15	0.1135	0.591467
binom	1	0.8	0.15	0.10515	0.604816
binom	1	0.9	0.15	0.09608	0.618987
