binom	1	0	0.15	0.13032	0.498775
binom	1	0.01	0.15	0.12731	0.500586
binom	1	0.02	0.15	0.12714	0.501664
binom	1	0.03	0.15	0.12804	0.501575
binom	1	0.05	0.15	0.13034	0.502637
binom	1	0.07	0.15	0.12757	0.503816
binom	1	0.08	0.15	0.12718	0.504049
binom	1	0.1	0.15	0.12791	0.506105
binom	1	0.2	0.15	0.12448	0.511554
binom	1	0.3	0.15	0.12149	0.517852
binom	1	0.4	0.15	0.11594	0.524254
binom	1	0.5	0.15	0.11002	0.529983
binom	1	0.6	0.15	0.10149	0.536212
binom	1	0.7	0.15	0.09626	0.541133
binom	1	0.8	0.15	0.08795	0.546588
binom	1	0.9	0.15	0.08124	0.552661
