binom	1	0	0.15	0.14787	0.500275
binom	1	0.01	0.15	0.14995	0.501
binom	1	0.02	0.15	0.14951	0.503571
binom	1	0.03	0.15	0.14948	0.504092
binom	1	0.05	0.15	0.1471	0.507888
binom	1	0.07	0.15	0.15208	0.51126
binom	1	0.08	0.15	0.14785	0.512606
binom	1	0.1	0.15	0.14645	0.515624
binom	1	0.2	0.15	0.14743	0.532051
binom	1	0.3	0.15	0.14129	0.548246
binom	1	0.4	0.15	0.13547	0.564769
binom	1	0.5	0.15	0.13024	0.581294
binom	1	0.6	0.15	0.11908	0.598322
binom	1	0.7	0.15	0.11193	0.615721
binom	1	0.8	0.15	0.10248	0.634559
binom	1	0.9	0.15	0.09551	0.651865
