binom	1	0	0.2	0.16805	0.499704
binom	1	0.01	0.2	0.16489	0.5018
binom	1	0.02	0.2	0.16504	0.503234
binom	1	0.03	0.2	0.16685	0.505019
binom	1	0.05	0.2	0.16651	0.50813
binom	1	0.07	0.2	0.16532	0.511912
binom	1	0.08	0.2	0.1659	0.513203
binom	1	0.1	0.2	0.16503	0.516953
binom	1	0.2	0.2	0.16217	0.533908
binom	1	0.3	0.2	0.15962	0.550948
binom	1	0.4	0.2	0.15185	0.56922
binom	1	0.5	0.2	0.14308	0.586788
binom	1	0.6	0.2	0.13789	0.605664
binom	1	0.7	0.2	0.12735	0.624683
binom	1	0.8	0.2	0.11886	0.64506
binom	1	0.9	0.2	0.10809	0.666543
