binom	1	0	0.2	0.16672	0.499805
binom	1	0.01	0.2	0.1655	0.501657
binom	1	0.02	0.2	0.16787	0.503603
binom	1	0.03	0.2	0.16748	0.505002
binom	1	0.05	0.2	0.16735	0.508375
binom	1	0.07	0.2	0.16759	0.511347
binom	1	0.08	0.2	0.16523	0.51338
binom	1	0.1	0.2	0.16618	0.51695
binom	1	0.2	0.2	0.16181	0.533508
binom	1	0.3	0.2	0.15729	0.551047
binom	1	0.4	0.2	0.15231	0.568649
binom	1	0.5	0.2	0.14337	0.586917
binom	1	0.6	0.2	0.13642	0.605508
binom	1	0.7	0.2	0.1267	0.62476
binom	1	0.8	0.2	0.11869	0.645338
binom	1	0.9	0.2	0.11024	0.666067
