binom	1	0	0.2	0.16832	0.500021
binom	1	0.01	0.2	0.16845	0.501398
binom	1	0.02	0.2	0.16846	0.503423
binom	1	0.03	0.2	0.16559	0.50478
binom	1	0.05	0.2	0.16491	0.508591
binom	1	0.07	0.2	0.16624	0.511779
binom	1	0.08	0.2	0.16565	0.513483
binom	1	0.1	0.2	0.16402	0.516803
binom	1	0.2	0.2	0.16309	0.533559
binom	1	0.3	0.2	0.15744	0.550878
binom	1	0.4	0.2	0.15187	0.568294
binom	1	0.5	0.2	0.14589	0.58643
binom	1	0.6	0.2	0.13557	0.605056
binom	1	0.7	0.2	0.12802	0.624571
binom	1	0.8	0.2	0.11829	0.64458
binom	1	0.9	0.2	0.10967	0.665888
