binom	1	0	0.2	0.16474	0.49933
binom	1	0.01	0.2	0.16779	0.502081
binom	1	0.02	0.2	0.16841	0.504202
binom	1	0.03	0.2	0.16885	0.505356
binom	1	0.05	0.2	0.16694	0.50913
binom	1	0.07	0.2	0.1647	0.511236
binom	1	0.08	0.2	0.16594	0.513809
binom	1	0.1	0.2	0.16549	0.517462
binom	1	0.2	0.2	0.16228	0.533786
binom	1	0.3	0.2	0.15963	0.550608
binom	1	0.4	0.2	0.15222	0.568752
binom	1	0.5	0.2	0.14474	0.586423
binom	1	0.6	0.2	0.13599	0.604893
binom	1	0.7	0.2	0.12676	0.622558
binom	1	0.8	0.2	0.11875	0.644756
binom	1	0.9	0.2	0.10951	0.664969
