binom	1	0	0.2	0.16505	0.499832
binom	1	0.01	0.2	0.16657	0.501656
binom	1	0.02	0.2	0.16823	0.503468
binom	1	0.03	0.2	0.16505	0.50484
binom	1	0.05	0.2	0.16672	0.508772
binom	1	0.07	0.2	0.16791	0.511726
binom	1	0.08	0.2	0.16585	0.513298
binom	1	0.1	0.2	0.16526	0.516852
binom	1	0.2	0.2	0.16322	0.533419
binom	1	0.3	0.2	0.1581	0.550783
binom	1	0.4	0.2	0.1514	0.568781
binom	1	0.5	0.2	0.1461	0.586927
binom	1	0.6	0.2	0.13783	0.605855
binom	1	0.7	0.2	0.12853	0.624924
binom	1	0.8	0.2	0.11789	0.64479
binom	1	0.9	0.2	0.10864	0.666386
