binom	1	0	0.2	0.16694	0.500092
binom	1	0.01	0.2	0.16655	0.501603
binom	1	0.02	0.2	0.1674	0.503063
binom	1	0.03	0.2	0.16641	0.505182
binom	1	0.05	0.2	0.16618	0.508141
binom	1	0.07	0.2	0.16625	0.511514
binom	1	0.08	0.2	0.16739	0.513498
binom	1	0.1	0.2	0.166	0.516547
binom	1	0.2	0.2	0.16214	0.533491
binom	1	0.3	0.2	0.15868	0.550299
binom	1	0.4	0.2	0.15102	0.568159
binom	1	0.5	0.2	0.14421	0.586205
binom	1	0.6	0.2	0.13429	0.604681
binom	1	0.7	0.2	0.12513	0.623952
binom	1	0.8	0.2	0.11682	0.644673
binom	1	0.9	0.2	0.10986	0.665075
