binom	1	0	0.2	0.16714	0.500263
binom	1	0.01	0.2	0.16563	0.501687
binom	1	0.02	0.2	0.16792	0.503017
binom	1	0.03	0.2	0.16695	0.504933
binom	1	0.05	0.2	0.16727	0.508932
binom	1	0.07	0.2	0.16745	0.512121
binom	1	0.08	0.2	0.16614	0.513123
binom	1	0.1	0.2	0.16309	0.517112
binom	1	0.2	0.2	0.16153	0.534324
binom	1	0.3	0.2	0.15768	0.552241
binom	1	0.4	0.2	0.15146	0.569457
binom	1	0.5	0.2	0.1425	0.587802
binom	1	0.6	0.2	0.13489	0.607006
binom	1	0.7	0.2	0.12627	0.625654
binom	1	0.8	0.2	0.11808	0.646788
binom	1	0.9	0.2	0.10761	0.668499
