binom	1	0	0.2	0.16641	0.500292
binom	1	0.01	0.2	0.16684	0.501472
binom	1	0.02	0.2	0.16647	0.503062
binom	1	0.03	0.2	0.16715	0.504878
binom	1	0.05	0.2	0.16656	0.508337
binom	1	0.07	0.2	0.16599	0.511843
binom	1	0.08	0.2	0.1651	0.513222
binom	1	0.1	0.2	0.16418	0.516551
binom	1	0.2	0.2	0.16239	0.533923
binom	1	0.3	0.2	0.16096	0.550967
binom	1	0.4	0.2	0.15138	0.568721
binom	1	0.5	0.2	0.14469	0.587175
binom	1	0.6	0.2	0.13601	0.605372
binom	1	0.7	0.2	0.12651	0.6251
binom	1	0.8	0.2	0.11786	0.644916
binom	1	0.9	0.2	0.10843	0.665832
