binom	1	0	0.2	0.16594	0.49977
binom	1	0.01	0.2	0.16551	0.501492
binom	1	0.02	0.2	0.16707	0.503461
binom	1	0.03	0.2	0.16593	0.505081
binom	1	0.05	0.2	0.16485	0.50829
binom	1	0.07	0.2	0.16357	0.511781
binom	1	0.08	0.2	0.16701	0.513321
binom	1	0.1	0.2	0.16749	0.516989
binom	1	0.2	0.2	0.16329	0.53375
binom	1	0.3	0.2	0.15829	0.550865
binom	1	0.4	0.2	0.15189	0.568399
binom	1	0.5	0.2	0.14462	0.586378
binom	1	0.6	0.2	0.13745	0.605585
binom	1	0.7	0.2	0.12748	0.624829
binom	1	0.8	0.2	0.117	0.645246
binom	1	0.9	0.2	0.10708	0.665759
