binom	1	0	0.2	0.1693	0.500246
binom	1	0.01	0.2	0.16727	0.502221
binom	1	0.02	0.2	0.16737	0.5038
binom	1	0.03	0.2	0.16704	0.504708
binom	1	0.05	0.2	0.16626	0.509006
binom	1	0.07	0.2	0.1674	0.512712
binom	1	0.08	0.2	0.16455	0.51303
binom	1	0.1	0.2	0.16645	0.517306
binom	1	0.2	0.2	0.16255	0.533595
binom	1	0.3	0.2	0.15749	0.55264
binom	1	0.4	0.2	0.15288	0.569521
binom	1	0.5	0.2	0.14612	0.587346
binom	1	0.6	0.2	0.13609	0.605865
binom	1	0.7	0.2	0.12868	0.625362
binom	1	0.8	0.2	0.11935	0.646472
binom	1	0.9	0.2	0.10776	0.667539
