binom	1	0	0.2	0.16704	0.499814
binom	1	0.01	0.2	0.16591	0.501934
binom	1	0.02	0.2	0.16652	0.503264
binom	1	0.03	0.2	0.16529	0.50509
binom	1	0.05	0.2	0.16798	0.508291
binom	1	0.07	0.2	0.16735	0.51218
binom	1	0.08	0.2	0.16833	0.513688
binom	1	0.1	0.2	0.16581	0.516995
binom	1	0.2	0.2	0.16247	0.534096
binom	1	0.3	0.2	0.15941	0.55127
binom	1	0.4	0.2	0.1522	0.568892
binom	1	0.5	0.2	0.14505	0.586749
binom	1	0.6	0.2	0.13485	0.60626
binom	1	0.7	0.2	0.12646	0.625246
binom	1	0.8	0.2	0.11735	0.645133
binom	1	0.9	0.2	0.1103	0.666656
