binom	1	0	0.2	0.16598	0.499564
binom	1	0.01	0.2	0.167	0.501831
binom	1	0.02	0.2	0.16539	0.50312
binom	1	0.03	0.2	0.16685	0.505841
binom	1	0.05	0.2	0.16645	0.508761
binom	1	0.07	0.2	0.16693	0.511833
binom	1	0.08	0.2	0.16483	0.513312
binom	1	0.1	0.2	0.16689	0.517386
binom	1	0.2	0.2	0.16523	0.534618
binom	1	0.3	0.2	0.15732	0.550862
binom	1	0.4	0.2	0.15206	0.569542
binom	1	0.5	0.2	0.14359	0.586666
binom	1	0.6	0.2	0.13741	0.606071
binom	1	0.7	0.2	0.12547	0.625836
binom	1	0.8	0.2	0.11542	0.646527
binom	1	0.9	0.2	0.10863	0.666012
