binom	1	0	0.2	0.16715	0.499929
binom	1	0.01	0.2	0.16464	0.502078
binom	1	0.02	0.2	0.16613	0.503385
binom	1	0.03	0.2	0.16805	0.504697
binom	1	0.05	0.2	0.1661	0.508568
binom	1	0.07	0.2	0.16748	0.511823
binom	1	0.08	0.2	0.16572	0.513225
binom	1	0.1	0.2	0.16684	0.51663
binom	1	0.2	0.2	0.16323	0.53383
binom	1	0.3	0.2	0.15663	0.550962
binom	1	0.4	0.2	0.15116	0.568308
binom	1	0.5	0.2	0.14454	0.586407
binom	1	0.6	0.2	0.1353	0.604889
binom	1	0.7	0.2	0.12785	0.624357
binom	1	0.8	0.2	0.1181	0.644574
binom	1	0.9	0.2	0.10843	0.665932
