binom	1	0	0.2	0.16588	0.499988
binom	1	0.01	0.2	0.16454	0.501591
binom	1	0.02	0.2	0.16714	0.502431
binom	1	0.03	0.2	0.16647	0.504837
binom	1	0.05	0.2	0.16498	0.507847
binom	1	0.07	0.2	0.16614	0.511321
binom	1	0.08	0.2	0.16561	0.513973
binom	1	0.1	0.2	0.16887	0.517111
binom	1	0.2	0.2	0.16388	0.533589
binom	1	0.3	0.2	0.15747	0.551455
binom	1	0.4	0.2	0.15154	0.56932
binom	1	0.5	0.2	0.14593	0.586202
binom	1	0.6	0.2	0.13711	0.604165
binom	1	0.7	0.2	0.12814	0.624701
binom	1	0.8	0.2	0.11891	0.643993
binom	1	0.9	0.2	0.10855	0.663724
