binom	1	0	0.2	0.16723	0.499825
binom	1	0.01	0.2	0.16803	0.501727
binom	1	0.02	0.2	0.16679	0.503016
binom	1	0.03	0.2	0.16651	0.505284
binom	1	0.05	0.2	0.16446	0.508199
binom	1	0.07	0.2	0.16654	0.511581
binom	1	0.08	0.2	0.16562	0.51326
binom	1	0.1	0.2	0.16676	0.516838
binom	1	0.2	0.2	0.16343	0.533869
binom	1	0.3	0.2	0.16011	0.551029
binom	1	0.4	0.2	0.14997	0.568445
binom	1	0.5	0.2	0.14449	0.586517
binom	1	0.6	0.2	0.13654	0.605283
binom	1	0.7	0.2	0.12679	0.624685
binom	1	0.8	0.2	0.11806	0.644976
binom	1	0.9	0.2	0.10918	0.665822
