binom	1	0	0.2	0.16654	0.500017
binom	1	0.01	0.2	0.16424	0.502147
binom	1	0.02	0.2	0.16641	0.50362
binom	1	0.03	0.2	0.16747	0.505173
binom	1	0.05	0.2	0.16666	0.508467
binom	1	0.07	0.2	0.16631	0.511381
binom	1	0.08	0.2	0.1647	0.513172
binom	1	0.1	0.2	0.16477	0.516758
binom	1	0.2	0.2	0.16292	0.533861
binom	1	0.3	0.2	0.16011	0.550734
binom	1	0.4	0.2	0.15284	0.568028
binom	1	0.5	0.2	0.14467	0.586535
binom	1	0.6	0.2	0.13616	0.604906
binom	1	0.7	0.2	0.12621	0.624481
binom	1	0.8	0.2	0.11831	0.64387
binom	1	0.9	0.2	0.10843	0.665746
