binom	1	0	0.2	0.1656	0.499971
binom	1	0.01	0.2	0.16587	0.501748
binom	1	0.02	0.2	0.1654	0.50325
binom	1	0.03	0.2	0.16552	0.504729
binom	1	0.05	0.2	0.16614	0.508618
binom	1	0.07	0.2	0.1671	0.51166
binom	1	0.08	0.2	0.16675	0.513481
binom	1	0.1	0.2	0.16398	0.516919
binom	1	0.2	0.2	0.16368	0.53368
binom	1	0.3	0.2	0.1588	0.550861
binom	1	0.4	0.2	0.15026	0.56808
binom	1	0.5	0.2	0.14518	0.586274
binom	1	0.6	0.2	0.13538	0.605446
binom	1	0.7	0.2	0.12727	0.624532
binom	1	0.8	0.2	0.11863	0.644596
binom	1	0.9	0.2	0.10737	0.665809
