binom	1	0	0.2	0.16635	0.499736
binom	1	0.01	0.2	0.16986	0.501567
binom	1	0.02	0.2	0.16812	0.503091
binom	1	0.03	0.2	0.16882	0.504957
binom	1	0.05	0.2	0.1661	0.508323
binom	1	0.07	0.2	0.1641	0.511658
binom	1	0.08	0.2	0.16629	0.513443
binom	1	0.1	0.2	0.16894	0.516923
binom	1	0.2	0.2	0.16167	0.533695
binom	1	0.3	0.2	0.16027	0.551163
binom	1	0.4	0.2	0.15321	0.568723
binom	1	0.5	0.2	0.1458	0.586515
binom	1	0.6	0.2	0.13805	0.60531
binom	1	0.7	0.2	0.12758	0.624585
binom	1	0.8	0.2	0.11833	0.644917
binom	1	0.9	0.2	0.10886	0.665729
