binom	1	0	0.2	0.16871	0.499553
binom	1	0.01	0.2	0.16542	0.501579
binom	1	0.02	0.2	0.16458	0.503608
binom	1	0.03	0.2	0.16661	0.504998
binom	1	0.05	0.2	0.16494	0.508247
binom	1	0.07	0.2	0.16532	0.51208
binom	1	0.08	0.2	0.16731	0.513412
binom	1	0.1	0.2	0.16514	0.516948
binom	1	0.2	0.2	0.16369	0.534175
binom	1	0.3	0.2	0.16149	0.551344
binom	1	0.4	0.2	0.1499	0.569665
binom	1	0.5	0.2	0.14222	0.588039
binom	1	0.6	0.2	0.13737	0.606698
binom	1	0.7	0.2	0.1263	0.625511
binom	1	0.8	0.2	0.1167	0.645895
binom	1	0.9	0.2	0.10867	0.667029
