binom	1	0	0.2	0.16767	0.500069
binom	1	0.01	0.2	0.16849	0.501294
binom	1	0.02	0.2	0.16627	0.503216
binom	1	0.03	0.2	0.16535	0.505372
binom	1	0.05	0.2	0.16692	0.508804
binom	1	0.07	0.2	0.16495	0.511955
binom	1	0.08	0.2	0.16587	0.513515
binom	1	0.1	0.2	0.16683	0.516933
binom	1	0.2	0.2	0.16368	0.534188
binom	1	0.3	0.2	0.15919	0.550596
binom	1	0.4	0.2	0.15158	0.569147
binom	1	0.5	0.2	0.14412	0.586345
binom	1	0.6	0.2	0.13481	0.604751
binom	1	0.7	0.2	0.12601	0.624297
binom	1	0.8	0.2	0.11909	0.644634
binom	1	0.9	0.2	0.10728	0.665428
