binom	1	0	0.01	0.01696	0.499923
binom	1	0.01	0.01	0.01671	0.50137
binom	1	0.02	0.01	0.01731	0.503582
binom	1	0.03	0.01	0.01668	0.504053
binom	1	0.05	0.01	0.017	0.506912
binom	1	0.07	0.01	0.01719	0.512595
binom	1	0.08	0.01	0.01635	0.51674
binom	1	0.1	0.01	0.01719	0.515759
binom	1	0.2	0.01	0.01674	0.531386
binom	1	0.3	0.01	0.01637	0.550641
binom	1	0.4	0.01	0.01488	0.563898
binom	1	0.5	0.01	0.01455	0.579801
binom	1	0.6	0.01	0.01441	0.595843
binom	1	0.7	0.01	0.01346	0.611694
binom	1	0.8	0.01	0.01251	0.628305
binom	1	0.9	0.01	0.01159	0.645712
