binom	1	0	0.01	0.017	0.500247
binom	1	0.01	0.01	0.01564	0.501918
binom	1	0.02	0.01	0.01671	0.503022
binom	1	0.03	0.01	0.01607	0.504617
binom	1	0.05	0.01	0.01627	0.503958
binom	1	0.07	0.01	0.01527	0.505357
binom	1	0.08	0.01	0.01638	0.510342
binom	1	0.1	0.01	0.01599	0.512339
binom	1	0.2	0.01	0.0161	0.521789
binom	1	0.3	0.01	0.01568	0.534177
binom	1	0.4	0.01	0.01513	0.540965
binom	1	0.5	0.01	0.0143	0.554364
binom	1	0.6	0.01	0.01335	0.564375
binom	1	0.7	0.01	0.01227	0.575265
binom	1	0.8	0.01	0.01257	0.585792
binom	1	0.9	0.01	0.01221	0.597256
