binom	1	0	0.01	0.0156	0.500128
binom	1	0.01	0.01	0.01591	0.501169
binom	1	0.02	0.01	0.01597	0.500257
binom	1	0.03	0.01	0.0162	0.503988
binom	1	0.05	0.01	0.01662	0.505427
binom	1	0.07	0.01	0.01608	0.509714
binom	1	0.08	0.01	0.01654	0.509528
binom	1	0.1	0.01	0.01597	0.510301
binom	1	0.2	0.01	0.01572	0.523098
binom	1	0.3	0.01	0.01681	0.53188
binom	1	0.4	0.01	0.01543	0.544964
binom	1	0.5	0.01	0.01433	0.554899
binom	1	0.6	0.01	0.01352	0.56557
binom	1	0.7	0.01	0.01246	0.575995
binom	1	0.8	0.01	0.01272	0.587799
binom	1	0.9	0.01	0.01182	0.595305
