binom	1	0	0.01	0.01603	0.499775
binom	1	0.01	0.01	0.01616	0.5013
binom	1	0.02	0.01	0.01634	0.502136
binom	1	0.03	0.01	0.01583	0.499684
binom	1	0.05	0.01	0.01724	0.504269
binom	1	0.07	0.01	0.01592	0.505923
binom	1	0.08	0.01	0.01675	0.506
binom	1	0.1	0.01	0.01511	0.50863
binom	1	0.2	0.01	0.01601	0.516858
binom	1	0.3	0.01	0.01529	0.527037
binom	1	0.4	0.01	0.01526	0.534869
binom	1	0.5	0.01	0.01444	0.543497
binom	1	0.6	0.01	0.01406	0.551031
binom	1	0.7	0.01	0.01319	0.558848
binom	1	0.8	0.01	0.0125	0.568592
binom	1	0.9	0.01	0.01206	0.573217
