binom	1	0	0.01	0.01716	0.500408
binom	1	0.01	0.01	0.01693	0.502918
binom	1	0.02	0.01	0.01727	0.506086
binom	1	0.03	0.01	0.01786	0.507178
binom	1	0.05	0.01	0.01697	0.510884
binom	1	0.07	0.01	0.01718	0.516799
binom	1	0.08	0.01	0.01749	0.517627
binom	1	0.1	0.01	0.017	0.521935
binom	1	0.2	0.01	0.01723	0.542821
binom	1	0.3	0.01	0.01677	0.565307
binom	1	0.4	0.01	0.0165	0.58383
binom	1	0.5	0.01	0.01458	0.606756
binom	1	0.6	0.01	0.01346	0.626694
binom	1	0.7	0.01	0.01364	0.650953
binom	1	0.8	0.01	0.01247	0.671075
binom	1	0.9	0.01	0.01113	0.693774
