binom	1	0	0.01	0.01596	0.500213
binom	1	0.01	0.01	0.0164	0.499024
binom	1	0.02	0.01	0.01593	0.501055
binom	1	0.03	0.01	0.01566	0.502612
binom	1	0.05	0.01	0.0155	0.505529
binom	1	0.07	0.01	0.01612	0.5058
binom	1	0.08	0.01	0.01643	0.507273
binom	1	0.1	0.01	0.01564	0.506605
binom	1	0.2	0.01	0.01526	0.519083
binom	1	0.3	0.01	0.01431	0.52492
binom	1	0.4	0.01	0.0149	0.53606
binom	1	0.5	0.01	0.01454	0.542806
binom	1	0.6	0.01	0.01322	0.552156
binom	1	0.7	0.01	0.01333	0.55826
binom	1	0.8	0.01	0.01258	0.567774
binom	1	0.9	0.01	0.01161	0.58068
