binom	1	0	0.01	0.01616	0.501937
binom	1	0.01	0.01	0.01593	0.49887
binom	1	0.02	0.01	0.01709	0.501855
binom	1	0.03	0.01	0.01619	0.504602
binom	1	0.05	0.01	0.01648	0.504053
binom	1	0.07	0.01	0.01535	0.504866
binom	1	0.08	0.01	0.01632	0.505631
binom	1	0.1	0.01	0.01563	0.50936
binom	1	0.2	0.01	0.01584	0.518466
binom	1	0.3	0.01	0.01599	0.528705
binom	1	0.4	0.01	0.01531	0.535774
binom	1	0.5	0.01	0.01404	0.544288
binom	1	0.6	0.01	0.01415	0.54971
binom	1	0.7	0.01	0.01306	0.559594
binom	1	0.8	0.01	0.0122	0.566574
binom	1	0.9	0.01	0.01144	0.576984
