binom	1	0	0.01	0.01602	0.499838
binom	1	0.01	0.01	0.01604	0.501802
binom	1	0.02	0.01	0.01692	0.501554
binom	1	0.03	0.01	0.0163	0.502595
binom	1	0.05	0.01	0.01628	0.503612
binom	1	0.07	0.01	0.01595	0.505912
binom	1	0.08	0.01	0.01612	0.507339
binom	1	0.1	0.01	0.01621	0.508834
binom	1	0.2	0.01	0.01545	0.51743
binom	1	0.3	0.01	0.01491	0.52666
binom	1	0.4	0.01	0.01478	0.538227
binom	1	0.5	0.01	0.01534	0.543494
binom	1	0.6	0.01	0.01339	0.551822
binom	1	0.7	0.01	0.01337	0.560262
binom	1	0.8	0.01	0.01296	0.566829
binom	1	0.9	0.01	0.01151	0.575265
