binom	1	0	0.01	0.01576	0.500133
binom	1	0.01	0.01	0.01572	0.504841
binom	1	0.02	0.01	0.0153	0.507588
binom	1	0.03	0.01	0.0157	0.513236
binom	1	0.05	0.01	0.01452	0.522107
binom	1	0.07	0.01	0.01517	0.528332
binom	1	0.08	0.01	0.01543	0.533202
binom	1	0.1	0.01	0.01501	0.544783
binom	1	0.2	0.01	0.01524	0.587218
binom	1	0.3	0.01	0.01388	0.628451
binom	1	0.4	0.01	0.01396	0.673832
binom	1	0.5	0.01	0.01227	0.71674
binom	1	0.6	0.01	0.01186	0.764907
binom	1	0.7	0.01	0.01075	0.808772
binom	1	0.8	0.01	0.00943	0.855334
binom	1	0.9	0.01	0.00887	0.900699
