binom	1	0	0.01	0.01434	0.500139
binom	1	0.01	0.01	0.01486	0.502328
binom	1	0.02	0.01	0.01463	0.506822
binom	1	0.03	0.01	0.01466	0.511139
binom	1	0.05	0.01	0.01524	0.517592
binom	1	0.07	0.01	0.01463	0.527184
binom	1	0.08	0.01	0.01467	0.528841
binom	1	0.1	0.01	0.01457	0.536088
binom	1	0.2	0.01	0.01418	0.571925
binom	1	0.3	0.01	0.01413	0.60804
binom	1	0.4	0.01	0.01236	0.643002
binom	1	0.5	0.01	0.01213	0.679538
binom	1	0.6	0.01	0.0112	0.716893
binom	1	0.7	0.01	0.01019	0.754877
binom	1	0.8	0.01	0.00908	0.794471
binom	1	0.9	0.01	0.0087	0.832609
