binom	1	0	0.01	0.01423	0.498967
binom	1	0.01	0.01	0.01419	0.501374
binom	1	0.02	0.01	0.01334	0.506124
binom	1	0.03	0.01	0.0139	0.51023
binom	1	0.05	0.01	0.01458	0.512318
binom	1	0.07	0.01	0.01426	0.522728
binom	1	0.08	0.01	0.01376	0.524092
binom	1	0.1	0.01	0.01407	0.529908
binom	1	0.2	0.01	0.01366	0.558331
binom	1	0.3	0.01	0.01366	0.590037
binom	1	0.4	0.01	0.01223	0.61933
binom	1	0.5	0.01	0.01092	0.649322
binom	1	0.6	0.01	0.01063	0.6792
binom	1	0.7	0.01	0.00938	0.711237
binom	1	0.8	0.01	0.00922	0.742733
binom	1	0.9	0.01	0.00818	0.777249
