binom	1	0	0.01	0.02031	0.500763
binom	1	0.01	0.01	0.02118	0.500194
binom	1	0.02	0.01	0.02092	0.501162
binom	1	0.03	0.01	0.02062	0.503021
binom	1	0.05	0.01	0.02069	0.50638
binom	1	0.07	0.01	0.02006	0.509018
binom	1	0.08	0.01	0.02072	0.510043
binom	1	0.1	0.01	0.02058	0.51312
binom	1	0.2	0.01	0.02012	0.527699
binom	1	0.3	0.01	0.01868	0.540391
binom	1	0.4	0.01	0.0196	0.551658
binom	1	0.5	0.01	0.01825	0.563693
binom	1	0.6	0.01	0.01739	0.578148
binom	1	0.7	0.01	0.01656	0.594136
binom	1	0.8	0.01	0.01459	0.608252
binom	1	0.9	0.01	0.01445	0.623744
