binom	1	0	0.01	0.02043	0.501605
binom	1	0.01	0.01	0.02028	0.502125
binom	1	0.02	0.01	0.02012	0.504418
binom	1	0.03	0.01	0.02016	0.506012
binom	1	0.05	0.01	0.02015	0.508402
binom	1	0.07	0.01	0.02051	0.510853
binom	1	0.08	0.01	0.02101	0.514598
binom	1	0.1	0.01	0.01982	0.51722
binom	1	0.2	0.01	0.01903	0.53423
binom	1	0.3	0.01	0.01836	0.550986
binom	1	0.4	0.01	0.01872	0.569375
binom	1	0.5	0.01	0.01681	0.585277
binom	1	0.6	0.01	0.01657	0.604979
binom	1	0.7	0.01	0.01554	0.621892
binom	1	0.8	0.01	0.01448	0.639054
binom	1	0.9	0.01	0.01377	0.66077
