binom	1	0	0.01	0.01875	0.499387
binom	1	0.01	0.01	0.01891	0.503289
binom	1	0.02	0.01	0.01893	0.502842
binom	1	0.03	0.01	0.0186	0.507183
binom	1	0.05	0.01	0.01806	0.512021
binom	1	0.07	0.01	0.01923	0.513619
binom	1	0.08	0.01	0.0188	0.52009
binom	1	0.1	0.01	0.01946	0.520401
binom	1	0.2	0.01	0.01919	0.543127
binom	1	0.3	0.01	0.01806	0.563101
binom	1	0.4	0.01	0.01726	0.585133
binom	1	0.5	0.01	0.01636	0.604303
binom	1	0.6	0.01	0.01519	0.6242
binom	1	0.7	0.01	0.01419	0.645793
binom	1	0.8	0.01	0.01373	0.667342
binom	1	0.9	0.01	0.01245	0.685141
