binom	1	0	0.01	0.01619	0.499969
binom	1	0.01	0.01	0.0156	0.499763
binom	1	0.02	0.01	0.01546	0.501332
binom	1	0.03	0.01	0.01571	0.501661
binom	1	0.05	0.01	0.01552	0.506089
binom	1	0.07	0.01	0.01588	0.50796
binom	1	0.08	0.01	0.01582	0.506827
binom	1	0.1	0.01	0.01497	0.508377
binom	1	0.2	0.01	0.01576	0.519511
binom	1	0.3	0.01	0.01495	0.525211
binom	1	0.4	0.01	0.01479	0.535199
binom	1	0.5	0.01	0.01319	0.54392
binom	1	0.6	0.01	0.01309	0.546914
binom	1	0.7	0.01	0.01297	0.555397
binom	1	0.8	0.01	0.01288	0.563533
binom	1	0.9	0.01	0.01133	0.568826
