binom	1	0	0.01	0.01509	0.500749
binom	1	0.01	0.01	0.01575	0.500413
binom	1	0.02	0.01	0.01601	0.502705
binom	1	0.03	0.01	0.01625	0.502486
binom	1	0.05	0.01	0.01565	0.504198
binom	1	0.07	0.01	0.01558	0.505366
binom	1	0.08	0.01	0.01491	0.508954
binom	1	0.1	0.01	0.01513	0.508401
binom	1	0.2	0.01	0.01552	0.519156
binom	1	0.3	0.01	0.01488	0.524026
binom	1	0.4	0.01	0.01497	0.536232
binom	1	0.5	0.01	0.01472	0.543906
binom	1	0.6	0.01	0.01285	0.548949
binom	1	0.7	0.01	0.01295	0.556757
binom	1	0.8	0.01	0.01226	0.564804
binom	1	0.9	0.01	0.0124	0.569315
