binom	1	0	0.01	0.0151	0.499669
binom	1	0.01	0.01	0.01544	0.499391
binom	1	0.02	0.01	0.01553	0.50264
binom	1	0.03	0.01	0.01514	0.503633
binom	1	0.05	0.01	0.01616	0.504276
binom	1	0.07	0.01	0.01607	0.503858
binom	1	0.08	0.01	0.01512	0.506944
binom	1	0.1	0.01	0.01544	0.510823
binom	1	0.2	0.01	0.01526	0.52021
binom	1	0.3	0.01	0.01454	0.52859
binom	1	0.4	0.01	0.01384	0.538071
binom	1	0.5	0.01	0.0142	0.54262
binom	1	0.6	0.01	0.01351	0.555329
binom	1	0.7	0.01	0.01296	0.558789
binom	1	0.8	0.01	0.01206	0.567512
binom	1	0.9	0.01	0.01142	0.573494
