binom	1	0	0.01	0.01643	0.49947
binom	1	0.01	0.01	0.01612	0.503455
binom	1	0.02	0.01	0.01671	0.503651
binom	1	0.03	0.01	0.01622	0.507293
binom	1	0.05	0.01	0.01717	0.511602
binom	1	0.07	0.01	0.01701	0.514744
binom	1	0.08	0.01	0.01693	0.515871
binom	1	0.1	0.01	0.01637	0.519725
binom	1	0.2	0.01	0.01685	0.539887
binom	1	0.3	0.01	0.01565	0.558173
binom	1	0.4	0.01	0.01482	0.578711
binom	1	0.5	0.01	0.01473	0.596348
binom	1	0.6	0.01	0.01306	0.61624
binom	1	0.7	0.01	0.01263	0.63559
binom	1	0.8	0.01	0.01186	0.65511
binom	1	0.9	0.01	0.01151	0.676003
