binom	1	0	0.01	0.01636	0.50052
binom	1	0.01	0.01	0.01663	0.501293
binom	1	0.02	0.01	0.01679	0.504896
binom	1	0.03	0.01	0.01749	0.507238
binom	1	0.05	0.01	0.01697	0.510147
binom	1	0.07	0.01	0.01712	0.515689
binom	1	0.08	0.01	0.01657	0.51618
binom	1	0.1	0.01	0.01695	0.522897
binom	1	0.2	0.01	0.01679	0.544163
binom	1	0.3	0.01	0.01602	0.566554
binom	1	0.4	0.01	0.0146	0.589315
binom	1	0.5	0.01	0.01504	0.612008
binom	1	0.6	0.01	0.01399	0.6305
binom	1	0.7	0.01	0.01315	0.652715
binom	1	0.8	0.01	0.01214	0.677183
binom	1	0.9	0.01	0.01133	0.698747
