0 1
0 2
0 3
0 4
0 5
0 6
0 7
0 8
0 9
0 10
0 11
0 12
0 13
0 14
0 15
0 16
0 17
0 18
0 19
0 20
0 21
0 22
0 23
0 24
0 25
0 26
0 27
0 28
0 29
0 30
0 31
0 32
0 33
0 34
0 35
0 36
0 37
0 38
0 39
0 40
0 41
0 42
0 43
0 44
0 45
0 46
0 47
0 48
0 49
1 50
1 2
1 3
2 3
2 4
3 4
3 5
4 5
4 6
5 6
5 7
6 7
6 8
7 8
7 9
8 9
8 10
9 10
9 11
10 11
10 12
11 12
11 13
12 13
12 14
13 14
13 15
14 15
14 16
15 16
15 17
16 17
17 18
18 19
19 20
20 21
21 22
22 23
23 24
24 25
25 26
26 27
27 28
28 29
29 30
30 31
31 32
32 33
33 34
34 35
68 76
68 94
68 58
68 71
68 66
68 56
68 89
68 98
68 50
68 61
68 51
68 93
68 70
68 97
68 83
68 92
68 69
68 78
68 65
68 67
68 52
68 62
68 63
68 57
68 86
68 95
68 72
68 99
76 57
76 89
76 60
76 52
76 71
76 55
76 98
76 93
76 79
76 88
76 58
76 83
76 96
76 82
76 64
76 56
76 67
76 51
76 70
76 91
76 62
76 73
76 95
76 90
76 99
76 85
76 94
94 65
94 79
94 82
94 59
94 60
94 90
94 62
94 92
94 93
94 55
94 63
94 87
94 58
94 71
94 72
94 91
94 99
94 53
94 78
94 88
94 50
94 51
94 70
94 73
94 98
94 84
58 57
58 89
58 79
58 59
58 55
58 96
58 91
58 77
58 90
58 67
58 62
58 71
58 66
58 56
58 98
58 75
58 84
58 70
58 88
58 92
58 54
58 69
58 78
58 87
58 64
71 57
71 89
71 85
71 79
71 55
71 64
71 56
71 98
71 96
71 77
71 95
71 72
71 81
71 99
71 60
71 52
71 80
71 84
71 93
71 53
71 97
71 74
71 83
71 67
66 57
66 89
66 65
66 79
66 82
66 91
66 64
66 56
66 61
66 60
66 95
66 97
66 93
66 53
66 78
66 74
66 87
66 81
66 99
66 67
66 63
66 80
66 70
66 69
66 73
66 54
56 57
56 89
56 85
56 79
56 82
56 90
56 50
56 98
56 97
56 74
56 83
56 60
56 69
56 78
56 87
56 73
56 63
56 54
56 81
56 62
56 75
56 70
56 51
89 57
89 65
89 59
89 70
89 55
89 96
89 91
89 87
89 79
89 52
89 72
89 63
89 80
89 69
89 88
89 50
89 61
89 51
89 81
89 64
89 53
89 75
98 65
98 85
98 79
98 82
98 50
98 64
98 97
98 86
98 67
98 51
98 62
98 73
98 54
98 84
98 60
98 93
98 74
98 63
98 69
98 88
98 83
98 75
50 57
50 85
50 79
50 82
50 59
50 90
50 55
50 64
50 87
50 77
50 86
50 72
50 81
50 67
50 53
50 75
50 84
50 93
50 88
50 92
50 51
50 69
50 78
61 57
61 85
61 79
61 82
61 59
61 55
61 64
61 60
61 52
61 87
61 96
61 77
61 86
61 95
61 63
61 81
61 53
61 75
61 93
61 70
61 97
61 51
61 74
61 83
61 69
51 65
51 85
51 82
51 59
51 90
51 64
51 60
51 83
51 95
51 78
51 62
51 86
51 99
51 69
51 67
51 81
51 63
51 84
51 80
51 70
93 85
93 59
93 90
93 64
93 96
93 60
93 77
93 92
93 88
93 95
93 97
93 52
93 75
93 99
93 81
93 73
93 54
93 84
93 87
93 69
70 57
70 65
70 79
70 82
70 59
70 90
70 96
70 60
70 83
70 88
70 75
70 53
70 72
70 74
70 86
70 99
70 73
70 80
70 54
97 85
97 59
97 55
97 64
97 77
97 92
97 83
97 95
97 86
97 78
97 53
97 81
97 73
97 54
97 84
97 87
97 52
97 74
97 80
97 69
97 72
83 65
83 85
83 79
83 82
83 59
83 90
83 55
83 60
83 92
83 88
83 53
83 87
83 67
83 78
83 81
83 54
83 95
83 80
83 72
92 65
92 85
92 59
92 91
92 96
92 60
92 77
92 86
92 67
92 81
92 62
92 84
92 87
92 52
92 54
92 74
92 63
92 95
92 99
92 69
92 88
69 57
69 65
69 79
69 82
69 96
69 95
69 52
69 53
69 72
69 78
69 74
69 62
69 86
69 99
69 73
69 67
78 65
78 85
78 79
78 59
78 91
78 55
78 64
78 77
78 88
78 52
78 75
78 72
78 67
78 62
78 73
78 54
78 86
78 80
65 53
65 64
65 75
65 59
65 62
65 54
65 74
65 87
65 82
65 52
65 63
65 91
65 86
65 95
65 72
65 99
65 85
67 59
67 91
67 55
67 96
67 77
67 88
67 52
67 53
67 72
67 74
67 86
67 99
67 84
67 81
67 80
67 54
52 57
52 79
52 91
52 60
52 88
52 95
52 86
52 63
52 72
52 81
52 99
52 62
52 80
52 75
52 87
52 54
62 57
62 85
62 82
62 91
62 55
62 96
62 88
62 75
62 72
62 87
62 73
62 86
62 63
62 81
62 99
62 80
63 57
63 85
63 59
63 91
63 64
63 96
63 60
63 95
63 75
63 53
63 74
63 86
63 99
63 81
63 80
63 84
57 85
57 55
57 84
57 74
57 60
57 64
57 59
57 53
57 96
57 91
57 77
57 86
57 99
57 54
86 85
86 79
86 90
86 55
86 96
86 77
86 88
86 95
86 75
86 74
86 80
86 54
95 82
95 90
95 55
95 60
95 77
95 74
95 80
95 72
95 53
95 75
95 84
95 99
95 87
72 85
72 59
72 90
72 64
72 96
72 75
72 53
72 87
72 73
72 99
72 80
72 54
72 74
99 85
99 90
99 91
99 96
99 60
99 77
99 88
99 53
99 73
99 84
60 82
60 91
60 64
60 96
60 77
60 53
60 75
60 84
60 88
60 74
60 73
55 79
55 82
55 90
55 96
55 53
55 77
55 81
55 80
55 75
55 84
55 88
55 64
55 73
79 82
79 81
79 59
79 73
79 54
79 84
79 88
79 87
79 77
79 53
79 64
88 91
88 64
88 77
88 75
88 81
88 73
88 84
88 87
88 53
96 82
96 90
96 64
96 80
96 75
96 81
96 73
96 54
96 87
96 77
82 91
82 64
82 74
82 90
82 75
82 84
82 59
82 87
82 77
82 80
64 90
64 74
64 53
64 73
64 77
64 75
91 85
91 59
91 90
91 77
91 80
91 75
91 81
91 73
91 54
91 84
91 87
73 85
73 90
73 77
73 53
73 74
73 84
73 54
73 80
90 85
90 59
90 74
90 77
90 80
90 81
90 54
90 84
90 87
85 74
85 80
85 59
85 87
85 81
85 84
84 59
84 77
84 74
84 81
84 54
74 59
74 77
74 75
74 53
74 54
59 80
59 54
59 87
59 81
53 77
53 87
53 81
53 80
77 80
77 54
54 75
54 81
54 80
87 75
87 81
87 80
80 75
81 75
