binom	1	0	0.05	0.05009	0.499894
binom	1	0.01	0.05	0.0509	0.50064
binom	1	0.02	0.05	0.05089	0.501822
binom	1	0.03	0.05	0.05128	0.501619
binom	1	0.05	0.05	0.0506	0.504933
binom	1	0.07	0.05	0.05115	0.506344
binom	1	0.08	0.05	0.05128	0.509631
binom	1	0.1	0.05	0.0512	0.510436
binom	1	0.2	0.05	0.04983	0.520409
binom	1	0.3	0.05	0.04756	0.528747
binom	1	0.4	0.05	0.04453	0.540009
binom	1	0.5	0.05	0.0427	0.549225
binom	1	0.6	0.05	0.03897	0.558555
binom	1	0.7	0.05	0.03757	0.567977
binom	1	0.8	0.05	0.03386	0.578641
binom	1	0.9	0.05	0.03082	0.587446
