binom	1	0	0.05	0.05065	0.500111
binom	1	0.01	0.05	0.05141	0.500636
binom	1	0.02	0.05	0.05137	0.502182
binom	1	0.03	0.05	0.04983	0.503616
binom	1	0.05	0.05	0.05185	0.504785
binom	1	0.07	0.05	0.0512	0.507057
binom	1	0.08	0.05	0.05223	0.509648
binom	1	0.1	0.05	0.05121	0.509709
binom	1	0.2	0.05	0.04979	0.520625
binom	1	0.3	0.05	0.04756	0.531039
binom	1	0.4	0.05	0.04582	0.541464
binom	1	0.5	0.05	0.04334	0.550307
binom	1	0.6	0.05	0.03945	0.560593
binom	1	0.7	0.05	0.03748	0.571382
binom	1	0.8	0.05	0.03364	0.582426
binom	1	0.9	0.05	0.03097	0.592244
