binom	1	0	0.05	0.05069	0.499394
binom	1	0.01	0.05	0.05127	0.500923
binom	1	0.02	0.05	0.05138	0.501993
binom	1	0.03	0.05	0.05128	0.502479
binom	1	0.05	0.05	0.05038	0.503428
binom	1	0.07	0.05	0.05036	0.506487
binom	1	0.08	0.05	0.04917	0.505129
binom	1	0.1	0.05	0.05146	0.507367
binom	1	0.2	0.05	0.04917	0.517023
binom	1	0.3	0.05	0.04694	0.525567
binom	1	0.4	0.05	0.04437	0.532175
binom	1	0.5	0.05	0.04275	0.539263
binom	1	0.6	0.05	0.03842	0.548391
binom	1	0.7	0.05	0.0354	0.555605
binom	1	0.8	0.05	0.03314	0.563183
binom	1	0.9	0.05	0.03003	0.57031
