binom	1	0	0.05	0.05043	0.499381
binom	1	0.01	0.05	0.04923	0.500242
binom	1	0.02	0.05	0.04991	0.501126
binom	1	0.03	0.05	0.0503	0.503032
binom	1	0.05	0.05	0.04835	0.503653
binom	1	0.07	0.05	0.04957	0.506385
binom	1	0.08	0.05	0.04947	0.505874
binom	1	0.1	0.05	0.05042	0.507487
binom	1	0.2	0.05	0.04932	0.51502
binom	1	0.3	0.05	0.04626	0.523716
binom	1	0.4	0.05	0.04402	0.53197
binom	1	0.5	0.05	0.04221	0.539661
binom	1	0.6	0.05	0.03844	0.54808
binom	1	0.7	0.05	0.03574	0.554121
binom	1	0.8	0.05	0.03104	0.564385
binom	1	0.9	0.05	0.03064	0.569886
