binom	1	0	0.05	0.0484	0.499798
binom	1	0.01	0.05	0.04869	0.503393
binom	1	0.02	0.05	0.04929	0.505194
binom	1	0.03	0.05	0.04762	0.508759
binom	1	0.05	0.05	0.04797	0.513429
binom	1	0.07	0.05	0.04741	0.517572
binom	1	0.08	0.05	0.04891	0.520779
binom	1	0.1	0.05	0.04736	0.52652
binom	1	0.2	0.05	0.04683	0.552661
binom	1	0.3	0.05	0.04414	0.579112
binom	1	0.4	0.05	0.04208	0.604606
binom	1	0.5	0.05	0.03991	0.629065
binom	1	0.6	0.05	0.03635	0.652459
binom	1	0.7	0.05	0.03396	0.677741
binom	1	0.8	0.05	0.03117	0.701902
binom	1	0.9	0.05	0.02752	0.724259
