binom	1	0	0.05	0.04846	0.500669
binom	1	0.01	0.05	0.04871	0.501612
binom	1	0.02	0.05	0.04892	0.504475
binom	1	0.03	0.05	0.04857	0.506512
binom	1	0.05	0.05	0.0498	0.510448
binom	1	0.07	0.05	0.04906	0.514543
binom	1	0.08	0.05	0.04821	0.518195
binom	1	0.1	0.05	0.04713	0.521744
binom	1	0.2	0.05	0.04774	0.542769
binom	1	0.3	0.05	0.04463	0.563937
binom	1	0.4	0.05	0.04209	0.587489
binom	1	0.5	0.05	0.04036	0.60695
binom	1	0.6	0.05	0.0365	0.626515
binom	1	0.7	0.05	0.03435	0.64876
binom	1	0.8	0.05	0.03146	0.667959
binom	1	0.9	0.05	0.02917	0.689332
