binom	1	0	0.05	0.05028	0.49931
binom	1	0.01	0.05	0.05127	0.50268
binom	1	0.02	0.05	0.05081	0.503302
binom	1	0.03	0.05	0.05026	0.503542
binom	1	0.05	0.05	0.0514	0.50837
binom	1	0.07	0.05	0.05132	0.511941
binom	1	0.08	0.05	0.05128	0.513411
binom	1	0.1	0.05	0.05006	0.515879
binom	1	0.2	0.05	0.04901	0.533544
binom	1	0.3	0.05	0.0467	0.552
binom	1	0.4	0.05	0.04528	0.569503
binom	1	0.5	0.05	0.04146	0.586223
binom	1	0.6	0.05	0.03919	0.602544
binom	1	0.7	0.05	0.03577	0.62144
binom	1	0.8	0.05	0.03291	0.637846
binom	1	0.9	0.05	0.03005	0.656063
