binom	1	0	0.05	0.04962	0.498904
binom	1	0.01	0.05	0.0501	0.502102
binom	1	0.02	0.05	0.04944	0.502033
binom	1	0.03	0.05	0.04973	0.505214
binom	1	0.05	0.05	0.04955	0.509227
binom	1	0.07	0.05	0.05001	0.512176
binom	1	0.08	0.05	0.04998	0.512883
binom	1	0.1	0.05	0.04982	0.516459
binom	1	0.2	0.05	0.04921	0.534044
binom	1	0.3	0.05	0.046	0.550828
binom	1	0.4	0.05	0.04435	0.568386
binom	1	0.5	0.05	0.04093	0.584935
binom	1	0.6	0.05	0.03856	0.602101
binom	1	0.7	0.05	0.03513	0.619266
binom	1	0.8	0.05	0.03188	0.638058
binom	1	0.9	0.05	0.02993	0.654861
