binom	1	0	0.05	0.04439	0.499531
binom	1	0.01	0.05	0.04449	0.504174
binom	1	0.02	0.05	0.04612	0.507095
binom	1	0.03	0.05	0.04503	0.511552
binom	1	0.05	0.05	0.04557	0.519403
binom	1	0.07	0.05	0.04512	0.526184
binom	1	0.08	0.05	0.04523	0.529903
binom	1	0.1	0.05	0.04497	0.536638
binom	1	0.2	0.05	0.044	0.575086
binom	1	0.3	0.05	0.04209	0.613177
binom	1	0.4	0.05	0.03931	0.65191
binom	1	0.5	0.05	0.03685	0.691465
binom	1	0.6	0.05	0.03307	0.731433
binom	1	0.7	0.05	0.03028	0.771899
binom	1	0.8	0.05	0.02899	0.813898
binom	1	0.9	0.05	0.02536	0.855213
