binom	1	0	0.05	0.03742	0.500086
binom	1	0.01	0.05	0.03773	0.499425
binom	1	0.02	0.05	0.03759	0.501875
binom	1	0.03	0.05	0.03797	0.502125
binom	1	0.05	0.05	0.03842	0.50286
binom	1	0.07	0.05	0.03721	0.505786
binom	1	0.08	0.05	0.0367	0.506428
binom	1	0.1	0.05	0.03784	0.508953
binom	1	0.2	0.05	0.03661	0.514851
binom	1	0.3	0.05	0.03439	0.524408
binom	1	0.4	0.05	0.03069	0.531685
binom	1	0.5	0.05	0.02731	0.53952
binom	1	0.6	0.05	0.02466	0.549404
binom	1	0.7	0.05	0.02215	0.555828
binom	1	0.8	0.05	0.01894	0.565444
binom	1	0.9	0.05	0.01601	0.570475
