binom	1	0	0.05	0.0546	0.499326
binom	1	0.01	0.05	0.05548	0.502039
binom	1	0.02	0.05	0.05526	0.503768
binom	1	0.03	0.05	0.05442	0.504495
binom	1	0.05	0.05	0.05478	0.509082
binom	1	0.07	0.05	0.0547	0.512362
binom	1	0.08	0.05	0.05603	0.512722
binom	1	0.1	0.05	0.05569	0.514757
binom	1	0.2	0.05	0.05208	0.532312
binom	1	0.3	0.05	0.05157	0.547396
binom	1	0.4	0.05	0.04987	0.563321
binom	1	0.5	0.05	0.04628	0.578736
binom	1	0.6	0.05	0.04209	0.594498
binom	1	0.7	0.05	0.03881	0.612505
binom	1	0.8	0.05	0.03657	0.627635
binom	1	0.9	0.05	0.03341	0.643616
