binom	1	0	0.05	0.05319	0.498588
binom	1	0.01	0.05	0.05336	0.502292
binom	1	0.02	0.05	0.05448	0.504053
binom	1	0.03	0.05	0.05412	0.505044
binom	1	0.05	0.05	0.05434	0.507948
binom	1	0.07	0.05	0.05399	0.509839
binom	1	0.08	0.05	0.05476	0.513594
binom	1	0.1	0.05	0.05405	0.515628
binom	1	0.2	0.05	0.05148	0.532665
binom	1	0.3	0.05	0.05135	0.548263
binom	1	0.4	0.05	0.04797	0.563792
binom	1	0.5	0.05	0.04599	0.579765
binom	1	0.6	0.05	0.04178	0.595936
binom	1	0.7	0.05	0.03787	0.611899
binom	1	0.8	0.05	0.03539	0.628573
binom	1	0.9	0.05	0.03247	0.644946
