binom	1	0	0.05	0.04707	0.499201
binom	1	0.01	0.05	0.04783	0.501077
binom	1	0.02	0.05	0.04642	0.501773
binom	1	0.03	0.05	0.0468	0.502489
binom	1	0.05	0.05	0.04717	0.502605
binom	1	0.07	0.05	0.04704	0.505784
binom	1	0.08	0.05	0.04617	0.505391
binom	1	0.1	0.05	0.04636	0.507539
binom	1	0.2	0.05	0.0447	0.515268
binom	1	0.3	0.05	0.04366	0.5238
binom	1	0.4	0.05	0.04122	0.530153
binom	1	0.5	0.05	0.03886	0.537375
binom	1	0.6	0.05	0.03696	0.543796
binom	1	0.7	0.05	0.03427	0.548629
binom	1	0.8	0.05	0.03064	0.554876
binom	1	0.9	0.05	0.02882	0.561967
