0 5
0 6
0 7
0 8
0 10
0 18
0 19
0 21
0 23
0 53
0 84
0 90
0 60
0 14
0 30
0 16
5 1
5 2
5 3
5 4
5 6
5 7
5 8
5 9
5 11
5 14
5 17
5 19
5 20
5 22
5 24
5 25
5 43
5 66
5 69
5 73
5 74
5 75
5 78
5 81
5 88
5 91
5 93
5 94
5 30
5 33
5 18
5 97
5 86
5 28
6 1
6 2
6 4
6 10
6 12
6 15
6 23
6 25
6 32
6 35
6 36
6 51
6 82
6 98
6 60
6 34
6 21
6 48
6 8
6 18
7 1
7 2
7 4
7 9
7 10
7 12
7 17
7 19
7 20
7 22
7 26
7 29
7 35
7 36
7 39
7 41
7 44
7 45
7 55
7 57
7 65
7 66
7 70
7 75
7 86
7 88
7 90
7 14
7 47
7 24
8 2
8 4
8 9
8 11
8 12
8 14
8 15
8 17
8 21
8 23
8 25
8 29
8 30
8 31
8 32
8 37
8 43
8 61
8 62
8 63
8 72
8 80
8 87
8 90
8 98
8 40
8 47
8 13
8 46
8 58
8 51
10 4
10 9
10 11
10 17
10 24
10 74
10 27
10 55
10 57
10 65
10 95
18 15
18 85
18 73
18 80
18 1
18 69
19 16
19 36
19 34
19 39
19 78
19 54
19 57
19 51
21 26
21 52
21 53
21 68
21 39
21 65
21 25
21 44
21 13
23 15
23 63
23 89
23 76
23 45
23 43
23 64
23 11
23 68
53 76
53 68
53 59
53 86
53 52
53 34
84 14
84 26
84 24
84 85
84 35
90 58
90 2
60 32
60 36
60 89
60 51
60 79
60 98
60 67
14 15
14 42
14 83
14 44
14 62
14 89
14 73
14 99
14 75
14 39
14 2
14 58
30 9
30 15
30 83
30 41
30 79
30 45
30 69
30 94
30 31
30 77
30 71
16 1
16 4
16 9
16 13
16 22
16 26
16 34
16 36
16 47
16 54
16 59
16 66
16 78
16 92
16 93
16 27
16 72
16 35
1 9
1 11
1 12
1 13
1 44
1 80
1 2
1 89
1 48
1 28
1 87
1 3
9 4
9 12
9 15
9 25
9 27
9 37
9 50
9 55
9 56
9 64
9 83
9 38
9 31
9 40
9 48
9 34
9 97
11 13
11 40
11 83
11 29
11 94
11 56
11 61
11 76
11 42
12 24
12 41
12 42
12 49
12 52
12 2
12 35
12 63
12 83
12 95
13 15
13 20
13 62
13 40
13 46
13 49
13 25
13 31
13 38
13 22
13 77
13 57
31 15
31 69
31 54
31 43
31 36
38 15
38 26
38 36
38 82
38 42
38 50
38 99
38 65
38 77
44 2
44 24
57 40
62 40
62 32
87 28
87 69
87 41
80 40
80 79
80 67
80 98
80 99
80 73
80 48
49 26
49 73
49 76
49 63
49 20
2 56
2 59
78 86
78 51
78 4
55 29
55 17
34 15
34 93
34 61
34 43
34 52
34 79
34 85
34 86
34 50
34 46
82 65
82 81
82 71
82 33
3 96
3 70
3 66
29 15
29 22
29 81
29 47
96 20
96 4
96 83
96 33
70 41
70 73
70 58
4 41
4 93
4 28
4 17
4 33
4 73
28 26
28 59
28 81
28 64
28 37
28 32
28 66
28 50
52 17
52 24
52 68
52 63
52 67
52 91
52 56
52 20
63 91
79 41
95 20
95 24
95 42
73 41
35 33
35 39
35 20
35 45
17 20
17 58
17 85
17 24
20 15
20 40
20 74
20 99
20 33
22 26
22 32
22 27
24 89
25 81
25 51
43 72
43 65
66 85
66 75
66 39
69 41
74 15
74 91
74 88
74 94
75 97
75 76
75 54
88 47
88 41
88 92
91 15
91 92
93 15
94 15
33 15
33 56
33 50
97 26
97 50
15 26
15 27
15 37
15 47
15 58
15 92
15 99
15 32
32 71
32 98
36 71
36 41
51 48
48 26
48 37
26 67
26 77
39 64
41 59
45 47
45 85
65 72
47 54
47 37
47 71
37 68
61 58
61 76
72 54
46 54
46 76
58 54
27 64
27 71
56 67
64 54
42 76
77 76
92 54
