0 5
0 6
0 7
0 8
0 10
0 18
0 19
0 21
0 23
0 53
0 84
0 90
0 60
0 14
0 30
0 16
5 1
5 2
5 3
5 4
5 6
5 7
5 8
5 9
5 11
5 14
5 17
5 19
5 20
5 22
5 24
5 25
5 43
5 66
5 69
5 73
5 74
5 75
5 78
5 81
5 88
5 91
5 93
5 94
5 30
5 33
5 18
5 97
5 86
5 28
6 1
6 2
6 4
6 10
6 12
6 15
6 23
6 25
6 32
6 35
6 36
6 51
6 82
6 98
6 60
6 34
6 21
6 48
6 8
6 18
7 1
7 2
7 4
7 9
7 10
7 12
7 17
7 19
7 20
7 22
7 26
7 29
7 35
7 36
7 39
7 41
7 44
7 45
7 55
7 57
7 65
7 66
7 70
7 75
7 86
7 88
7 90
7 14
7 47
7 24
8 2
8 4
8 9
8 11
8 12
8 14
8 15
8 17
8 21
8 23
8 25
8 29
8 30
8 31
8 32
8 37
8 43
8 61
8 62
8 63
8 72
8 80
8 87
8 90
8 98
8 40
8 47
8 13
8 46
8 58
8 51
10 4
10 9
10 11
10 17
10 24
10 74
10 27
10 95
10 65
10 57
10 55
18 15
18 1
18 22
18 84
18 69
18 54
19 16
19 36
19 4
19 59
19 39
19 54
19 65
19 78
21 26
21 52
21 68
21 64
21 25
21 13
21 43
21 65
21 53
23 15
23 87
23 91
23 56
23 63
23 79
23 32
23 37
23 30
53 61
53 59
53 34
53 68
53 52
53 32
84 14
84 26
84 54
84 85
90 40
90 2
60 36
60 62
60 98
60 46
60 32
60 77
60 51
14 15
14 42
14 83
14 44
14 2
14 39
14 22
14 73
14 57
14 75
14 87
14 3
30 9
30 15
30 83
30 69
30 94
30 56
30 61
30 96
30 33
30 42
16 1
16 4
16 9
16 13
16 22
16 26
16 34
16 36
16 47
16 54
16 59
16 66
16 78
16 92
16 93
16 27
16 72
16 35
1 9
1 11
1 12
1 13
1 44
1 80
1 46
1 2
1 28
1 89
1 49
1 62
9 4
9 12
9 15
9 25
9 27
9 37
9 50
9 55
9 56
9 64
9 83
9 38
9 31
9 40
9 48
9 34
9 97
11 13
11 40
11 83
11 29
11 45
11 95
11 35
11 77
11 41
11 71
12 24
12 41
12 50
12 85
12 52
12 63
12 43
12 35
12 17
12 46
13 15
13 20
13 62
13 89
13 38
13 25
13 40
13 58
13 77
13 48
13 31
13 99
31 15
31 20
31 33
31 49
31 56
31 80
38 15
38 26
38 36
38 82
38 77
38 56
38 99
38 85
38 51
44 24
44 41
44 2
57 2
57 29
62 58
87 56
87 28
80 72
80 58
80 73
80 89
80 98
80 46
80 75
49 26
49 34
49 20
49 71
49 66
2 34
2 42
78 81
78 4
78 74
55 40
55 17
34 15
34 93
34 79
34 42
34 96
34 95
34 83
34 52
34 61
82 27
82 85
82 92
82 32
3 96
3 70
3 58
29 15
29 22
29 47
29 70
96 33
96 42
70 58
70 41
4 93
4 41
4 33
4 28
4 73
4 86
28 26
28 76
28 69
28 88
28 89
28 67
28 66
28 39
52 17
52 24
52 63
52 68
52 59
52 64
52 20
52 50
63 51
63 91
79 76
79 24
79 20
95 24
95 83
73 75
73 76
73 81
73 41
35 43
35 71
35 36
35 45
17 20
17 58
17 50
17 24
20 15
20 40
20 74
20 94
20 99
20 76
22 26
22 51
24 64
25 81
25 27
43 37
43 72
66 85
66 86
66 39
69 97
69 33
74 15
74 91
74 94
75 76
75 72
81 41
88 47
88 39
88 86
91 15
91 92
93 15
94 15
33 15
33 42
33 85
97 26
97 37
15 26
15 27
15 37
15 47
15 58
15 92
15 99
15 32
32 61
32 98
36 71
36 41
51 48
48 26
48 65
48 54
26 67
26 77
39 76
41 45
41 59
41 68
45 47
45 71
65 68
65 64
47 54
47 71
47 37
40 54
27 64
50 76
50 67
99 54
89 76
92 54
54 67
76 67
