0 6
0 7
0 38
0 12
0 14
0 33
0 99
0 39
0 88
0 50
0 80
0 83
6 2
6 4
6 5
6 7
6 14
6 16
6 17
6 18
6 31
6 47
6 53
6 58
6 60
6 69
6 92
6 33
6 54
6 76
6 49
6 45
6 21
6 84
6 66
6 89
6 23
6 83
6 32
6 94
6 30
6 61
6 68
6 98
6 67
6 95
6 74
6 96
6 99
6 75
7 2
7 5
7 8
7 9
7 11
7 14
7 18
7 20
7 21
7 23
7 32
7 38
7 60
7 35
7 31
7 59
7 78
7 19
7 73
7 80
7 87
7 68
7 48
7 86
7 37
7 27
7 57
7 41
98 4
98 8
98 18
98 28
99 5
99 36
99 73
38 13
38 28
38 32
38 33
38 97
38 50
38 42
38 85
12 5
12 11
12 43
12 13
12 66
12 42
12 23
12 55
12 49
12 60
12 45
12 86
12 40
12 62
12 3
12 64
12 97
12 78
12 65
12 95
52 5
52 37
52 80
52 43
52 53
52 84
52 66
52 28
52 32
14 8
14 9
14 13
14 24
14 45
14 30
14 80
14 35
14 91
14 19
67 8
67 9
67 44
67 70
67 28
33 5
33 15
33 22
33 2
33 65
33 39
62 20
62 3
62 2
62 82
62 97
62 28
62 42
88 4
88 17
88 24
88 49
1 5
1 24
1 25
1 22
1 63
43 8
43 9
43 78
43 36
43 79
10 4
10 9
10 11
10 17
10 15
10 56
10 97
10 54
10 34
10 19
10 26
10 29
10 93
10 74
10 75
10 57
10 45
5 46
5 65
5 55
5 76
5 41
5 66
5 61
5 84
5 63
5 31
5 72
5 92
5 53
5 23
5 74
5 93
5 42
24 8
24 13
24 20
24 36
24 55
24 76
24 65
24 3
24 18
24 94
24 95
24 73
24 25
24 34
24 60
24 90
24 54
24 30
24 27
24 96
24 57
25 8
25 15
25 39
25 40
25 32
25 46
25 86
25 13
25 90
25 84
25 77
25 3
2 34
2 13
2 64
2 95
2 91
2 79
2 76
2 78
2 53
2 11
2 18
2 81
2 39
2 19
2 77
95 86
91 56
91 44
91 57
34 13
34 37
34 20
13 64
13 70
13 28
13 26
13 41
13 96
13 20
13 92
13 85
13 48
13 29
13 27
48 15
48 37
48 3
48 28
48 42
48 79
48 19
53 8
79 8
79 18
79 15
64 8
64 58
76 9
77 4
77 11
77 86
77 3
78 55
20 4
20 57
20 50
20 28
20 31
20 94
20 16
20 27
20 59
20 46
19 11
96 9
96 41
39 15
39 16
39 22
39 81
39 70
3 16
3 23
36 8
36 18
36 22
36 54
36 42
36 29
36 82
36 35
41 21
41 89
41 40
41 23
31 17
31 37
31 55
31 75
31 45
31 63
31 82
31 50
31 71
31 57
97 8
97 72
4 8
4 26
4 73
4 93
4 83
4 92
4 65
4 69
4 55
4 40
4 44
4 87
4 46
4 70
4 89
4 16
8 11
8 17
8 29
8 30
8 35
8 49
8 58
8 70
8 86
8 68
8 61
8 72
8 60
8 85
8 27
8 26
8 57
8 56
8 47
8 18
8 63
8 21
8 22
8 51
8 37
26 17
26 44
26 63
73 17
73 28
73 57
93 37
93 9
83 9
83 11
92 18
92 9
69 17
69 16
69 44
69 75
55 51
40 15
40 22
40 56
40 72
40 87
44 47
44 75
44 11
44 71
44 50
44 70
87 17
87 15
87 58
46 16
46 51
46 9
46 59
46 63
70 22
89 22
89 18
16 9
16 75
16 21
16 58
27 50
72 22
72 63
90 22
90 82
90 30
74 17
74 71
74 82
61 45
61 30
30 15
30 49
17 9
17 23
17 29
17 54
17 56
17 59
17 49
17 81
18 80
18 51
18 68
18 47
47 22
47 11
58 50
58 37
58 42
54 82
45 28
21 56
21 94
84 42
66 9
66 22
23 82
32 37
32 9
32 68
32 11
94 80
75 9
9 11
9 22
9 15
9 35
9 29
11 15
11 56
11 51
35 59
35 22
35 51
37 71
85 22
85 15
22 28
22 81
15 50
81 71
28 71
