0 6
0 7
0 38
0 12
0 14
0 83
0 99
0 88
0 62
0 67
0 52
0 39
6 2
6 4
6 5
6 7
6 14
6 16
6 17
6 18
6 31
6 47
6 53
6 58
6 60
6 69
6 92
6 33
6 54
6 76
6 49
6 45
6 21
6 84
6 66
6 89
6 23
6 83
6 32
6 94
6 30
6 61
6 68
6 98
6 67
6 95
6 74
6 96
6 99
6 75
7 2
7 5
7 8
7 9
7 11
7 14
7 18
7 20
7 21
7 23
7 32
7 38
7 60
7 35
7 31
7 59
7 78
7 19
7 73
7 80
7 87
7 68
7 48
7 86
7 37
7 27
7 57
7 41
98 4
98 8
98 25
98 28
99 5
99 44
99 73
38 13
38 28
38 32
38 97
38 33
38 58
38 50
38 93
12 5
12 11
12 43
12 13
12 66
12 3
12 93
12 97
12 45
12 42
12 75
12 23
12 35
12 78
12 40
12 86
12 29
12 83
12 95
12 60
52 5
52 37
52 80
52 87
52 32
52 84
52 81
52 70
14 8
14 9
14 13
14 24
14 45
14 30
14 50
14 87
14 19
14 85
67 8
67 16
67 75
67 9
33 5
33 15
33 22
33 2
33 39
33 53
33 28
62 20
62 9
62 3
62 21
62 42
62 77
62 13
88 4
88 17
88 5
88 49
1 5
1 24
1 22
1 21
1 18
43 8
43 9
43 44
43 51
43 46
43 94
10 4
10 9
10 11
10 17
10 15
10 74
10 70
10 54
10 26
10 56
10 66
10 45
10 19
10 81
10 47
10 97
10 57
5 46
5 65
5 55
5 76
5 42
5 94
5 92
5 72
5 93
5 34
5 3
5 96
5 18
5 74
5 63
5 57
24 8
24 13
24 20
24 36
24 55
24 76
24 65
24 84
24 95
24 60
24 27
24 61
24 66
24 25
24 53
24 30
24 90
24 31
24 23
24 54
24 73
24 41
25 8
25 15
25 39
25 40
25 32
25 46
25 50
25 51
25 84
25 92
25 89
25 2
2 34
2 13
2 64
2 85
2 96
2 19
2 78
2 76
2 95
2 48
2 20
2 77
2 29
2 41
2 81
95 80
91 13
91 36
91 41
91 45
91 15
34 13
34 37
34 22
34 11
13 64
13 70
13 28
13 26
13 92
13 27
13 39
13 11
13 79
13 53
13 18
48 15
48 37
48 51
48 42
48 66
48 3
48 28
53 8
79 8
79 18
79 46
79 55
79 15
64 8
64 9
64 41
76 9
77 4
77 18
77 20
77 72
78 82
78 63
20 4
20 57
20 50
20 28
20 31
20 59
20 83
20 16
20 32
20 27
19 11
19 40
96 35
96 9
39 15
39 16
39 22
39 59
39 63
3 31
3 16
3 50
3 49
36 8
36 18
36 22
36 50
36 69
36 42
36 75
36 26
36 54
41 58
41 40
41 82
31 17
31 37
31 55
31 75
31 45
31 63
31 82
31 57
31 86
97 8
97 71
97 50
4 8
4 26
4 73
4 93
4 83
4 92
4 65
4 69
4 55
4 40
4 44
4 87
4 46
4 70
4 89
4 16
8 11
8 17
8 29
8 30
8 35
8 49
8 58
8 70
8 86
8 68
8 61
8 72
8 60
8 85
8 27
8 26
8 57
8 56
8 47
8 18
8 63
8 21
8 22
8 51
8 37
26 17
26 63
73 17
73 28
73 57
93 22
92 9
65 9
65 32
69 17
69 44
69 63
55 9
55 61
40 15
40 22
40 56
40 72
44 71
44 47
44 75
44 58
44 70
44 29
44 11
87 17
87 30
46 16
46 9
46 11
46 68
70 72
89 22
89 42
16 9
16 35
16 82
16 21
27 35
72 22
90 22
90 30
90 56
90 18
74 17
74 86
74 82
61 58
30 15
30 59
17 9
17 23
17 29
17 54
17 56
17 59
17 49
17 81
18 68
18 47
18 80
18 71
47 11
58 51
58 23
54 82
49 9
45 28
21 56
84 57
66 9
23 42
23 82
32 37
32 9
94 11
94 86
75 22
9 11
9 22
9 15
11 15
11 56
11 51
35 15
35 22
80 15
80 28
37 71
37 42
37 85
29 22
85 22
22 28
81 71
28 71
28 50
