6 12
6 48
6 43
12 16
12 17
9 39
9 3
9 28
39 32
39 18
17 46
17 0
46 11
46 15
24 33
24 45
24 41
33 29
33 0
32 34
32 7
34 22
34 26
16 35
16 3
35 30
35 1
45 14
45 27
3 44
7 27
7 36
4 15
4 48
4 38
15 8
22 26
22 41
26 23
18 47
18 8
47 40
47 41
20 38
20 28
20 31
38 23
40 29
40 31
8 25
21 49
21 27
21 48
49 5
49 42
14 37
14 44
37 44
37 43
2 5
2 11
2 19
5 30
11 19
0 25
0 50
36 43
36 23
25 28
10 42
10 13
10 19
42 1
1 13
1 99
29 30
31 13
50 51
50 53
50 97
51 52
51 54
51 98
52 53
52 55
53 54
53 56
54 55
54 57
55 56
55 58
56 57
56 59
57 58
57 60
58 59
58 61
59 60
59 62
60 61
60 63
61 62
61 64
62 63
62 65
63 64
63 66
64 65
64 67
65 66
65 68
66 67
66 69
67 68
67 70
68 69
68 71
69 70
69 72
70 71
70 73
71 72
71 74
72 73
72 75
73 74
73 76
74 75
74 77
75 76
75 78
76 77
76 79
77 78
77 80
78 79
78 81
79 80
79 82
80 81
80 83
81 82
81 84
82 83
82 85
83 84
83 86
84 85
84 87
85 86
85 88
86 87
86 89
87 88
87 90
88 89
88 91
89 90
89 92
90 91
90 93
91 92
91 94
92 93
92 95
93 94
93 96
94 95
94 97
95 96
95 98
96 97
96 99
97 98
98 99
