binom	1	0	0.01	0.01708	0.500451
binom	1	0.01	0.01	0.01657	0.502354
binom	1	0.02	0.01	0.01657	0.501804
binom	1	0.03	0.01	0.01594	0.507302
binom	1	0.05	0.01	0.01703	0.507387
binom	1	0.07	0.01	0.01701	0.51077
binom	1	0.08	0.01	0.01687	0.512253
binom	1	0.1	0.01	0.01681	0.516597
binom	1	0.2	0.01	0.01661	0.532294
binom	1	0.3	0.01	0.01648	0.54821
binom	1	0.4	0.01	0.01602	0.558102
binom	1	0.5	0.01	0.01446	0.574336
binom	1	0.6	0.01	0.01416	0.589739
binom	1	0.7	0.01	0.01296	0.607701
binom	1	0.8	0.01	0.01249	0.620384
binom	1	0.9	0.01	0.01164	0.633694
