binom	1	0	0.01	0.01655	0.499263
binom	1	0.01	0.01	0.01681	0.501112
binom	1	0.02	0.01	0.01614	0.503278
binom	1	0.03	0.01	0.01676	0.503908
binom	1	0.05	0.01	0.01703	0.50717
binom	1	0.07	0.01	0.01605	0.511265
binom	1	0.08	0.01	0.01668	0.513207
binom	1	0.1	0.01	0.01598	0.51734
binom	1	0.2	0.01	0.01606	0.530442
binom	1	0.3	0.01	0.01611	0.546108
binom	1	0.4	0.01	0.01573	0.55986
binom	1	0.5	0.01	0.01424	0.578483
binom	1	0.6	0.01	0.01407	0.590839
binom	1	0.7	0.01	0.01275	0.607545
binom	1	0.8	0.01	0.01289	0.622498
binom	1	0.9	0.01	0.01223	0.637155
