binom	1	0	0.01	0.01639	0.500323
binom	1	0.01	0.01	0.01647	0.501682
binom	1	0.02	0.01	0.01665	0.502643
binom	1	0.03	0.01	0.01639	0.502898
binom	1	0.05	0.01	0.01618	0.50314
binom	1	0.07	0.01	0.01621	0.506675
binom	1	0.08	0.01	0.01671	0.509216
binom	1	0.1	0.01	0.01653	0.511155
binom	1	0.2	0.01	0.01552	0.521372
binom	1	0.3	0.01	0.01523	0.530486
binom	1	0.4	0.01	0.01467	0.542618
binom	1	0.5	0.01	0.01443	0.553922
binom	1	0.6	0.01	0.01393	0.565025
binom	1	0.7	0.01	0.01325	0.574045
binom	1	0.8	0.01	0.01285	0.582895
binom	1	0.9	0.01	0.01163	0.593972
