binom	1	0	0.01	0.01577	0.500457
binom	1	0.01	0.01	0.01617	0.501558
binom	1	0.02	0.01	0.01624	0.502599
binom	1	0.03	0.01	0.01694	0.503005
binom	1	0.05	0.01	0.01606	0.506806
binom	1	0.07	0.01	0.01624	0.508842
binom	1	0.08	0.01	0.01561	0.510512
binom	1	0.1	0.01	0.01648	0.509539
binom	1	0.2	0.01	0.01573	0.521265
binom	1	0.3	0.01	0.01567	0.531059
binom	1	0.4	0.01	0.01478	0.542368
binom	1	0.5	0.01	0.01454	0.553343
binom	1	0.6	0.01	0.01462	0.564747
binom	1	0.7	0.01	0.01349	0.572861
binom	1	0.8	0.01	0.01232	0.583831
binom	1	0.9	0.01	0.01241	0.595359
