binom	1	0	0.01	0.01609	0.499329
binom	1	0.01	0.01	0.01657	0.500048
binom	1	0.02	0.01	0.01621	0.501851
binom	1	0.03	0.01	0.01596	0.503289
binom	1	0.05	0.01	0.01654	0.503319
binom	1	0.07	0.01	0.01562	0.504942
binom	1	0.08	0.01	0.01586	0.506784
binom	1	0.1	0.01	0.0159	0.506937
binom	1	0.2	0.01	0.01496	0.518209
binom	1	0.3	0.01	0.01597	0.526794
binom	1	0.4	0.01	0.01483	0.534821
binom	1	0.5	0.01	0.01455	0.546186
binom	1	0.6	0.01	0.0133	0.551857
binom	1	0.7	0.01	0.01347	0.560379
binom	1	0.8	0.01	0.01245	0.570378
binom	1	0.9	0.01	0.01174	0.575
