binom	1	0	0.01	0.01722	0.499559
binom	1	0.01	0.01	0.01641	0.501749
binom	1	0.02	0.01	0.01597	0.500701
binom	1	0.03	0.01	0.01613	0.5016
binom	1	0.05	0.01	0.01618	0.504295
binom	1	0.07	0.01	0.01592	0.507205
binom	1	0.08	0.01	0.01582	0.510702
binom	1	0.1	0.01	0.01603	0.509613
binom	1	0.2	0.01	0.01516	0.519103
binom	1	0.3	0.01	0.0157	0.527471
binom	1	0.4	0.01	0.01536	0.535677
binom	1	0.5	0.01	0.01457	0.544296
binom	1	0.6	0.01	0.01314	0.553767
binom	1	0.7	0.01	0.01322	0.559546
binom	1	0.8	0.01	0.01249	0.568431
binom	1	0.9	0.01	0.01121	0.576093
