binom	1	0	0.01	0.01567	0.500345
binom	1	0.01	0.01	0.01642	0.502199
binom	1	0.02	0.01	0.01533	0.501879
binom	1	0.03	0.01	0.01575	0.504133
binom	1	0.05	0.01	0.01613	0.503366
binom	1	0.07	0.01	0.01541	0.505276
binom	1	0.08	0.01	0.0161	0.509286
binom	1	0.1	0.01	0.01577	0.509163
binom	1	0.2	0.01	0.0161	0.518578
binom	1	0.3	0.01	0.01568	0.527226
binom	1	0.4	0.01	0.01477	0.535531
binom	1	0.5	0.01	0.01415	0.547216
binom	1	0.6	0.01	0.01365	0.553048
binom	1	0.7	0.01	0.0135	0.561741
binom	1	0.8	0.01	0.01223	0.56628
binom	1	0.9	0.01	0.01188	0.57835
