binom	1	0	0.01	0.01623	0.499193
binom	1	0.01	0.01	0.01618	0.501119
binom	1	0.02	0.01	0.01586	0.502005
binom	1	0.03	0.01	0.01595	0.502364
binom	1	0.05	0.01	0.01606	0.502696
binom	1	0.07	0.01	0.01572	0.506393
binom	1	0.08	0.01	0.01555	0.507949
binom	1	0.1	0.01	0.01583	0.509709
binom	1	0.2	0.01	0.01559	0.517511
binom	1	0.3	0.01	0.01525	0.528689
binom	1	0.4	0.01	0.01463	0.53406
binom	1	0.5	0.01	0.01448	0.543833
binom	1	0.6	0.01	0.01362	0.551204
binom	1	0.7	0.01	0.0129	0.560829
binom	1	0.8	0.01	0.0119	0.56837
binom	1	0.9	0.01	0.01166	0.576201
