binom	1	0	0.01	0.01866	0.498805
binom	1	0.01	0.01	0.01841	0.501315
binom	1	0.02	0.01	0.01784	0.501581
binom	1	0.03	0.01	0.01802	0.502181
binom	1	0.05	0.01	0.01797	0.504235
binom	1	0.07	0.01	0.01855	0.502911
binom	1	0.08	0.01	0.01822	0.503255
binom	1	0.1	0.01	0.01789	0.505428
binom	1	0.2	0.01	0.01847	0.509659
binom	1	0.3	0.01	0.018	0.513883
binom	1	0.4	0.01	0.01647	0.518737
binom	1	0.5	0.01	0.01606	0.524483
binom	1	0.6	0.01	0.01539	0.527901
binom	1	0.7	0.01	0.01544	0.530518
binom	1	0.8	0.01	0.01455	0.533045
binom	1	0.9	0.01	0.0138	0.536362
