binom	1	0	0.01	0.01539	0.501917
binom	1	0.01	0.01	0.01638	0.500159
binom	1	0.02	0.01	0.01553	0.499491
binom	1	0.03	0.01	0.01577	0.501218
binom	1	0.05	0.01	0.01614	0.503631
binom	1	0.07	0.01	0.01575	0.504578
binom	1	0.08	0.01	0.01546	0.503402
binom	1	0.1	0.01	0.01585	0.505243
binom	1	0.2	0.01	0.01489	0.507576
binom	1	0.3	0.01	0.01538	0.514954
binom	1	0.4	0.01	0.01432	0.517856
binom	1	0.5	0.01	0.0137	0.52438
binom	1	0.6	0.01	0.01447	0.526959
binom	1	0.7	0.01	0.01338	0.533804
binom	1	0.8	0.01	0.01369	0.534522
binom	1	0.9	0.01	0.0124	0.535927
