binom	1	0	0.01	0.01446	0.497607
binom	1	0.01	0.01	0.01499	0.502408
binom	1	0.02	0.01	0.01415	0.505873
binom	1	0.03	0.01	0.01395	0.512136
binom	1	0.05	0.01	0.01428	0.515112
binom	1	0.07	0.01	0.01447	0.521811
binom	1	0.08	0.01	0.014	0.527579
binom	1	0.1	0.01	0.01442	0.53052
binom	1	0.2	0.01	0.01361	0.561727
binom	1	0.3	0.01	0.01342	0.595596
binom	1	0.4	0.01	0.01213	0.629613
binom	1	0.5	0.01	0.01201	0.662381
binom	1	0.6	0.01	0.01011	0.693353
binom	1	0.7	0.01	0.00918	0.725229
binom	1	0.8	0.01	0.00889	0.762295
binom	1	0.9	0.01	0.00788	0.795609
