binom	1	0	0.01	0.01393	0.498234
binom	1	0.01	0.01	0.01393	0.502312
binom	1	0.02	0.01	0.01422	0.504986
binom	1	0.03	0.01	0.01348	0.507418
binom	1	0.05	0.01	0.0134	0.514067
binom	1	0.07	0.01	0.01357	0.517119
binom	1	0.08	0.01	0.01369	0.52374
binom	1	0.1	0.01	0.01412	0.526289
binom	1	0.2	0.01	0.01347	0.554462
binom	1	0.3	0.01	0.01221	0.576716
binom	1	0.4	0.01	0.012	0.606967
binom	1	0.5	0.01	0.01108	0.635966
binom	1	0.6	0.01	0.01103	0.660154
binom	1	0.7	0.01	0.00952	0.690515
binom	1	0.8	0.01	0.00875	0.717189
binom	1	0.9	0.01	0.00747	0.746278
