binom	1	0	0.01	0.0213	0.500437
binom	1	0.01	0.01	0.02065	0.501419
binom	1	0.02	0.01	0.02079	0.503112
binom	1	0.03	0.01	0.02066	0.505169
binom	1	0.05	0.01	0.02147	0.505636
binom	1	0.07	0.01	0.0203	0.50803
binom	1	0.08	0.01	0.02012	0.51078
binom	1	0.1	0.01	0.02094	0.514031
binom	1	0.2	0.01	0.02142	0.52697
binom	1	0.3	0.01	0.02003	0.540115
binom	1	0.4	0.01	0.01906	0.553903
binom	1	0.5	0.01	0.01766	0.567978
binom	1	0.6	0.01	0.01695	0.583327
binom	1	0.7	0.01	0.01585	0.596814
binom	1	0.8	0.01	0.01481	0.612829
binom	1	0.9	0.01	0.01433	0.62739
