binom	1	0	0.01	0.01968	0.499502
binom	1	0.01	0.01	0.01929	0.501923
binom	1	0.02	0.01	0.02033	0.502243
binom	1	0.03	0.01	0.01976	0.504302
binom	1	0.05	0.01	0.0205	0.509263
binom	1	0.07	0.01	0.02004	0.513229
binom	1	0.08	0.01	0.02013	0.513214
binom	1	0.1	0.01	0.02031	0.518351
binom	1	0.2	0.01	0.02	0.532565
binom	1	0.3	0.01	0.0202	0.553817
binom	1	0.4	0.01	0.01831	0.571742
binom	1	0.5	0.01	0.01839	0.586726
binom	1	0.6	0.01	0.01647	0.602022
binom	1	0.7	0.01	0.01462	0.621765
binom	1	0.8	0.01	0.01443	0.63808
binom	1	0.9	0.01	0.01335	0.659393
