binom	1	0	0.01	0.01634	0.500214
binom	1	0.01	0.01	0.01707	0.502232
binom	1	0.02	0.01	0.01652	0.501883
binom	1	0.03	0.01	0.01627	0.505255
binom	1	0.05	0.01	0.01653	0.507489
binom	1	0.07	0.01	0.0166	0.511627
binom	1	0.08	0.01	0.01701	0.515362
binom	1	0.1	0.01	0.01633	0.516558
binom	1	0.2	0.01	0.01655	0.532544
binom	1	0.3	0.01	0.01584	0.552885
binom	1	0.4	0.01	0.01506	0.570239
binom	1	0.5	0.01	0.01463	0.5827
binom	1	0.6	0.01	0.01324	0.603421
binom	1	0.7	0.01	0.01378	0.618483
binom	1	0.8	0.01	0.01209	0.63617
binom	1	0.9	0.01	0.01105	0.654443
