binom	1	0	0.01	0.01576	0.499213
binom	1	0.01	0.01	0.01517	0.500402
binom	1	0.02	0.01	0.01515	0.503584
binom	1	0.03	0.01	0.01544	0.501826
binom	1	0.05	0.01	0.01572	0.504854
binom	1	0.07	0.01	0.01534	0.506362
binom	1	0.08	0.01	0.0153	0.508451
binom	1	0.1	0.01	0.01462	0.509241
binom	1	0.2	0.01	0.01534	0.517497
binom	1	0.3	0.01	0.01515	0.527063
binom	1	0.4	0.01	0.01445	0.532173
binom	1	0.5	0.01	0.01382	0.542576
binom	1	0.6	0.01	0.01328	0.552771
binom	1	0.7	0.01	0.01219	0.555357
binom	1	0.8	0.01	0.01192	0.562399
binom	1	0.9	0.01	0.01216	0.56935
