binom	1	0	0.01	0.01564	0.499175
binom	1	0.01	0.01	0.01619	0.50092
binom	1	0.02	0.01	0.01595	0.498295
binom	1	0.03	0.01	0.01488	0.501734
binom	1	0.05	0.01	0.01593	0.502511
binom	1	0.07	0.01	0.01559	0.505119
binom	1	0.08	0.01	0.01561	0.505279
binom	1	0.1	0.01	0.01527	0.507184
binom	1	0.2	0.01	0.01538	0.511352
binom	1	0.3	0.01	0.01491	0.518303
binom	1	0.4	0.01	0.01451	0.522674
binom	1	0.5	0.01	0.01402	0.528809
binom	1	0.6	0.01	0.01414	0.533833
binom	1	0.7	0.01	0.01322	0.536619
binom	1	0.8	0.01	0.01259	0.54251
binom	1	0.9	0.01	0.01255	0.54459
