binom	1	0	0.01	0.01589	0.497671
binom	1	0.01	0.01	0.0151	0.502742
binom	1	0.02	0.01	0.01576	0.501402
binom	1	0.03	0.01	0.01538	0.502165
binom	1	0.05	0.01	0.01585	0.502492
binom	1	0.07	0.01	0.0153	0.504752
binom	1	0.08	0.01	0.01469	0.504132
binom	1	0.1	0.01	0.01625	0.50464
binom	1	0.2	0.01	0.01565	0.51092
binom	1	0.3	0.01	0.01508	0.516505
binom	1	0.4	0.01	0.01473	0.52372
binom	1	0.5	0.01	0.01434	0.529268
binom	1	0.6	0.01	0.01369	0.532359
binom	1	0.7	0.01	0.01328	0.53747
binom	1	0.8	0.01	0.01242	0.541876
binom	1	0.9	0.01	0.01245	0.54804
