binom	1	0	0.01	0.01566	0.501967
binom	1	0.01	0.01	0.01657	0.500266
binom	1	0.02	0.01	0.01788	0.503126
binom	1	0.03	0.01	0.01709	0.505986
binom	1	0.05	0.01	0.01739	0.511547
binom	1	0.07	0.01	0.01639	0.513472
binom	1	0.08	0.01	0.01758	0.517429
binom	1	0.1	0.01	0.01715	0.520985
binom	1	0.2	0.01	0.01595	0.547066
binom	1	0.3	0.01	0.01699	0.56678
binom	1	0.4	0.01	0.01514	0.590859
binom	1	0.5	0.01	0.0149	0.610544
binom	1	0.6	0.01	0.0148	0.633182
binom	1	0.7	0.01	0.01295	0.655475
binom	1	0.8	0.01	0.01167	0.676093
binom	1	0.9	0.01	0.01108	0.697031
