15 21
15 39
15 86
15 9
15 71
15 66
15 75
15 34
15 52
15 65
15 83
15 59
21 18
21 54
21 49
21 2
21 77
21 58
21 67
21 44
21 53
21 34
21 20
13 88
13 63
13 72
13 58
13 53
13 80
13 25
13 52
13 61
13 56
13 24
13 19
88 54
88 65
88 52
88 41
88 55
88 36
88 66
88 58
88 42
88 18
88 32
16 84
16 7
16 64
16 32
16 36
16 86
16 53
16 71
16 25
16 29
16 33
16 89
84 6
84 74
84 1
84 87
84 10
84 50
84 86
84 4
84 75
84 60
84 71
18 26
18 35
18 77
18 72
18 76
18 62
18 38
18 78
18 5
18 31
26 81
26 70
26 8
26 33
26 17
26 74
26 9
26 82
26 41
26 50
26 49
39 81
39 28
39 20
39 65
39 42
39 32
39 22
39 50
39 77
39 8
39 14
17 58
17 10
17 61
17 29
17 79
17 32
17 36
17 45
17 40
17 30
17 81
58 81
58 62
58 43
58 5
58 59
58 77
58 72
58 53
55 75
55 56
55 19
55 38
55 14
55 67
55 12
55 51
55 7
55 89
55 2
75 6
75 36
75 47
75 86
75 25
75 7
75 24
75 49
75 82
7 35
7 11
7 14
7 87
7 46
7 36
7 45
7 22
7 4
35 27
35 62
35 80
35 66
35 61
35 38
35 51
35 1
35 20
35 12
48 63
48 86
48 71
48 70
48 56
48 65
48 5
48 60
48 41
48 64
48 44
48 50
63 59
63 83
63 2
63 3
63 44
63 6
63 28
63 20
63 86
63 45
11 23
11 65
11 41
11 68
11 62
11 66
11 34
11 52
11 20
11 24
11 42
23 14
23 76
23 34
23 28
23 12
23 70
23 87
23 41
23 50
23 5
23 8
40 59
40 45
40 81
40 67
40 89
40 22
40 43
40 51
40 9
40 83
40 87
59 51
59 27
59 46
59 30
59 0
59 14
59 71
59 74
6 19
6 14
6 74
6 60
6 73
6 22
6 2
6 30
6 62
73 74
73 51
73 57
73 30
73 41
73 3
73 76
73 9
73 42
73 4
73 67
74 79
74 46
74 44
74 20
74 53
74 37
74 29
33 38
33 14
33 3
33 37
33 1
33 70
33 65
33 29
33 72
33 71
38 79
38 9
38 51
38 31
38 12
38 4
38 76
38 80
25 34
25 29
25 9
25 12
25 5
25 79
25 60
25 46
25 45
34 28
34 31
34 89
34 29
34 2
34 78
34 49
81 50
81 51
81 78
81 32
81 68
81 44
81 47
44 56
44 4
44 79
44 31
44 76
44 53
44 89
56 36
56 71
56 29
56 2
56 43
56 87
56 19
56 8
54 83
54 64
54 46
54 22
54 41
54 3
54 85
54 28
54 20
54 12
43 60
43 87
43 1
43 31
43 86
43 76
43 57
43 46
43 30
60 19
60 69
60 64
60 72
60 36
60 1
60 85
51 8
51 0
51 85
51 9
51 69
14 78
14 82
14 27
14 10
14 80
3 37
3 9
3 2
3 64
3 68
3 49
3 77
3 72
1 72
1 67
1 76
1 71
1 66
1 42
1 37
72 27
72 5
72 46
72 83
72 36
87 8
87 82
87 66
87 61
87 89
87 37
24 83
24 46
24 64
24 20
24 30
24 4
24 85
24 53
24 22
83 27
83 19
83 49
83 71
83 78
83 29
36 57
36 41
36 45
36 31
57 79
57 69
57 45
57 10
57 80
57 89
57 46
57 61
57 52
28 53
28 62
28 69
28 68
28 49
28 30
28 19
53 12
53 85
53 89
53 82
62 78
62 77
62 10
62 46
62 8
62 0
47 52
47 61
47 31
47 42
47 82
47 68
47 77
47 49
47 8
47 86
5 69
5 78
5 27
5 80
5 2
5 32
69 85
69 70
69 79
69 0
69 64
69 45
69 10
78 27
78 41
78 9
78 50
78 64
45 67
45 80
45 19
45 68
10 22
10 12
10 30
10 80
10 66
10 42
22 27
22 79
22 50
22 68
22 9
29 86
29 70
29 37
29 65
4 82
4 77
4 76
4 71
4 80
4 37
82 32
82 65
82 8
82 0
82 86
79 49
79 0
79 66
79 76
37 67
37 12
37 50
37 30
37 8
67 86
67 27
67 0
67 52
67 66
32 76
32 89
32 66
32 52
32 70
76 68
76 49
65 19
65 0
65 31
65 9
52 31
52 64
52 27
52 85
61 80
61 20
61 70
61 12
61 2
61 27
77 89
77 42
77 31
77 64
89 0
89 20
89 92
89 96
89 90
89 95
85 31
85 20
85 42
85 49
85 66
50 70
50 30
50 0
42 80
42 2
42 68
0 2
0 66
31 9
20 30
27 71
46 12
46 2
64 41
64 12
71 19
8 70
8 49
70 68
70 41
30 68
19 41
19 68
86 80
93 98
93 94
93 91
93 99
98 90
98 92
98 99
94 96
94 95
94 97
91 92
91 90
91 95
99 96
99 97
90 97
92 96
95 97
