binom	1	0	0.2	0.16592	0.50018
binom	1	0.01	0.2	0.16547	0.501816
binom	1	0.02	0.2	0.16458	0.503387
binom	1	0.03	0.2	0.1677	0.505169
binom	1	0.05	0.2	0.16658	0.508565
binom	1	0.07	0.2	0.16442	0.511734
binom	1	0.08	0.2	0.16603	0.513339
binom	1	0.1	0.2	0.16553	0.517257
binom	1	0.2	0.2	0.16212	0.533223
binom	1	0.3	0.2	0.15664	0.551039
binom	1	0.4	0.2	0.1522	0.568302
binom	1	0.5	0.2	0.14704	0.58592
binom	1	0.6	0.2	0.13721	0.605016
binom	1	0.7	0.2	0.12718	0.624417
binom	1	0.8	0.2	0.11688	0.644665
binom	1	0.9	0.2	0.10812	0.66558
