binom	1	0	0.2	0.16603	0.500169
binom	1	0.01	0.2	0.16656	0.501643
binom	1	0.02	0.2	0.16687	0.503111
binom	1	0.03	0.2	0.16567	0.505644
binom	1	0.05	0.2	0.16534	0.508296
binom	1	0.07	0.2	0.16631	0.512285
binom	1	0.08	0.2	0.16797	0.513794
binom	1	0.1	0.2	0.1647	0.516259
binom	1	0.2	0.2	0.16287	0.534138
binom	1	0.3	0.2	0.15709	0.550873
binom	1	0.4	0.2	0.15241	0.568663
binom	1	0.5	0.2	0.14703	0.587075
binom	1	0.6	0.2	0.13573	0.60559
binom	1	0.7	0.2	0.12586	0.624828
binom	1	0.8	0.2	0.11804	0.644963
binom	1	0.9	0.2	0.10789	0.665694
