binom	1	0	0.2	0.16672	0.500151
binom	1	0.01	0.2	0.1675	0.50177
binom	1	0.02	0.2	0.16559	0.503507
binom	1	0.03	0.2	0.16547	0.505012
binom	1	0.05	0.2	0.16654	0.508273
binom	1	0.07	0.2	0.16563	0.511829
binom	1	0.08	0.2	0.16715	0.513693
binom	1	0.1	0.2	0.16491	0.517031
binom	1	0.2	0.2	0.16343	0.533738
binom	1	0.3	0.2	0.15808	0.551006
binom	1	0.4	0.2	0.15076	0.568406
binom	1	0.5	0.2	0.14649	0.586627
binom	1	0.6	0.2	0.13506	0.60541
binom	1	0.7	0.2	0.12854	0.624623
binom	1	0.8	0.2	0.1185	0.644579
binom	1	0.9	0.2	0.10913	0.665801
