binom	1	0	0.2	0.16788	0.50011
binom	1	0.01	0.2	0.16809	0.5019
binom	1	0.02	0.2	0.16606	0.503007
binom	1	0.03	0.2	0.16593	0.505489
binom	1	0.05	0.2	0.16421	0.508351
binom	1	0.07	0.2	0.16531	0.511733
binom	1	0.08	0.2	0.16658	0.513817
binom	1	0.1	0.2	0.16625	0.516693
binom	1	0.2	0.2	0.16259	0.533752
binom	1	0.3	0.2	0.1582	0.551522
binom	1	0.4	0.2	0.15092	0.569161
binom	1	0.5	0.2	0.14312	0.586737
binom	1	0.6	0.2	0.13741	0.605417
binom	1	0.7	0.2	0.12541	0.624811
binom	1	0.8	0.2	0.12071	0.645401
binom	1	0.9	0.2	0.10649	0.665913
