binom	1	0	0.2	0.16512	0.500161
binom	1	0.01	0.2	0.16875	0.501242
binom	1	0.02	0.2	0.16671	0.503387
binom	1	0.03	0.2	0.16873	0.504693
binom	1	0.05	0.2	0.16707	0.508256
binom	1	0.07	0.2	0.16555	0.511783
binom	1	0.08	0.2	0.16554	0.513391
binom	1	0.1	0.2	0.1656	0.516772
binom	1	0.2	0.2	0.16415	0.533956
binom	1	0.3	0.2	0.15878	0.551092
binom	1	0.4	0.2	0.15367	0.568746
binom	1	0.5	0.2	0.14318	0.586105
binom	1	0.6	0.2	0.13523	0.605247
binom	1	0.7	0.2	0.12811	0.624621
binom	1	0.8	0.2	0.11751	0.644781
binom	1	0.9	0.2	0.10794	0.665863
