binom	1	0	0.2	0.16672	0.49992
binom	1	0.01	0.2	0.16584	0.501858
binom	1	0.02	0.2	0.1664	0.503563
binom	1	0.03	0.2	0.16788	0.505212
binom	1	0.05	0.2	0.16851	0.50819
binom	1	0.07	0.2	0.16574	0.511711
binom	1	0.08	0.2	0.16502	0.513472
binom	1	0.1	0.2	0.16534	0.51693
binom	1	0.2	0.2	0.16206	0.53389
binom	1	0.3	0.2	0.15691	0.55107
binom	1	0.4	0.2	0.15332	0.568622
binom	1	0.5	0.2	0.1446	0.586881
binom	1	0.6	0.2	0.13636	0.605477
binom	1	0.7	0.2	0.12618	0.624627
binom	1	0.8	0.2	0.11675	0.6454
binom	1	0.9	0.2	0.1082	0.666271
