binom	1	0	0.2	0.16679	0.500153
binom	1	0.01	0.2	0.16642	0.5018
binom	1	0.02	0.2	0.16583	0.503276
binom	1	0.03	0.2	0.16719	0.505167
binom	1	0.05	0.2	0.16455	0.508677
binom	1	0.07	0.2	0.16469	0.511548
binom	1	0.08	0.2	0.16735	0.51346
binom	1	0.1	0.2	0.16675	0.517091
binom	1	0.2	0.2	0.16215	0.53421
binom	1	0.3	0.2	0.15702	0.550977
binom	1	0.4	0.2	0.15294	0.569053
binom	1	0.5	0.2	0.14461	0.587077
binom	1	0.6	0.2	0.13483	0.605501
binom	1	0.7	0.2	0.12826	0.624926
binom	1	0.8	0.2	0.11784	0.645354
binom	1	0.9	0.2	0.1082	0.666343
