binom	1	0	0.2	0.16627	0.499856
binom	1	0.01	0.2	0.16524	0.50169
binom	1	0.02	0.2	0.16588	0.503665
binom	1	0.03	0.2	0.16586	0.505177
binom	1	0.05	0.2	0.16966	0.508529
binom	1	0.07	0.2	0.16606	0.511723
binom	1	0.08	0.2	0.16587	0.51323
binom	1	0.1	0.2	0.16452	0.51709
binom	1	0.2	0.2	0.16229	0.533982
binom	1	0.3	0.2	0.15793	0.551272
binom	1	0.4	0.2	0.15167	0.568414
binom	1	0.5	0.2	0.14445	0.586653
binom	1	0.6	0.2	0.13479	0.605944
binom	1	0.7	0.2	0.12786	0.624931
binom	1	0.8	0.2	0.11688	0.645076
binom	1	0.9	0.2	0.10973	0.666541
