binom	1	0	0.2	0.16605	0.500124
binom	1	0.01	0.2	0.16646	0.50169
binom	1	0.02	0.2	0.16782	0.503252
binom	1	0.03	0.2	0.16574	0.504924
binom	1	0.05	0.2	0.16978	0.508585
binom	1	0.07	0.2	0.16479	0.51176
binom	1	0.08	0.2	0.16636	0.513524
binom	1	0.1	0.2	0.16486	0.516543
binom	1	0.2	0.2	0.1632	0.533831
binom	1	0.3	0.2	0.15727	0.550887
binom	1	0.4	0.2	0.153	0.568682
binom	1	0.5	0.2	0.14386	0.586633
binom	1	0.6	0.2	0.1371	0.604785
binom	1	0.7	0.2	0.12726	0.624718
binom	1	0.8	0.2	0.11738	0.644669
binom	1	0.9	0.2	0.10772	0.665654
