binom	1	0	0.2	0.16702	0.500598
binom	1	0.01	0.2	0.1672	0.501569
binom	1	0.02	0.2	0.16766	0.50245
binom	1	0.03	0.2	0.16724	0.505324
binom	1	0.05	0.2	0.1651	0.508753
binom	1	0.07	0.2	0.16618	0.511587
binom	1	0.08	0.2	0.16676	0.513593
binom	1	0.1	0.2	0.16547	0.517196
binom	1	0.2	0.2	0.16326	0.534121
binom	1	0.3	0.2	0.16066	0.55057
binom	1	0.4	0.2	0.14883	0.568922
binom	1	0.5	0.2	0.14591	0.58691
binom	1	0.6	0.2	0.13615	0.605484
binom	1	0.7	0.2	0.12744	0.623431
binom	1	0.8	0.2	0.11832	0.643577
binom	1	0.9	0.2	0.11005	0.664371
