binom	1	0	0.2	0.16418	0.499513
binom	1	0.01	0.2	0.16754	0.501686
binom	1	0.02	0.2	0.16525	0.503097
binom	1	0.03	0.2	0.16632	0.505208
binom	1	0.05	0.2	0.16518	0.507802
binom	1	0.07	0.2	0.1677	0.511651
binom	1	0.08	0.2	0.16743	0.513272
binom	1	0.1	0.2	0.16317	0.51658
binom	1	0.2	0.2	0.1627	0.533535
binom	1	0.3	0.2	0.15739	0.551099
binom	1	0.4	0.2	0.14965	0.568647
binom	1	0.5	0.2	0.14494	0.586501
binom	1	0.6	0.2	0.13554	0.605392
binom	1	0.7	0.2	0.12757	0.624608
binom	1	0.8	0.2	0.11788	0.644762
binom	1	0.9	0.2	0.10944	0.6655
