binom	1	0	0.2	0.16767	0.500014
binom	1	0.01	0.2	0.16966	0.501844
binom	1	0.02	0.2	0.16869	0.503441
binom	1	0.03	0.2	0.16779	0.50511
binom	1	0.05	0.2	0.16568	0.508369
binom	1	0.07	0.2	0.16641	0.511798
binom	1	0.08	0.2	0.16629	0.513115
binom	1	0.1	0.2	0.16614	0.516565
binom	1	0.2	0.2	0.1622	0.533819
binom	1	0.3	0.2	0.15719	0.550871
binom	1	0.4	0.2	0.15252	0.568269
binom	1	0.5	0.2	0.14316	0.586109
binom	1	0.6	0.2	0.13715	0.604681
binom	1	0.7	0.2	0.12707	0.624051
binom	1	0.8	0.2	0.11857	0.644437
binom	1	0.9	0.2	0.10919	0.665278
