binom	1	0	0.2	0.16484	0.499455
binom	1	0.01	0.2	0.16832	0.501669
binom	1	0.02	0.2	0.16732	0.503778
binom	1	0.03	0.2	0.16807	0.505139
binom	1	0.05	0.2	0.16515	0.507862
binom	1	0.07	0.2	0.16615	0.512209
binom	1	0.08	0.2	0.16684	0.513587
binom	1	0.1	0.2	0.16701	0.516727
binom	1	0.2	0.2	0.16283	0.5331
binom	1	0.3	0.2	0.15731	0.551031
binom	1	0.4	0.2	0.15035	0.568476
binom	1	0.5	0.2	0.14444	0.586523
binom	1	0.6	0.2	0.13564	0.604502
binom	1	0.7	0.2	0.12712	0.62456
binom	1	0.8	0.2	0.11807	0.644054
binom	1	0.9	0.2	0.109	0.665261
