binom	1	0	0.2	0.16424	0.499768
binom	1	0.01	0.2	0.16654	0.501858
binom	1	0.02	0.2	0.16604	0.503821
binom	1	0.03	0.2	0.16659	0.505093
binom	1	0.05	0.2	0.16602	0.508773
binom	1	0.07	0.2	0.16771	0.511659
binom	1	0.08	0.2	0.16561	0.513088
binom	1	0.1	0.2	0.16553	0.516273
binom	1	0.2	0.2	0.16279	0.534173
binom	1	0.3	0.2	0.15772	0.551075
binom	1	0.4	0.2	0.15204	0.568604
binom	1	0.5	0.2	0.14169	0.586966
binom	1	0.6	0.2	0.13873	0.605125
binom	1	0.7	0.2	0.12633	0.624639
binom	1	0.8	0.2	0.11864	0.645357
binom	1	0.9	0.2	0.10954	0.665767
