binom	1	0	0.2	0.16753	0.499882
binom	1	0.01	0.2	0.1637	0.50201
binom	1	0.02	0.2	0.16816	0.503461
binom	1	0.03	0.2	0.16919	0.505031
binom	1	0.05	0.2	0.16669	0.50809
binom	1	0.07	0.2	0.1671	0.511628
binom	1	0.08	0.2	0.16638	0.513746
binom	1	0.1	0.2	0.16619	0.517054
binom	1	0.2	0.2	0.16227	0.533635
binom	1	0.3	0.2	0.15784	0.550922
binom	1	0.4	0.2	0.15088	0.568573
binom	1	0.5	0.2	0.14431	0.586767
binom	1	0.6	0.2	0.13658	0.605087
binom	1	0.7	0.2	0.12766	0.624394
binom	1	0.8	0.2	0.11844	0.644806
binom	1	0.9	0.2	0.10763	0.665537
