binom	1	0	0.2	0.16496	0.500146
binom	1	0.01	0.2	0.16391	0.501764
binom	1	0.02	0.2	0.16762	0.503506
binom	1	0.03	0.2	0.16561	0.50498
binom	1	0.05	0.2	0.16674	0.508343
binom	1	0.07	0.2	0.16668	0.511611
binom	1	0.08	0.2	0.16636	0.513056
binom	1	0.1	0.2	0.16429	0.516738
binom	1	0.2	0.2	0.16176	0.533461
binom	1	0.3	0.2	0.15952	0.551022
binom	1	0.4	0.2	0.15272	0.568065
binom	1	0.5	0.2	0.1456	0.586356
binom	1	0.6	0.2	0.13581	0.604853
binom	1	0.7	0.2	0.12766	0.624803
binom	1	0.8	0.2	0.11601	0.644716
binom	1	0.9	0.2	0.10765	0.665766
