binom	1	0	0.2	0.16764	0.499485
binom	1	0.01	0.2	0.16714	0.501215
binom	1	0.02	0.2	0.16654	0.503435
binom	1	0.03	0.2	0.16562	0.505267
binom	1	0.05	0.2	0.16602	0.508344
binom	1	0.07	0.2	0.16608	0.511886
binom	1	0.08	0.2	0.16806	0.513555
binom	1	0.1	0.2	0.16454	0.517387
binom	1	0.2	0.2	0.16434	0.534197
binom	1	0.3	0.2	0.15834	0.551741
binom	1	0.4	0.2	0.15357	0.569502
binom	1	0.5	0.2	0.14572	0.587475
binom	1	0.6	0.2	0.1373	0.606331
binom	1	0.7	0.2	0.12629	0.625719
binom	1	0.8	0.2	0.11746	0.646877
binom	1	0.9	0.2	0.10932	0.667893
