binom	1	0	0.2	0.16493	0.500064
binom	1	0.01	0.2	0.16772	0.50185
binom	1	0.02	0.2	0.16711	0.503213
binom	1	0.03	0.2	0.16631	0.504931
binom	1	0.05	0.2	0.16713	0.508234
binom	1	0.07	0.2	0.16391	0.511616
binom	1	0.08	0.2	0.16669	0.513774
binom	1	0.1	0.2	0.16689	0.516828
binom	1	0.2	0.2	0.16142	0.533524
binom	1	0.3	0.2	0.15965	0.551206
binom	1	0.4	0.2	0.15298	0.568757
binom	1	0.5	0.2	0.14392	0.586664
binom	1	0.6	0.2	0.13609	0.604774
binom	1	0.7	0.2	0.12643	0.624756
binom	1	0.8	0.2	0.11673	0.644295
binom	1	0.9	0.2	0.10825	0.665873
