3 4
3 10
3 13
3 1
3 12
3 0
3 2
4 12
4 8
4 11
4 2
4 0
4 1
12 13
12 8
12 10
12 1
12 5
13 7
13 9
13 0
13 11
13 1
5 7
5 2
5 6
5 9
5 11
5 8
7 10
7 2
7 9
7 6
7 11
10 9
10 0
10 2
10 8
8 9
8 0
8 2
9 1
9 6
1 6
1 11
6 11
6 0
6 2
0 11
0 50
76 86
76 40
76 81
76 83
76 70
76 17
76 26
86 88
86 26
86 74
86 80
86 72
86 59
40 16
40 65
40 47
40 64
40 15
40 30
81 69
81 51
81 80
81 33
81 18
81 28
83 49
83 22
83 14
83 90
83 85
83 64
70 88
70 97
70 47
70 85
70 43
70 21
17 92
17 19
17 64
17 75
17 60
17 58
26 69
26 31
26 19
26 61
26 63
88 96
88 53
88 51
88 14
88 42
74 50
74 99
74 27
74 82
74 58
74 61
80 96
80 92
80 45
80 18
80 30
72 34
72 37
72 47
72 39
72 56
72 42
59 87
59 14
59 52
59 99
59 29
59 30
20 96
20 61
20 36
20 95
20 58
20 15
20 23
96 78
96 97
96 53
96 45
61 31
61 52
61 68
61 55
36 16
36 53
36 38
36 39
36 98
36 73
95 50
95 84
95 37
95 33
95 47
95 98
58 21
58 75
58 62
58 73
15 53
15 49
15 90
15 62
15 73
23 77
23 63
23 51
23 44
23 89
23 91
78 25
78 84
78 63
78 29
78 89
78 54
97 38
97 22
97 19
97 98
97 50
53 16
53 34
53 66
45 25
45 48
45 52
45 63
45 24
67 92
67 46
67 71
67 98
67 73
67 93
67 60
92 55
92 68
92 62
92 60
46 43
46 55
46 57
46 77
46 47
46 44
71 94
71 87
71 31
71 32
71 82
71 57
98 51
98 37
98 56
73 31
73 51
73 91
93 94
93 32
93 42
93 60
93 57
93 54
60 29
60 55
60 54
55 19
55 89
55 28
68 69
68 41
68 39
68 57
68 27
62 94
62 43
62 52
62 39
16 64
16 41
16 27
16 29
64 34
64 18
64 82
41 21
41 24
41 47
41 99
41 85
27 22
27 87
27 18
27 57
29 43
29 84
29 75
34 49
34 65
34 43
34 44
66 49
66 19
66 37
66 56
66 42
66 91
47 18
85 69
85 19
85 99
85 42
43 69
43 56
21 49
21 65
21 94
21 18
51 25
51 48
14 38
14 22
14 18
14 79
42 33
42 54
49 79
49 30
65 38
65 25
65 77
65 99
94 50
94 39
94 44
79 99
79 30
79 75
79 54
79 56
30 22
30 32
38 24
38 39
38 82
24 35
24 52
24 44
24 28
39 87
82 50
82 57
82 28
25 37
25 89
25 54
77 69
77 44
77 63
77 28
99 84
37 32
37 90
89 31
89 91
89 54
22 69
22 91
91 87
91 52
19 75
50 48
50 90
48 35
48 90
48 52
48 56
90 35
90 75
44 84
56 75
57 28
84 87
84 33
87 35
33 35
33 32
33 63
35 31
35 63
28 32
31 32
