15 21
15 25
15 22
21 1
21 19
6 18
6 36
6 39
18 20
18 29
46 48
46 11
46 26
48 39
48 20
10 27
10 44
10 39
27 38
27 30
17 51
17 36
17 49
51 26
51 45
42 50
42 8
42 7
50 34
50 13
50 0
40 43
40 24
40 37
43 8
43 13
23 36
23 26
23 44
3 33
3 19
3 34
33 31
33 32
41 44
41 0
41 34
25 8
25 13
35 37
35 20
35 28
37 38
7 30
7 2
30 19
11 52
11 9
5 14
5 9
5 31
14 1
14 53
31 52
38 2
45 53
45 16
53 12
1 16
47 52
47 32
47 22
0 29
0 49
2 9
12 24
12 16
24 4
4 29
4 22
28 32
28 49
87 90
87 78
87 98
90 93
90 59
78 70
78 91
98 77
98 64
93 72
93 62
59 62
59 65
70 89
70 66
91 58
91 94
58 60
58 68
60 71
60 57
68 83
68 81
94 95
94 61
72 74
72 54
74 86
74 67
54 95
54 57
86 71
86 73
67 79
67 82
89 82
89 57
66 99
66 80
82 88
99 80
99 84
80 97
55 88
55 97
55 76
88 96
97 92
76 92
76 96
96 95
71 85
92 85
73 77
73 69
75 79
75 84
75 63
79 61
84 83
63 77
63 83
61 56
85 64
64 56
62 81
81 65
65 69
56 69
