7 72
7 45
7 40
7 49
72 3
72 57
72 43
19 46
19 75
19 21
19 71
46 34
46 37
46 25
42 57
42 16
42 65
42 18
57 33
57 10
33 54
33 53
33 22
54 12
54 76
54 39
56 74
56 73
56 30
56 45
74 40
74 2
74 76
11 51
11 69
11 71
11 50
51 3
51 67
51 8
8 9
8 2
8 0
9 35
9 59
9 36
0 5
0 14
0 17
0 50
5 12
5 27
5 17
17 21
17 25
21 41
21 60
34 37
34 6
34 48
37 1
37 62
69 18
69 31
69 29
2 66
2 31
66 30
66 1
66 3
14 31
14 23
14 32
31 25
38 62
38 10
38 26
38 70
62 28
62 22
40 59
40 16
59 77
59 48
35 29
35 15
35 58
1 24
1 76
24 67
24 43
24 63
27 52
27 63
27 55
52 29
52 6
52 18
55 68
55 29
55 73
68 77
68 39
68 16
16 63
30 13
30 70
12 20
12 32
75 36
75 53
75 50
60 76
60 25
60 67
71 45
71 44
23 36
23 47
23 48
36 15
49 64
49 26
49 4
64 43
64 39
64 61
77 13
77 61
41 44
41 20
41 65
44 53
44 26
10 58
10 65
63 3
28 47
28 6
28 70
20 32
20 50
6 45
67 58
47 15
47 32
4 43
4 70
4 26
18 13
13 53
58 15
22 61
22 65
73 48
73 50
39 61
82 87
82 90
82 93
82 97
87 89
87 95
87 96
90 91
90 88
90 80
93 83
93 86
93 85
97 80
97 85
97 94
89 96
89 92
89 80
95 91
95 78
95 81
96 86
96 78
91 83
91 79
88 85
88 84
88 94
80 81
83 84
83 79
79 98
79 99
84 98
84 85
86 78
86 94
78 98
94 99
92 99
92 81
92 98
99 81
