1 2
1 8
1 9
2 9
2 5
8 4
8 0
9 5
5 6
3 4
3 7
3 0
4 7
7 6
0 6
0 90
23 98
23 75
23 88
23 42
23 78
23 55
23 45
23 21
23 90
23 67
23 57
23 19
23 22
23 89
23 79
23 92
23 69
23 46
23 59
23 36
23 26
23 91
23 81
23 58
23 48
23 25
23 38
23 28
23 15
23 80
23 93
23 70
23 83
23 60
23 37
23 50
23 27
23 16
23 40
23 18
23 82
23 49
23 85
23 62
23 39
23 52
23 29
23 94
23 61
23 97
23 12
23 74
23 51
23 64
23 41
23 54
23 10
23 11
23 96
23 13
23 86
23 99
23 76
23 30
23 33
98 75
98 89
98 33
98 36
98 66
98 17
98 47
98 20
98 80
98 53
98 83
98 34
98 64
98 86
98 37
98 67
98 18
98 97
98 51
98 81
98 84
98 68
98 28
98 12
98 15
98 45
98 26
98 78
98 29
98 59
98 10
98 13
98 95
98 46
98 76
98 49
98 79
98 60
98 63
98 93
98 44
98 96
98 77
98 94
98 40
98 21
98 24
98 54
98 35
98 38
98 11
98 90
98 41
98 71
98 52
98 25
98 55
98 58
98 88
98 39
98 61
98 91
98 42
98 72
75 46
75 81
75 38
75 77
75 18
75 51
75 93
75 39
75 87
75 83
75 84
75 16
75 94
75 35
75 44
75 49
75 91
75 12
75 60
75 13
75 25
75 32
75 24
75 34
75 85
75 76
75 88
75 68
75 33
75 90
75 80
75 17
75 47
75 20
75 31
75 64
75 65
75 92
75 48
75 63
75 28
75 45
75 26
75 29
75 59
75 73
75 74
75 27
75 58
75 30
75 61
75 95
75 42
75 72
75 97
75 54
75 71
75 22
75 53
75 55
75 67
75 69
75 70
88 46
88 81
88 38
88 77
88 18
88 50
88 15
88 93
88 87
88 84
88 16
88 44
88 49
88 12
88 60
88 13
88 25
88 32
88 24
88 85
88 76
88 53
88 97
88 26
88 80
88 45
88 58
88 65
88 71
88 57
88 67
88 17
88 31
88 28
88 69
88 27
88 95
88 90
88 79
88 55
88 41
88 72
88 56
88 33
88 66
88 47
88 89
88 92
88 86
88 48
88 70
88 29
88 59
88 10
88 43
88 30
88 82
88 63
88 21
88 99
88 11
88 22
42 38
42 77
42 18
42 50
42 51
42 15
42 78
42 87
42 83
42 84
42 94
42 35
42 44
42 49
42 12
42 60
42 13
42 25
42 32
42 24
42 85
42 76
42 53
42 97
42 26
42 45
42 58
42 65
42 71
42 57
42 67
42 31
42 28
42 40
42 69
42 27
42 95
42 90
42 79
42 55
42 68
42 64
42 20
42 37
42 33
42 47
42 14
42 92
42 82
42 59
42 48
42 61
42 70
42 73
42 29
42 74
42 54
42 21
42 36
42 99
42 66
42 43
78 46
78 81
78 77
78 18
78 19
78 50
78 51
78 93
78 39
78 69
78 61
78 72
78 83
78 56
78 95
78 33
78 36
78 66
78 20
78 53
78 34
78 97
78 37
78 87
78 48
78 86
78 68
78 99
78 89
78 12
78 14
78 45
78 29
78 59
78 62
78 13
78 43
78 73
78 65
78 16
78 76
78 49
78 30
78 90
78 60
78 80
78 63
78 44
78 40
78 82
78 21
78 24
78 54
78 57
78 91
78 11
78 41
78 71
78 22
78 25
78 55
78 58
55 81
55 38
55 77
55 19
55 15
55 39
55 87
55 52
55 83
55 84
55 94
55 44
55 91
55 60
55 13
55 25
55 24
55 85
55 76
55 53
55 97
55 80
55 45
55 58
55 65
55 71
55 57
55 67
55 17
55 31
55 28
55 69
55 27
55 95
55 90
55 56
55 14
55 92
55 59
55 37
55 48
55 61
55 70
55 73
55 82
55 72
55 29
55 10
55 74
55 64
55 96
55 86
55 63
55 99
55 21
55 54
55 11
55 41
55 68
45 46
45 81
45 38
45 18
45 19
45 15
45 93
45 39
45 84
45 16
45 94
45 44
45 49
45 12
45 60
45 25
45 24
45 34
45 53
45 97
45 26
45 73
45 72
45 62
45 33
45 14
45 17
45 20
45 74
45 64
45 54
45 96
45 86
45 66
45 28
45 65
45 68
45 29
45 10
45 43
45 90
45 57
45 27
45 47
45 30
45 89
45 79
45 56
45 92
45 69
45 59
45 21
45 58
45 71
45 48
45 61
45 11
45 41
21 46
21 81
21 38
21 77
21 18
21 19
21 50
21 51
21 15
21 93
21 39
21 52
21 84
21 16
21 35
21 44
21 49
21 91
21 12
21 13
21 25
21 32
21 34
21 85
21 26
21 80
21 58
21 65
21 71
21 57
21 67
21 31
21 40
21 69
21 27
21 95
21 90
21 79
21 64
21 20
21 37
21 72
21 22
21 61
21 33
21 96
21 74
21 14
21 70
21 11
21 89
21 73
21 36
21 56
21 59
21 92
21 82
21 29
90 46
90 81
90 38
90 77
90 18
90 19
90 50
90 51
90 15
90 93
90 87
90 83
90 84
90 94
90 35
90 44
90 91
90 12
90 13
90 25
90 32
90 34
90 85
90 76
90 53
90 80
90 71
90 67
90 28
90 40
90 27
90 95
90 11
90 41
90 22
90 74
90 61
90 92
90 56
90 33
90 47
90 20
90 64
90 86
90 48
90 70
90 68
90 29
90 10
90 62
90 43
90 73
90 79
90 30
90 82
90 54
67 46
67 81
67 38
67 18
67 19
67 50
67 51
67 15
67 93
67 39
67 87
67 52
67 83
67 84
67 16
67 94
67 35
67 44
67 49
67 91
67 12
67 60
67 25
67 32
67 24
67 34
67 53
67 26
67 58
67 65
67 71
67 57
67 11
67 61
67 96
67 86
67 99
67 56
67 14
67 17
67 47
67 20
67 31
67 37
67 48
67 89
67 82
67 28
67 59
67 10
67 62
67 70
67 63
67 95
67 72
67 40
67 54
57 46
57 38
57 18
57 19
57 50
57 51
57 93
57 87
57 52
57 83
57 84
57 94
57 44
57 91
57 13
57 25
57 32
57 24
57 34
57 85
57 76
57 26
57 65
57 71
57 11
57 41
57 22
57 89
57 79
57 92
57 82
57 59
57 56
57 61
57 33
57 14
57 36
57 17
57 47
57 20
57 73
57 31
57 37
57 48
57 28
57 74
57 64
57 29
57 96
57 10
57 63
57 43
57 66
57 27
57 30
57 68
57 40
19 46
19 81
19 38
19 77
19 18
19 44
19 24
19 89
19 79
19 56
19 69
19 12
19 36
19 15
19 26
19 91
19 68
19 58
19 35
19 71
19 48
19 16
19 80
19 93
19 70
19 83
19 60
19 37
19 50
19 27
19 92
19 82
19 95
19 49
19 62
19 39
19 29
19 11
19 84
19 61
19 51
19 28
19 31
19 73
19 86
19 40
19 76
19 53
19 30
19 43
19 85
19 14
19 52
19 17
19 65
19 32
19 22
22 46
22 81
22 38
22 18
22 50
22 51
22 15
22 93
22 39
22 87
22 52
22 83
22 16
22 94
22 44
22 91
22 12
22 13
22 32
22 24
22 85
22 76
22 53
22 97
22 26
22 80
22 58
22 65
22 71
22 17
22 31
22 28
22 69
22 27
22 95
22 79
22 20
22 41
22 37
22 72
22 30
22 47
22 99
22 56
22 59
22 36
22 14
22 48
22 82
22 61
22 74
22 96
22 63
22 66
22 43
22 33
22 11
89 81
89 38
89 50
89 39
89 87
89 52
89 83
89 84
89 16
89 94
89 44
89 49
89 91
89 12
89 60
89 25
89 32
89 24
89 34
89 85
89 76
89 97
89 26
89 58
89 65
89 71
89 17
89 28
89 40
89 69
89 27
89 95
89 79
89 68
89 64
89 20
89 41
89 37
89 72
89 30
89 33
89 96
89 74
89 47
89 48
89 56
89 92
89 36
89 66
89 82
89 63
89 29
89 10
89 62
89 43
89 99
79 46
79 38
79 77
79 50
79 87
79 52
79 83
79 84
79 35
79 44
79 49
79 91
79 60
79 13
79 25
79 32
79 24
79 34
79 85
79 76
79 53
79 97
79 26
79 80
79 65
79 31
79 40
79 69
79 27
79 95
79 11
79 41
79 96
79 72
79 56
79 14
79 36
79 47
79 20
79 86
79 64
79 99
79 48
79 70
79 68
79 29
79 59
79 62
79 43
79 73
79 30
79 92
79 82
79 63
92 46
92 38
92 77
92 18
92 50
92 93
92 39
92 87
92 52
92 83
92 84
92 16
92 94
92 12
92 60
92 13
92 25
92 32
92 24
92 34
92 76
92 97
92 26
92 80
92 58
92 65
92 17
92 31
92 28
92 40
92 69
92 27
92 95
92 68
92 64
92 41
92 72
92 30
92 61
92 33
92 74
92 48
92 14
92 73
92 36
92 63
92 99
92 66
92 29
92 10
92 59
92 62
92 43
69 46
69 77
69 18
69 50
69 51
69 15
69 93
69 39
69 52
69 16
69 94
69 35
69 44
69 49
69 91
69 13
69 25
69 32
69 34
69 85
69 76
69 53
69 97
69 80
69 65
69 71
69 17
69 28
69 40
69 54
69 41
69 56
69 33
69 36
69 66
69 20
69 73
69 48
69 82
69 95
69 68
69 74
69 29
69 59
69 10
69 96
69 62
69 86
69 43
69 99
69 30
69 63
46 81
46 58
46 94
46 71
46 48
46 40
46 93
46 24
46 70
46 83
46 35
46 60
46 73
46 11
46 82
46 95
46 72
46 85
46 39
46 62
46 52
46 84
46 51
46 64
46 54
46 33
46 14
46 96
46 17
46 86
46 63
46 99
46 53
46 66
46 34
46 37
46 65
46 68
46 28
46 77
46 12
46 15
46 47
46 26
46 29
46 32
46 13
46 56
46 16
46 30
59 38
59 77
59 18
59 50
59 51
59 39
59 87
59 52
59 83
59 84
59 16
59 35
59 49
59 91
59 12
59 60
59 13
59 25
59 32
59 34
59 76
59 53
59 26
59 80
59 58
59 65
59 31
59 40
59 95
59 68
59 20
59 30
59 61
59 33
59 96
59 74
59 48
59 54
59 11
59 73
59 86
59 36
59 63
59 99
59 66
59 56
59 29
59 10
59 62
59 43
36 38
36 77
36 18
36 50
36 51
36 15
36 93
36 39
36 87
36 52
36 83
36 16
36 94
36 49
36 91
36 12
36 60
36 32
36 24
36 34
36 85
36 76
36 53
36 97
36 71
36 17
36 31
36 28
36 40
36 27
36 68
36 64
36 41
36 37
36 72
36 30
36 61
36 33
36 96
36 74
36 47
36 14
36 70
36 11
36 73
36 99
36 66
36 56
36 82
36 62
36 29
36 10
26 81
26 38
26 18
26 50
26 51
26 15
26 93
26 39
26 87
26 52
26 83
26 84
26 16
26 94
26 35
26 44
26 49
26 91
26 12
26 25
26 32
26 24
26 34
26 85
26 76
26 53
26 80
26 70
26 47
26 37
26 27
26 82
26 95
26 72
26 62
26 29
26 61
26 74
26 28
26 41
26 31
26 86
26 63
26 43
26 33
26 20
26 56
26 68
26 58
91 81
91 38
91 77
91 18
91 50
91 51
91 15
91 39
91 87
91 52
91 94
91 35
91 49
91 30
91 60
91 63
91 54
91 11
91 71
91 74
91 25
91 85
91 72
91 56
91 33
91 66
91 17
91 47
91 20
91 80
91 31
91 53
91 34
91 64
91 86
91 37
91 48
91 82
91 97
91 12
91 29
91 62
91 13
91 43
91 73
91 65
91 76
91 27
81 76
81 27
81 49
81 63
81 44
81 84
81 97
81 77
81 40
81 96
81 86
81 24
81 99
81 54
81 38
81 11
81 41
81 52
81 74
81 58
81 61
81 56
81 33
81 14
81 66
81 17
81 20
81 50
81 80
81 53
81 34
81 64
81 37
81 18
81 48
81 70
81 51
81 94
81 68
81 83
81 15
81 10
81 82
81 95
81 62
81 43
81 73
81 65
81 16
58 38
58 77
58 18
58 15
58 93
58 87
58 52
58 83
58 84
58 35
58 44
58 49
58 12
58 60
58 13
58 25
58 24
58 34
58 53
58 97
58 68
58 27
58 30
58 54
58 82
58 11
58 41
58 71
58 61
58 73
58 63
58 33
58 17
58 95
58 47
58 62
58 31
58 37
58 48
58 74
58 64
58 96
58 86
58 99
58 66
58 10
58 65
48 38
48 77
48 50
48 51
48 15
48 93
48 87
48 52
48 83
48 84
48 16
48 94
48 35
48 44
48 12
48 60
48 25
48 24
48 34
48 85
48 76
48 53
48 97
48 80
48 71
48 17
48 31
48 40
48 27
48 68
48 20
48 41
48 72
48 30
48 61
48 33
48 96
48 47
48 11
48 14
48 70
48 73
48 62
48 10
25 38
25 77
25 18
25 50
25 51
25 15
25 93
25 87
25 84
25 35
25 49
25 13
25 80
25 34
25 47
25 56
25 24
25 11
25 71
25 61
25 70
25 37
25 73
25 27
25 82
25 95
25 72
25 85
25 62
25 14
25 20
25 97
25 64
25 41
25 54
25 86
25 63
25 53
25 30
25 66
25 43
25 32
25 68
25 10
38 77
38 32
38 13
38 27
38 47
38 30
38 56
38 68
38 24
38 71
38 35
38 11
38 60
38 50
38 40
38 82
38 95
38 72
38 49
38 85
38 62
38 39
38 52
38 94
38 14
38 84
38 61
38 97
38 74
38 51
38 20
38 64
38 31
38 37
38 18
38 76
38 66
38 43
38 12
38 15
38 10
28 77
28 18
28 50
28 51
28 15
28 52
28 83
28 84
28 16
28 94
28 35
28 44
28 13
28 32
28 24
28 85
28 76
28 53
28 97
28 80
28 65
28 71
28 17
28 31
28 40
28 95
28 72
28 62
28 61
28 74
28 64
28 54
28 96
28 86
28 99
28 10
28 11
28 30
28 66
28 43
28 33
28 27
28 68
28 70
28 14
28 37
28 73
15 77
15 18
15 50
15 93
15 13
15 60
15 37
15 73
15 27
15 82
15 72
15 39
15 52
15 29
15 97
15 74
15 87
15 64
15 41
15 54
15 11
15 96
15 86
15 63
15 99
15 76
15 30
15 66
15 20
15 33
15 65
15 32
15 68
15 35
15 14
15 80
15 34
15 24
15 56
15 16
15 94
15 71
15 12
80 77
80 50
80 51
80 93
80 87
80 52
80 83
80 84
80 16
80 94
80 35
80 44
80 49
80 12
80 60
80 32
80 85
80 76
80 53
80 97
80 11
80 43
80 73
80 74
80 96
80 86
80 99
80 61
80 72
80 56
80 20
80 37
80 70
80 14
80 47
80 29
80 62
80 65
80 30
80 63
80 82
80 95
80 40
80 54
93 18
93 50
93 51
93 10
93 32
93 62
93 94
93 43
93 73
93 16
93 76
93 27
93 49
93 30
93 82
93 63
93 44
93 40
93 95
93 24
93 54
93 11
93 41
93 71
93 52
93 97
93 39
93 61
93 72
93 56
93 96
93 99
93 66
93 17
93 20
93 53
93 34
93 64
93 86
93 37
93 70
93 84
93 87
70 77
70 18
70 50
70 51
70 87
70 52
70 83
70 84
70 16
70 35
70 44
70 49
70 60
70 13
70 32
70 24
70 34
70 85
70 53
70 97
70 65
70 71
70 31
70 27
70 68
70 64
70 41
70 37
70 72
70 30
70 61
70 96
70 74
70 47
70 14
70 29
70 10
70 62
70 43
70 63
70 86
70 99
70 11
70 82
70 66
70 73
83 77
83 18
83 51
83 39
83 87
83 52
83 84
83 29
83 10
83 62
83 13
83 73
83 96
83 65
83 16
83 86
83 76
83 27
83 99
83 49
83 30
83 24
83 54
83 35
83 11
83 41
83 71
83 74
83 56
83 33
83 14
83 66
83 17
83 47
83 20
83 31
83 64
83 37
83 85
83 68
83 12
60 77
60 18
60 51
60 39
60 87
60 52
60 84
60 16
60 94
60 44
60 49
60 12
60 68
60 10
60 32
60 13
60 43
60 27
60 73
60 95
60 72
60 85
60 62
60 40
60 54
60 97
60 41
60 64
60 96
60 86
60 63
60 99
60 76
60 56
60 66
60 33
60 14
60 47
60 20
60 31
60 53
60 34
37 77
37 18
37 50
37 51
37 39
37 16
37 35
37 44
37 49
37 12
37 13
37 32
37 24
37 34
37 85
37 76
37 53
37 97
37 65
37 17
37 31
37 27
37 95
37 20
37 41
37 29
37 54
37 10
37 96
37 99
37 30
37 66
37 11
37 47
37 82
37 33
37 61
37 73
37 72
37 62
50 51
50 87
50 64
50 12
50 54
50 96
50 10
50 86
50 63
50 99
50 13
50 43
50 16
50 27
50 49
50 30
50 44
50 65
50 68
50 40
50 56
50 39
50 33
50 14
50 17
50 73
50 20
50 34
50 82
50 95
50 72
50 85
50 62
50 52
50 94
50 84
50 97
27 18
27 51
27 39
27 52
27 84
27 16
27 35
27 49
27 12
27 13
27 32
27 24
27 85
27 76
27 53
27 97
27 65
27 71
27 40
27 10
27 72
27 62
27 29
27 61
27 74
27 64
27 41
27 73
27 30
27 66
27 43
27 33
27 20
27 47
27 99
16 87
16 52
16 94
16 61
16 73
16 12
16 40
16 17
16 30
16 82
16 10
16 72
16 85
16 13
16 62
16 29
16 97
16 74
16 64
16 41
16 54
16 31
16 96
16 86
16 63
16 99
16 76
16 66
16 43
16 33
16 65
16 32
16 35
16 47
16 24
16 14
16 49
40 77
40 18
40 51
40 39
40 87
40 94
40 35
40 44
40 49
40 13
40 32
40 24
40 85
40 76
40 53
40 65
40 71
40 17
40 31
40 56
40 14
40 29
40 30
40 95
40 72
40 10
40 11
40 74
40 64
40 41
40 96
40 86
40 63
40 99
40 43
40 33
40 20
40 68
40 47
18 84
18 97
18 64
18 41
18 54
18 96
18 86
18 63
18 99
18 76
18 53
18 66
18 33
18 12
18 65
18 10
18 13
18 87
18 44
18 34
18 47
18 24
18 56
18 73
18 95
18 72
18 49
18 85
18 62
18 39
18 52
18 14
18 29
82 77
82 51
82 39
82 87
82 94
82 35
82 44
82 49
82 12
82 13
82 24
82 34
82 85
82 53
82 17
82 31
82 95
82 68
82 64
82 20
82 41
82 72
82 30
82 61
82 96
82 47
82 54
82 14
82 11
82 73
82 86
82 63
82 99
82 56
82 10
82 43
49 51
49 39
49 84
49 94
49 35
49 44
49 71
49 61
49 12
49 73
49 63
49 11
49 13
49 95
49 85
49 30
49 62
49 97
49 74
49 54
49 24
49 86
49 99
49 53
49 66
49 65
49 33
49 17
49 47
49 31
49 32
49 34
85 77
85 51
85 39
85 87
85 52
85 84
85 35
85 44
85 12
85 24
85 34
85 68
85 14
85 29
85 62
85 43
85 65
85 76
85 30
85 63
85 54
85 95
85 72
85 97
85 96
85 86
85 99
85 17
85 47
85 20
85 31
85 53
62 51
62 87
62 94
62 35
62 44
62 12
62 32
62 24
62 34
62 76
62 97
62 71
62 17
62 31
62 95
62 68
62 20
62 41
62 61
62 33
62 96
62 74
62 47
62 54
62 14
62 86
62 99
62 66
62 56
62 29
62 10
62 43
39 77
39 87
39 44
39 47
39 10
39 32
39 56
39 13
39 30
39 71
39 61
39 24
39 73
39 35
39 11
39 95
39 52
39 94
39 84
39 97
39 74
39 64
39 41
39 14
39 86
39 17
39 63
39 99
39 76
39 53
39 66
39 43
39 31
39 65
52 77
52 51
52 87
52 54
52 99
52 12
52 29
52 32
52 43
52 44
52 24
52 95
52 72
52 41
52 94
52 84
52 97
52 74
52 64
52 73
52 86
52 76
52 53
52 66
52 33
52 17
52 47
52 20
52 31
52 65
52 34
29 87
29 84
29 94
29 35
29 12
29 13
29 32
29 24
29 34
29 76
29 53
29 97
29 65
29 71
29 17
29 95
29 68
29 20
29 72
29 61
29 33
29 96
29 74
29 54
29 14
29 11
29 86
29 63
29 66
29 56
29 10
29 43
94 77
94 51
94 87
94 84
94 63
94 12
94 10
94 11
94 43
94 73
94 30
94 61
94 95
94 44
94 56
94 97
94 24
94 35
94 66
94 96
94 53
94 99
94 86
94 68
94 33
94 17
94 47
94 31
94 32
94 34
94 64
61 87
61 12
61 13
61 32
61 24
61 76
61 97
61 65
61 71
61 17
61 31
61 68
61 64
61 20
61 41
61 72
61 30
61 54
61 11
61 43
61 56
61 96
61 73
61 63
61 74
61 86
61 66
61 33
61 14
61 47
97 77
97 51
97 84
97 35
97 12
97 13
97 34
97 76
97 53
97 86
97 68
97 99
97 10
97 43
97 73
97 95
97 96
97 54
97 11
97 41
97 71
97 74
97 72
97 56
97 66
97 31
12 77
12 51
12 44
12 17
12 64
12 41
12 31
12 73
12 63
12 76
12 53
12 66
12 43
12 20
12 33
12 65
12 10
12 34
12 47
12 24
12 14
12 99
12 56
12 68
12 11
74 77
74 51
74 87
74 84
74 35
74 44
74 13
74 32
74 34
74 76
74 53
74 71
74 17
74 95
74 68
74 64
74 20
74 72
74 30
74 96
74 10
74 43
74 73
74 63
74 54
74 11
74 56
74 99
74 14
74 66
74 47
51 31
51 34
51 84
51 87
51 54
51 53
51 66
51 10
51 65
51 32
51 13
51 43
51 68
51 44
51 35
51 11
51 41
51 71
51 33
51 14
51 95
51 72
51 17
51 47
51 20
64 77
64 87
64 84
64 35
64 13
64 32
64 24
64 34
64 76
64 71
64 17
64 31
64 68
64 96
64 86
64 99
64 66
64 10
64 43
64 30
64 63
64 54
64 73
64 56
64 72
64 33
64 14
64 47
41 77
41 87
41 84
41 35
41 44
41 32
41 34
41 76
41 53
41 65
41 71
41 17
41 31
41 95
41 68
41 20
41 56
41 10
41 30
41 72
41 11
41 54
41 96
41 86
41 63
41 43
41 33
41 14
54 77
54 87
54 35
54 44
54 13
54 32
54 34
54 76
54 53
54 65
54 71
54 17
54 31
54 68
54 20
54 72
54 33
54 47
54 56
54 14
54 73
54 43
54 10
54 86
54 63
54 99
54 66
10 87
10 84
10 35
10 44
10 13
10 32
10 34
10 53
10 65
10 71
10 31
10 95
10 68
10 20
10 72
10 33
10 96
10 47
10 11
10 73
10 63
10 99
10 56
10 43
11 87
11 84
11 35
11 44
11 32
11 24
11 34
11 76
11 65
11 71
11 17
11 31
11 95
11 68
11 20
11 72
11 96
11 14
11 73
11 86
11 63
11 43
11 56
96 77
96 87
96 84
96 35
96 13
96 32
96 24
96 34
96 76
96 65
96 17
96 31
96 95
96 68
96 30
96 33
96 14
96 66
96 47
96 43
96 73
96 63
96 99
96 86
13 87
13 84
13 44
13 73
13 95
13 72
13 31
13 86
13 63
13 99
13 76
13 53
13 30
13 20
13 33
13 32
13 47
13 24
13 14
13 56
13 68
13 71
86 84
86 35
86 44
86 32
86 24
86 53
86 71
86 17
86 31
86 95
86 20
86 72
86 30
86 33
86 14
86 73
86 99
86 43
86 63
86 56
99 77
99 84
99 35
99 44
99 32
99 24
99 53
99 65
99 71
99 17
99 31
99 95
99 68
99 20
99 30
99 33
99 14
99 73
99 66
99 56
76 77
76 44
76 32
76 24
76 33
76 14
76 66
76 17
76 47
76 20
76 31
76 43
76 65
76 30
76 63
76 71
76 56
30 77
30 87
30 84
30 35
30 44
30 53
30 65
30 71
30 31
30 95
30 68
30 20
30 72
30 14
30 63
30 66
30 43
30 47
30 56
33 77
33 35
33 44
33 24
33 53
33 65
33 71
33 17
33 31
33 95
33 72
33 63
33 66
33 47
33 14
33 73
66 77
66 84
66 35
66 44
66 32
66 34
66 53
66 65
66 71
66 17
66 31
66 95
66 68
66 20
66 14
66 73
66 63
66 43
66 56
17 77
17 87
17 35
17 44
17 32
17 24
17 53
17 65
17 71
17 31
17 73
17 63
17 43
17 20
17 47
17 56
17 68
17 14
47 77
47 87
47 84
47 35
47 44
47 32
47 24
47 34
47 53
47 71
47 31
47 68
47 72
47 73
47 63
47 56
47 14
20 77
20 87
20 84
20 35
20 44
20 24
20 34
20 53
20 71
20 31
20 95
20 14
20 63
20 56
20 73
20 72
53 84
53 35
53 32
53 24
53 14
53 31
53 65
53 68
53 43
53 95
53 72
34 77
34 87
34 84
34 35
34 44
34 32
34 24
34 63
34 43
34 65
34 14
34 31
34 56
34 68
34 71
34 73
34 72
84 77
84 87
84 68
84 32
84 73
84 65
84 24
84 35
84 71
84 56
84 14
68 77
68 87
68 44
68 32
68 65
68 31
68 95
68 72
68 56
68 14
68 73
95 87
95 35
95 44
95 65
95 71
95 31
95 43
95 63
95 72
95 56
95 14
63 77
63 87
63 35
63 44
63 32
63 24
63 65
63 71
63 72
63 73
63 43
44 77
44 35
44 71
44 73
44 72
44 31
44 32
44 43
77 71
77 72
77 56
77 14
77 65
77 87
77 32
77 43
77 73
77 24
77 35
24 87
24 35
24 56
24 14
24 73
24 31
24 65
35 56
35 71
35 72
35 31
35 32
35 43
35 65
71 87
71 65
71 73
71 72
71 31
71 43
72 87
72 65
72 31
72 43
72 56
72 14
73 87
73 14
73 43
14 87
14 32
14 65
14 43
14 56
65 87
65 32
65 56
32 87
32 31
32 43
32 56
56 31
56 43
43 87
43 31
31 87
