1 2
1 8
1 9
2 9
2 5
8 4
8 0
9 5
5 6
3 4
3 7
3 0
4 7
7 6
0 6
0 90
23 98
23 75
23 88
23 65
23 42
23 78
23 55
23 32
23 45
23 21
23 87
23 77
23 67
23 44
23 57
23 20
23 34
23 47
23 22
23 24
23 89
23 79
23 92
23 46
23 59
23 36
23 26
23 91
23 68
23 58
23 35
23 48
23 25
23 38
23 14
23 28
23 80
23 70
23 83
23 37
23 50
23 27
23 16
23 40
23 18
23 82
23 72
23 49
23 85
23 62
23 52
23 29
23 94
23 84
23 61
23 12
23 74
23 51
23 64
23 41
23 54
23 31
23 10
23 11
23 13
23 86
23 63
23 99
23 76
23 53
23 66
23 43
23 33
98 56
98 89
98 33
98 14
98 36
98 66
98 17
98 47
98 20
98 50
98 80
98 31
98 83
98 64
98 86
98 37
98 18
98 97
98 99
98 48
98 70
98 51
98 84
98 87
98 68
98 28
98 12
98 15
98 45
98 26
98 29
98 59
98 10
98 62
98 13
98 92
98 43
98 73
98 65
98 16
98 95
98 76
98 49
98 79
98 30
98 60
98 82
98 63
98 93
98 96
98 77
98 94
98 40
98 21
98 54
98 35
98 57
98 38
98 19
98 11
98 90
98 41
98 71
98 22
98 52
98 74
98 55
98 85
98 58
98 39
98 69
98 91
75 27
75 68
75 46
75 81
75 65
75 94
75 39
75 42
75 18
75 19
75 10
75 51
75 31
75 87
75 52
75 43
75 48
75 16
75 44
75 49
75 91
75 54
75 20
75 64
75 60
75 13
75 25
75 38
75 24
75 34
75 84
75 85
75 78
75 33
75 14
75 80
75 47
75 62
75 79
75 92
75 82
75 63
75 45
75 26
75 29
75 83
75 59
75 11
75 96
75 41
75 73
75 58
75 30
75 61
75 95
75 56
75 97
75 40
75 21
75 77
75 66
75 71
75 22
75 86
75 53
75 99
75 76
75 55
75 89
75 37
75 67
75 69
88 68
88 81
88 65
88 94
88 57
88 90
88 19
88 10
88 15
88 50
88 51
88 93
88 31
88 74
88 87
88 52
88 43
88 48
88 16
88 35
88 44
88 49
88 91
88 64
88 12
88 60
88 13
88 25
88 38
88 24
88 34
88 84
88 85
88 53
88 97
88 26
88 45
88 58
88 71
88 67
88 17
88 28
88 40
88 69
88 78
88 70
88 95
88 77
88 55
88 79
88 41
88 37
88 72
88 56
88 33
88 36
88 66
88 89
88 92
88 83
88 86
88 29
88 59
88 62
88 73
88 30
88 82
88 63
88 96
88 99
88 11
88 22
65 27
65 68
65 46
65 81
65 94
65 71
65 42
65 56
65 93
65 83
65 96
65 73
65 14
65 36
65 20
65 72
65 50
65 85
65 31
65 53
65 34
65 64
65 37
65 48
65 51
65 84
65 97
65 87
65 28
65 99
65 12
65 76
65 89
65 66
65 45
65 29
65 59
65 10
65 32
65 62
65 13
65 43
65 16
65 78
65 49
65 60
65 61
65 63
65 44
65 90
65 80
65 70
65 40
65 21
65 24
65 35
65 92
65 69
65 57
65 82
65 38
65 19
65 41
65 22
65 52
65 25
65 91
65 58
65 39
42 68
42 46
42 81
42 94
42 39
42 78
42 55
42 45
42 90
42 67
42 44
42 80
42 57
42 33
42 14
42 15
42 17
42 89
42 79
42 31
42 32
42 69
42 34
42 16
42 49
42 18
42 30
42 58
42 71
42 48
42 61
42 28
42 40
42 93
42 12
42 83
42 60
42 24
42 73
42 50
42 29
42 10
42 11
42 41
42 95
42 72
42 85
42 62
42 84
42 97
42 74
42 51
42 64
42 54
42 21
42 35
42 86
42 36
42 63
42 99
42 76
42 38
42 53
42 19
42 20
42 66
42 43
42 22
42 56
42 37
78 27
78 68
78 81
78 94
78 57
78 90
78 18
78 19
78 15
78 50
78 51
78 93
78 31
78 74
78 87
78 52
78 43
78 16
78 35
78 49
78 91
78 54
78 20
78 64
78 60
78 13
78 25
78 32
78 24
78 34
78 84
78 85
78 53
78 97
78 80
78 45
78 71
78 67
78 17
78 28
78 40
78 69
78 61
78 72
78 83
78 95
78 36
78 66
78 47
78 37
78 70
78 96
78 99
78 89
78 14
78 29
78 59
78 62
78 73
78 76
78 30
78 63
78 77
78 92
78 82
78 41
78 22
78 55
55 27
55 68
55 81
55 94
55 39
55 57
55 90
55 18
55 19
55 10
55 50
55 51
55 31
55 74
55 87
55 43
55 48
55 16
55 35
55 44
55 49
55 91
55 54
55 20
55 64
55 12
55 60
55 32
55 38
55 24
55 34
55 97
55 45
55 58
55 71
55 67
55 17
55 69
55 70
55 95
55 77
55 89
55 33
55 79
55 56
55 14
55 92
55 36
55 47
55 37
55 61
55 83
55 73
55 82
55 72
55 62
55 30
55 96
55 86
55 63
55 99
55 76
55 21
55 66
55 11
55 41
55 22
32 27
32 68
32 46
32 81
32 94
32 39
32 57
32 90
32 18
32 19
32 15
32 50
32 51
32 93
32 31
32 74
32 87
32 52
32 48
32 16
32 35
32 44
32 49
32 20
32 64
32 12
32 60
32 13
32 25
32 38
32 73
32 63
32 40
32 72
32 14
32 85
32 62
32 17
32 84
32 97
32 41
32 96
32 86
32 99
32 76
32 53
32 66
32 28
32 56
32 26
32 45
32 30
32 77
32 67
32 80
32 34
32 89
32 79
32 92
32 69
32 82
32 36
32 24
32 11
32 22
32 58
32 71
32 61
45 27
45 68
45 81
45 94
45 39
45 90
45 18
45 10
45 15
45 50
45 51
45 93
45 74
45 87
45 43
45 48
45 16
45 44
45 91
45 54
45 64
45 12
45 60
45 13
45 25
45 38
45 24
45 34
45 84
45 85
45 53
45 80
45 70
45 83
45 73
45 72
45 62
45 33
45 14
45 36
45 17
45 37
45 96
45 86
45 63
45 99
45 76
45 28
45 29
45 77
45 67
45 47
45 30
45 89
45 56
45 92
45 69
45 59
45 40
45 21
45 58
45 61
45 11
45 41
21 27
21 68
21 46
21 81
21 39
21 57
21 90
21 18
21 19
21 10
21 50
21 51
21 93
21 31
21 74
21 87
21 52
21 43
21 48
21 16
21 35
21 44
21 49
21 20
21 64
21 60
21 13
21 25
21 38
21 34
21 84
21 85
21 97
21 26
21 80
21 58
21 71
21 67
21 17
21 28
21 40
21 69
21 70
21 95
21 79
21 41
21 37
21 72
21 83
21 33
21 96
21 11
21 99
21 66
21 56
21 59
21 36
21 14
21 92
21 82
21 62
21 29
21 73
21 63
21 76
21 30
87 27
87 68
87 46
87 81
87 94
87 39
87 57
87 90
87 18
87 19
87 10
87 15
87 50
87 93
87 74
87 80
87 95
87 52
87 53
87 83
87 67
87 69
87 70
87 97
87 33
87 99
87 14
87 89
87 47
87 62
87 34
87 64
87 16
87 76
87 48
87 91
87 60
87 82
87 63
87 77
87 40
87 12
87 24
87 26
87 92
87 29
87 59
87 11
87 41
87 71
87 43
87 73
87 25
87 85
87 58
87 61
87 72
87 44
87 54
87 35
87 36
87 66
87 20
77 27
77 68
77 46
77 81
77 39
77 90
77 18
77 19
77 10
77 15
77 50
77 93
77 31
77 74
77 52
77 43
77 16
77 35
77 44
77 49
77 91
77 54
77 20
77 12
77 60
77 13
77 25
77 24
77 34
77 85
77 53
77 26
77 80
77 58
77 71
77 67
77 17
77 28
77 40
77 69
77 95
77 11
77 41
77 22
77 72
77 56
77 83
77 14
77 36
77 66
77 47
77 82
77 96
77 99
77 29
77 59
77 62
77 73
77 30
77 61
77 63
77 89
77 79
77 92
67 27
67 68
67 46
67 81
67 94
67 39
67 57
67 90
67 18
67 19
67 10
67 15
67 50
67 93
67 31
67 52
67 43
67 48
67 16
67 35
67 44
67 49
67 91
67 54
67 64
67 60
67 25
67 38
67 24
67 85
67 53
67 97
67 26
67 80
67 71
67 22
67 61
67 96
67 86
67 99
67 76
67 33
67 14
67 36
67 17
67 47
67 37
67 89
67 79
67 92
67 69
67 82
67 28
67 29
67 59
67 62
67 30
67 83
67 63
67 95
67 72
67 40
44 68
44 81
44 94
44 39
44 57
44 90
44 18
44 19
44 10
44 15
44 50
44 51
44 31
44 74
44 52
44 43
44 16
44 35
44 38
44 11
44 41
44 91
44 22
44 58
44 25
44 71
44 61
44 70
44 83
44 60
44 73
44 82
44 33
44 72
44 49
44 85
44 36
44 20
44 84
44 37
44 97
44 64
44 54
44 96
44 86
44 99
44 76
44 53
44 28
44 66
44 26
44 13
44 30
44 80
44 47
44 89
44 40
44 92
44 69
44 24
44 59
57 27
57 46
57 81
57 94
57 90
57 54
57 35
57 80
57 38
57 19
57 11
57 41
57 22
57 25
57 89
57 79
57 92
57 69
57 82
57 59
57 56
57 91
57 58
57 71
57 61
57 33
57 14
57 17
57 47
57 70
57 83
57 20
57 60
57 50
57 31
57 34
57 37
57 18
57 48
57 95
57 51
57 72
57 85
57 62
57 84
57 28
57 97
57 12
57 15
57 29
57 96
57 10
57 13
57 63
57 43
57 76
57 16
57 66
57 30
57 40
57 24
20 27
20 68
20 46
20 94
20 39
20 90
20 18
20 19
20 10
20 15
20 50
20 51
20 74
20 52
20 43
20 48
20 16
20 49
20 91
20 54
20 64
20 41
20 96
20 86
20 63
20 99
20 76
20 17
20 30
20 66
20 33
20 22
20 80
20 34
20 47
20 24
20 12
20 89
20 56
20 69
20 59
20 13
20 58
20 71
20 25
20 61
20 38
20 28
20 70
20 83
20 60
20 40
20 82
20 95
20 72
20 85
20 62
20 29
20 84
20 97
34 27
34 68
34 46
34 81
34 94
34 39
34 18
34 19
34 10
34 15
34 50
34 51
34 93
34 31
34 74
34 52
34 43
34 35
34 49
34 91
34 54
34 12
34 60
34 13
34 25
34 38
34 24
34 84
34 97
34 41
34 22
34 96
34 86
34 63
34 76
34 53
34 33
34 17
34 47
34 89
34 79
34 56
34 92
34 69
34 59
34 58
34 71
34 61
34 26
34 29
34 70
34 83
34 37
34 73
34 30
34 40
34 82
34 95
34 72
47 27
47 46
47 81
47 94
47 39
47 90
47 18
47 19
47 10
47 15
47 51
47 93
47 31
47 74
47 43
47 16
47 49
47 91
47 54
47 64
47 12
47 60
47 13
47 25
47 38
47 84
47 85
47 53
47 97
47 26
47 80
47 71
47 17
47 28
47 40
47 69
47 70
47 95
47 79
47 37
47 72
47 83
47 33
47 96
47 11
47 99
47 14
47 89
47 22
47 86
47 73
47 63
47 76
47 66
47 36
47 59
47 29
47 92
47 82
47 62
22 27
22 68
22 46
22 81
22 94
22 39
22 18
22 19
22 10
22 15
22 50
22 51
22 93
22 31
22 52
22 43
22 48
22 16
22 35
22 49
22 91
22 64
22 12
22 60
22 13
22 38
22 84
22 85
22 53
22 80
22 71
22 28
22 40
22 69
22 70
22 95
22 41
22 37
22 83
22 33
22 96
22 61
22 11
22 99
22 14
22 56
22 89
22 92
22 59
22 82
22 62
22 29
22 73
22 86
22 76
22 30
22 66
24 27
24 68
24 81
24 94
24 39
24 90
24 10
24 15
24 50
24 93
24 31
24 74
24 43
24 48
24 35
24 49
24 91
24 64
24 12
24 60
24 13
24 25
24 38
24 89
24 11
24 79
24 69
24 59
24 36
24 26
24 58
24 71
24 61
24 28
24 70
24 83
24 14
24 37
24 73
24 17
24 40
24 82
24 95
24 72
24 85
24 29
24 84
24 97
24 41
24 96
24 86
24 63
24 99
24 76
24 30
24 33
24 80
89 68
89 46
89 81
89 94
89 39
89 90
89 18
89 10
89 15
89 50
89 51
89 31
89 52
89 43
89 48
89 16
89 35
89 49
89 54
89 64
89 12
89 60
89 13
89 38
89 84
89 53
89 26
89 80
89 71
89 17
89 28
89 40
89 69
89 70
89 79
89 41
89 37
89 72
89 83
89 33
89 96
89 99
89 56
89 86
89 92
89 66
89 82
89 63
89 29
89 59
89 62
89 73
89 30
79 27
79 68
79 46
79 81
79 39
79 90
79 18
79 19
79 10
79 15
79 51
79 93
79 74
79 52
79 48
79 35
79 49
79 91
79 54
79 12
79 60
79 13
79 25
79 38
79 84
79 85
79 53
79 97
79 26
79 80
79 58
79 71
79 17
79 28
79 40
79 69
79 95
79 11
79 41
79 83
79 96
79 61
79 72
79 56
79 33
79 14
79 36
79 66
79 86
79 37
79 29
79 59
79 62
79 73
79 76
79 30
79 92
79 63
92 27
92 68
92 81
92 94
92 39
92 90
92 19
92 10
92 15
92 50
92 93
92 31
92 74
92 52
92 43
92 48
92 16
92 35
92 49
92 91
92 54
92 12
92 60
92 13
92 25
92 38
92 84
92 85
92 53
92 97
92 26
92 80
92 58
92 17
92 28
92 69
92 41
92 37
92 83
92 61
92 99
92 14
92 56
92 86
92 36
92 29
92 30
92 63
92 73
92 59
92 76
92 82
92 62
46 27
46 68
46 81
46 58
46 94
46 71
46 48
46 61
46 40
46 93
46 70
46 83
46 35
46 60
46 73
46 50
46 38
46 19
46 41
46 25
46 82
46 95
46 72
46 85
46 39
46 62
46 52
46 97
46 74
46 51
46 54
46 33
46 14
46 36
46 96
46 17
46 99
46 76
46 53
46 31
46 66
46 18
46 28
46 90
46 12
46 15
46 26
46 29
46 10
46 13
46 43
46 69
46 16
46 59
46 49
46 30
46 91
59 27
59 81
59 39
59 90
59 18
59 10
59 15
59 50
59 51
59 93
59 74
59 52
59 48
59 16
59 91
59 54
59 12
59 60
59 13
59 25
59 38
59 84
59 85
59 53
59 97
59 26
59 80
59 58
59 17
59 40
59 69
59 70
59 95
59 41
59 37
59 83
59 33
59 96
59 61
59 11
59 99
59 14
59 86
59 36
59 29
59 63
59 66
59 73
59 82
59 62
59 76
36 27
36 68
36 81
36 94
36 39
36 90
36 18
36 19
36 10
36 15
36 50
36 93
36 74
36 43
36 16
36 91
36 54
36 64
36 12
36 60
36 13
36 25
36 38
36 84
36 85
36 53
36 97
36 26
36 58
36 17
36 28
36 40
36 69
36 70
36 95
36 41
36 37
36 72
36 33
36 96
36 61
36 11
36 99
36 14
36 56
36 86
36 76
36 66
36 73
36 82
36 62
36 29
36 30
26 27
26 68
26 81
26 94
26 39
26 90
26 18
26 19
26 10
26 15
26 51
26 93
26 31
26 74
26 52
26 43
26 48
26 16
26 35
26 49
26 91
26 54
26 64
26 12
26 60
26 13
26 25
26 38
26 84
26 85
26 53
26 97
26 80
26 70
26 37
26 40
26 95
26 72
26 62
26 29
26 11
26 61
26 28
26 73
26 86
26 63
26 33
26 14
26 17
26 99
26 66
26 56
26 69
26 58
91 68
91 81
91 94
91 39
91 18
91 10
91 15
91 50
91 51
91 93
91 31
91 74
91 52
91 43
91 48
91 16
91 35
91 49
91 60
91 63
91 54
91 38
91 11
91 41
91 71
91 25
91 69
91 72
91 56
91 96
91 14
91 66
91 17
91 80
91 53
91 95
91 83
91 64
91 86
91 37
91 70
91 82
91 84
91 97
91 12
91 99
91 13
91 73
91 76
68 27
68 58
68 72
68 60
68 61
68 85
68 56
68 97
68 74
68 54
68 35
68 66
68 96
68 19
68 86
68 99
68 52
68 53
68 39
68 51
68 90
68 33
68 15
68 17
68 31
68 62
68 64
68 16
68 69
68 18
68 48
68 82
68 49
68 30
68 81
68 94
68 28
68 40
68 12
68 93
68 70
68 29
68 10
68 11
68 41
68 43
68 25
58 27
58 81
58 94
58 90
58 19
58 10
58 15
58 51
58 93
58 31
58 74
58 52
58 43
58 48
58 35
58 49
58 54
58 64
58 12
58 60
58 13
58 25
58 38
58 84
58 85
58 53
58 97
58 80
58 30
58 40
58 11
58 41
58 71
58 56
58 70
58 83
58 73
58 63
58 14
58 95
58 72
58 62
58 37
58 28
58 86
58 99
58 76
58 66
58 29
35 27
35 81
35 94
35 39
35 18
35 19
35 10
35 15
35 51
35 31
35 74
35 43
35 16
35 25
35 66
35 56
35 69
35 71
35 38
35 80
35 70
35 83
35 60
35 37
35 82
35 95
35 72
35 62
35 33
35 14
35 84
35 17
35 61
35 97
35 29
35 41
35 13
35 96
35 73
35 30
35 86
35 63
35 76
35 53
35 85
35 28
35 11
35 54
48 27
48 81
48 94
48 39
48 90
48 18
48 19
48 10
48 51
48 93
48 31
48 74
48 43
48 16
48 84
48 61
48 97
48 30
48 64
48 96
48 86
48 53
48 40
48 66
48 38
48 11
48 41
48 54
48 99
48 56
48 33
48 69
48 14
48 17
48 37
48 71
48 70
48 83
48 73
48 28
48 12
48 82
48 95
48 72
48 49
48 85
48 29
48 13
25 27
25 81
25 39
25 18
25 19
25 10
25 50
25 51
25 93
25 31
25 74
25 52
25 43
25 54
25 64
25 12
25 60
25 13
25 80
25 56
25 69
25 11
25 71
25 61
25 28
25 70
25 37
25 73
25 40
25 82
25 95
25 72
25 85
25 62
25 14
25 17
25 84
25 97
25 96
25 63
25 99
25 76
25 53
25 30
25 66
25 33
38 27
38 94
38 39
38 90
38 18
38 19
38 10
38 15
38 93
38 52
38 43
38 49
38 64
38 12
38 60
38 13
38 30
38 56
38 11
38 80
38 70
38 83
38 73
38 40
38 82
38 95
38 72
38 85
38 62
38 33
38 14
38 84
38 61
38 17
38 97
38 41
38 37
38 86
38 63
38 76
38 53
38 66
38 28
38 29
14 27
14 81
14 39
14 90
14 18
14 19
14 10
14 15
14 50
14 51
14 93
14 31
14 74
14 52
14 43
14 49
14 54
14 64
14 12
14 60
14 13
14 84
14 85
14 53
14 97
14 80
14 71
14 17
14 28
14 69
14 37
14 72
14 33
14 96
14 61
14 11
14 99
14 86
14 63
14 76
14 66
14 82
14 62
14 29
28 27
28 81
28 94
28 39
28 90
28 18
28 19
28 10
28 15
28 50
28 93
28 74
28 52
28 16
28 54
28 64
28 12
28 60
28 13
28 84
28 85
28 80
28 71
28 17
28 40
28 82
28 95
28 72
28 62
28 61
28 41
28 96
28 63
28 76
28 11
28 30
28 66
28 33
28 56
28 69
28 70
28 37
28 73
80 27
80 81
80 94
80 39
80 90
80 18
80 10
80 15
80 50
80 51
80 93
80 31
80 74
80 52
80 43
80 49
80 64
80 12
80 60
80 13
80 84
80 53
80 97
80 11
80 71
80 73
80 96
80 86
80 61
80 72
80 56
80 66
80 70
80 17
80 29
80 62
80 83
80 76
80 30
80 63
80 82
80 95
80 40
70 27
70 81
70 94
70 90
70 18
70 19
70 15
70 50
70 51
70 31
70 74
70 43
70 16
70 49
70 54
70 64
70 60
70 13
70 84
70 53
70 97
70 71
70 17
70 69
70 29
70 62
70 30
70 63
70 86
70 99
70 76
70 11
70 41
70 56
70 82
70 33
70 66
70 37
70 83
70 96
70 73
70 95
70 72
83 27
83 81
83 39
83 90
83 18
83 10
83 15
83 50
83 51
83 93
83 74
83 43
83 16
83 54
83 64
83 12
83 13
83 85
83 53
83 97
83 71
83 17
83 40
83 69
83 95
83 41
83 37
83 72
83 29
83 73
83 96
83 86
83 76
83 99
83 30
83 82
83 11
83 61
83 56
83 33
83 66
37 27
37 94
37 39
37 18
37 19
37 10
37 15
37 51
37 31
37 74
37 52
37 43
37 16
37 49
37 64
37 12
37 60
37 13
37 84
37 85
37 97
37 71
37 17
37 69
37 95
37 41
37 29
37 96
37 86
37 99
37 76
37 30
37 56
37 82
37 33
37 61
37 73
37 63
37 72
37 62
50 27
50 81
50 94
50 39
50 18
50 19
50 10
50 15
50 51
50 64
50 12
50 54
50 96
50 29
50 63
50 76
50 13
50 53
50 43
50 66
50 16
50 49
50 30
50 40
50 11
50 41
50 56
50 69
50 71
50 61
50 33
50 60
50 73
50 31
50 95
50 72
50 85
50 62
50 52
50 84
50 97
50 74
27 81
27 12
27 15
27 10
27 93
27 13
27 16
27 40
27 82
27 95
27 72
27 49
27 85
27 62
27 39
27 52
27 94
27 84
27 61
27 74
27 51
27 31
27 11
27 96
27 86
27 63
27 76
27 53
27 30
27 43
27 33
27 17
27 54
27 90
27 99
27 18
27 56
16 81
16 94
16 39
16 90
16 18
16 10
16 15
16 93
16 31
16 74
16 52
16 43
16 61
16 60
16 73
16 40
16 17
16 30
16 82
16 95
16 11
16 72
16 85
16 13
16 29
16 84
16 64
16 41
16 54
16 96
16 86
16 63
16 99
16 76
16 53
16 66
16 33
16 49
40 94
40 39
40 90
40 19
40 10
40 15
40 51
40 93
40 31
40 74
40 52
40 43
40 54
40 64
40 12
40 60
40 84
40 85
40 53
40 97
40 71
40 56
40 30
40 61
40 82
40 95
40 72
40 11
40 41
40 96
40 86
40 63
40 99
40 76
40 66
40 33
18 81
18 90
18 19
18 84
18 61
18 97
18 74
18 51
18 41
18 54
18 31
18 96
18 86
18 63
18 99
18 53
18 66
18 43
18 33
18 12
18 15
18 56
18 11
18 71
18 93
18 60
18 73
18 82
18 95
18 49
18 62
18 52
18 29
18 17
82 81
82 94
82 39
82 90
82 19
82 10
82 15
82 93
82 74
82 52
82 43
82 49
82 54
82 64
82 13
82 84
82 97
82 71
82 17
82 69
82 41
82 72
82 33
82 96
82 11
82 99
82 86
82 29
82 63
82 66
82 73
82 76
82 62
72 81
72 94
72 39
72 90
72 10
72 15
72 93
72 31
72 74
72 52
72 43
72 49
72 60
72 13
72 85
72 71
72 17
72 69
72 95
72 41
72 29
72 62
72 30
72 63
72 11
72 73
72 61
72 33
72 96
72 86
72 99
72 76
49 81
49 94
49 39
49 90
49 19
49 15
49 51
49 31
49 74
49 52
49 43
49 71
49 61
49 12
49 60
49 96
49 73
49 29
49 63
49 11
49 13
49 95
49 85
49 30
49 62
49 84
49 97
49 54
49 86
49 99
49 76
49 66
49 56
49 17
49 69
85 94
85 39
85 90
85 19
85 10
85 15
85 93
85 31
85 74
85 43
85 54
85 64
85 12
85 60
85 13
85 84
85 29
85 62
85 73
85 30
85 63
85 11
85 41
85 71
85 69
85 61
85 56
85 97
85 96
85 33
85 86
85 66
62 19
62 10
62 15
62 51
62 93
62 31
62 74
62 52
62 54
62 64
62 12
62 60
62 13
62 84
62 53
62 97
62 17
62 95
62 41
62 33
62 96
62 61
62 11
62 99
62 56
62 86
62 29
62 30
62 63
62 66
62 76
52 81
52 94
52 90
52 19
52 10
52 15
52 51
52 93
52 31
52 74
52 54
52 99
52 12
52 56
52 69
52 29
52 13
52 71
52 60
52 95
52 11
52 41
52 84
52 61
52 97
52 64
52 96
52 86
52 63
52 76
52 53
52 66
52 33
52 17
29 81
29 94
29 39
29 90
29 10
29 15
29 51
29 93
29 31
29 74
29 54
29 12
29 60
29 13
29 97
29 71
29 69
29 95
29 41
29 33
29 61
29 99
29 56
29 86
29 73
29 63
29 76
29 30
29 66
94 63
94 93
94 12
94 10
94 11
94 90
94 41
94 71
94 13
94 43
94 74
94 30
94 61
94 95
94 56
94 97
94 66
94 19
94 96
94 53
94 99
94 86
94 39
94 69
94 51
94 84
94 15
94 31
94 64
84 81
84 39
84 90
84 19
84 10
84 15
84 51
84 93
84 43
84 54
84 64
84 12
84 60
84 99
84 73
84 76
84 30
84 61
84 63
84 11
84 41
84 71
84 69
84 56
84 66
84 17
84 95
84 53
61 81
61 39
61 90
61 19
61 10
61 15
61 51
61 93
61 74
61 43
61 54
61 64
61 13
61 53
61 71
61 17
61 69
61 95
61 41
61 96
61 30
61 11
61 73
61 63
61 99
61 76
61 66
12 81
12 39
12 19
12 10
12 51
12 93
12 31
12 74
12 43
12 54
12 64
12 60
12 17
12 95
12 97
12 41
12 96
12 73
12 86
12 63
12 76
12 53
12 33
12 99
12 56
12 69
12 71
12 11
74 81
74 90
74 19
74 51
74 31
74 53
74 64
74 43
74 73
74 30
74 60
74 63
74 95
74 54
74 11
74 41
74 71
74 86
74 56
74 99
74 76
74 33
74 66
74 17
51 81
51 39
51 90
51 19
51 15
51 31
51 97
51 64
51 54
51 96
51 86
51 63
51 99
51 76
51 53
51 66
51 13
51 43
51 56
51 41
51 71
51 93
51 60
51 73
51 33
51 95
51 17
64 81
64 39
64 90
64 19
64 10
64 15
64 93
64 31
64 43
64 54
64 97
64 53
64 96
64 86
64 76
64 66
64 13
64 30
64 60
64 71
64 11
64 41
64 73
64 56
64 95
64 33
64 17
41 81
41 39
41 90
41 19
41 10
41 31
41 54
41 60
41 13
41 53
41 71
41 17
41 95
41 73
41 30
41 11
41 63
41 99
41 76
41 66
41 33
54 81
54 90
54 19
54 15
54 93
54 31
54 43
54 53
54 56
54 69
54 71
54 60
54 73
54 13
54 30
54 95
54 97
54 96
54 11
54 86
54 99
54 66
54 33
31 81
31 39
31 90
31 15
31 93
31 17
31 96
31 63
31 76
31 53
31 43
31 33
31 13
31 99
31 30
31 66
31 56
31 69
31 71
31 11
31 60
31 95
31 97
10 81
10 39
10 19
10 15
10 60
10 17
10 95
10 97
10 96
10 73
10 86
10 76
10 53
10 30
10 11
10 99
10 56
10 13
10 71
11 81
11 90
11 19
11 15
11 93
11 43
11 60
11 53
11 97
11 71
11 17
11 69
11 95
11 33
11 96
11 73
11 30
11 86
11 63
11 56
13 39
13 90
13 19
13 15
13 93
13 43
13 73
13 17
13 95
13 97
13 96
13 86
13 99
13 76
13 30
13 33
13 56
13 69
13 71
86 81
86 39
86 90
86 19
86 15
86 93
86 43
86 60
86 97
86 17
86 69
86 95
86 33
86 96
86 99
86 56
86 66
86 73
86 76
86 30
86 63
63 81
63 39
63 90
63 19
63 93
63 43
63 53
63 97
63 69
63 33
63 96
63 99
63 56
63 30
63 73
63 76
63 66
99 81
99 39
99 90
99 19
99 15
99 93
99 53
99 71
99 17
99 95
99 33
99 96
99 66
99 30
99 73
99 56
76 39
76 90
76 19
76 93
76 43
76 60
76 53
76 97
76 71
76 17
76 69
76 95
76 33
76 96
76 56
76 30
53 81
53 39
53 90
53 19
53 15
53 93
53 43
53 60
53 97
53 33
53 96
53 66
53 56
53 69
53 30
53 71
53 73
53 95
66 81
66 39
66 19
66 15
66 93
66 60
66 97
66 71
66 17
66 95
66 33
66 96
66 56
66 30
66 73
43 81
43 90
43 19
43 15
43 93
43 17
43 73
43 95
43 97
43 30
43 56
43 69
33 81
33 90
33 15
33 93
33 60
33 97
33 71
33 17
33 69
33 95
33 96
33 56
33 30
33 73
56 81
56 39
56 90
56 19
56 15
56 93
56 60
56 97
56 71
56 17
56 69
56 96
56 73
56 30
17 81
17 39
17 90
17 19
17 15
17 93
17 60
17 97
17 96
17 73
17 30
17 69
17 95
97 81
97 90
97 19
97 15
97 93
97 60
97 73
97 30
97 96
97 71
97 69
15 39
15 90
15 93
15 60
15 95
15 30
15 69
15 71
73 39
73 90
73 19
73 93
73 60
73 71
73 69
73 96
73 30
95 81
95 39
95 90
95 19
95 93
95 71
95 69
95 96
95 30
30 19
30 93
30 60
30 71
30 69
30 96
60 81
60 39
60 90
60 69
93 81
93 39
93 90
93 19
93 71
93 69
93 96
96 39
96 19
96 71
96 69
19 81
19 39
19 90
19 69
19 71
90 39
90 71
90 69
71 81
71 39
71 69
39 81
39 69
69 81
