binom	1	0	0.15	0.13597	0.500274
binom	1	0.01	0.15	0.13787	0.501486
binom	1	0.02	0.15	0.13491	0.501927
binom	1	0.03	0.15	0.13804	0.502466
binom	1	0.05	0.15	0.13694	0.502776
binom	1	0.07	0.15	0.13538	0.506064
binom	1	0.08	0.15	0.13818	0.506288
binom	1	0.1	0.15	0.13531	0.50815
binom	1	0.2	0.15	0.13487	0.51664
binom	1	0.3	0.15	0.12988	0.523969
binom	1	0.4	0.15	0.12522	0.531713
binom	1	0.5	0.15	0.11612	0.540761
binom	1	0.6	0.15	0.11056	0.548265
binom	1	0.7	0.15	0.1018	0.55675
binom	1	0.8	0.15	0.09444	0.565275
binom	1	0.9	0.15	0.08783	0.574322
