binom	1	0	0.15	0.1376	0.500324
binom	1	0.01	0.15	0.13654	0.500307
binom	1	0.02	0.15	0.13819	0.50175
binom	1	0.03	0.15	0.13795	0.501799
binom	1	0.05	0.15	0.13553	0.504292
binom	1	0.07	0.15	0.13621	0.50563
binom	1	0.08	0.15	0.13702	0.50582
binom	1	0.1	0.15	0.1368	0.506966
binom	1	0.2	0.15	0.13348	0.51584
binom	1	0.3	0.15	0.12902	0.524117
binom	1	0.4	0.15	0.12571	0.531812
binom	1	0.5	0.15	0.11732	0.540189
binom	1	0.6	0.15	0.11126	0.548679
binom	1	0.7	0.15	0.10169	0.55664
binom	1	0.8	0.15	0.09387	0.564512
binom	1	0.9	0.15	0.08472	0.573316
