binom	1	0	0.15	0.1342	0.500075
binom	1	0.01	0.15	0.13341	0.501004
binom	1	0.02	0.15	0.13561	0.501568
binom	1	0.03	0.15	0.13335	0.502155
binom	1	0.05	0.15	0.13452	0.503007
binom	1	0.07	0.15	0.13412	0.504446
binom	1	0.08	0.15	0.13105	0.505042
binom	1	0.1	0.15	0.13354	0.506288
binom	1	0.2	0.15	0.13111	0.513284
binom	1	0.3	0.15	0.12665	0.519171
binom	1	0.4	0.15	0.12223	0.524684
binom	1	0.5	0.15	0.11495	0.531745
binom	1	0.6	0.15	0.10758	0.537966
binom	1	0.7	0.15	0.10119	0.544782
binom	1	0.8	0.15	0.09213	0.550399
binom	1	0.9	0.15	0.08397	0.557006
