binom	1	0	0.15	0.13257	0.499652
binom	1	0.01	0.15	0.13426	0.499853
binom	1	0.02	0.15	0.13285	0.500614
binom	1	0.03	0.15	0.13334	0.501351
binom	1	0.05	0.15	0.1331	0.503458
binom	1	0.07	0.15	0.1345	0.504036
binom	1	0.08	0.15	0.13303	0.50547
binom	1	0.1	0.15	0.13057	0.506574
binom	1	0.2	0.15	0.13085	0.512131
binom	1	0.3	0.15	0.12478	0.517824
binom	1	0.4	0.15	0.12247	0.525125
binom	1	0.5	0.15	0.11544	0.531523
binom	1	0.6	0.15	0.10573	0.537105
binom	1	0.7	0.15	0.10082	0.543556
binom	1	0.8	0.15	0.09084	0.54986
binom	1	0.9	0.15	0.08465	0.55574
