binom	1	0	0.15	0.13259	0.49967
binom	1	0.01	0.15	0.13219	0.500249
binom	1	0.02	0.15	0.13436	0.501069
binom	1	0.03	0.15	0.13188	0.500785
binom	1	0.05	0.15	0.13293	0.503133
binom	1	0.07	0.15	0.13296	0.504777
binom	1	0.08	0.15	0.13369	0.504929
binom	1	0.1	0.15	0.13141	0.506057
binom	1	0.2	0.15	0.13161	0.511707
binom	1	0.3	0.15	0.1262	0.518456
binom	1	0.4	0.15	0.12101	0.525032
binom	1	0.5	0.15	0.11357	0.530857
binom	1	0.6	0.15	0.10606	0.536574
binom	1	0.7	0.15	0.10021	0.544473
binom	1	0.8	0.15	0.09095	0.551176
binom	1	0.9	0.15	0.08303	0.557495
