binom	1	0	0.15	0.13567	0.500337
binom	1	0.01	0.15	0.13457	0.501285
binom	1	0.02	0.15	0.135	0.501534
binom	1	0.03	0.15	0.13593	0.502097
binom	1	0.05	0.15	0.13377	0.502249
binom	1	0.07	0.15	0.13554	0.503877
binom	1	0.08	0.15	0.1346	0.504236
binom	1	0.1	0.15	0.13521	0.506454
binom	1	0.2	0.15	0.13149	0.511998
binom	1	0.3	0.15	0.1277	0.518554
binom	1	0.4	0.15	0.12314	0.525547
binom	1	0.5	0.15	0.11639	0.531442
binom	1	0.6	0.15	0.10858	0.537341
binom	1	0.7	0.15	0.10023	0.543774
binom	1	0.8	0.15	0.09284	0.550523
binom	1	0.9	0.15	0.08403	0.556651
