binom	1	0	0.15	0.13603	0.499474
binom	1	0.01	0.15	0.13421	0.500521
binom	1	0.02	0.15	0.13556	0.500888
binom	1	0.03	0.15	0.13571	0.502615
binom	1	0.05	0.15	0.13286	0.503644
binom	1	0.07	0.15	0.13393	0.504313
binom	1	0.08	0.15	0.13404	0.505294
binom	1	0.1	0.15	0.13556	0.506635
binom	1	0.2	0.15	0.13284	0.513289
binom	1	0.3	0.15	0.12707	0.517789
binom	1	0.4	0.15	0.12088	0.524745
binom	1	0.5	0.15	0.11554	0.531174
binom	1	0.6	0.15	0.10891	0.537088
binom	1	0.7	0.15	0.10066	0.543908
binom	1	0.8	0.15	0.0939	0.549532
binom	1	0.9	0.15	0.08364	0.556604
