binom	1	0	0.15	0.14925	0.499819
binom	1	0.01	0.15	0.14927	0.501196
binom	1	0.02	0.15	0.1511	0.503786
binom	1	0.03	0.15	0.15134	0.50515
binom	1	0.05	0.15	0.14919	0.508338
binom	1	0.07	0.15	0.14889	0.512322
binom	1	0.08	0.15	0.14926	0.514372
binom	1	0.1	0.15	0.14882	0.517037
binom	1	0.2	0.15	0.14533	0.534429
binom	1	0.3	0.15	0.14253	0.551915
binom	1	0.4	0.15	0.13471	0.569221
binom	1	0.5	0.15	0.12776	0.586911
binom	1	0.6	0.15	0.12142	0.606477
binom	1	0.7	0.15	0.11166	0.62537
binom	1	0.8	0.15	0.10398	0.644161
binom	1	0.9	0.15	0.09562	0.663521
