binom	1	0	0.15	0.13625	0.499378
binom	1	0.01	0.15	0.13574	0.500282
binom	1	0.02	0.15	0.13516	0.501424
binom	1	0.03	0.15	0.1362	0.502617
binom	1	0.05	0.15	0.13628	0.503291
binom	1	0.07	0.15	0.13624	0.504844
binom	1	0.08	0.15	0.13565	0.504636
binom	1	0.1	0.15	0.13504	0.506688
binom	1	0.2	0.15	0.1327	0.512326
binom	1	0.3	0.15	0.12641	0.519476
binom	1	0.4	0.15	0.12411	0.525572
binom	1	0.5	0.15	0.11763	0.531614
binom	1	0.6	0.15	0.10933	0.538557
binom	1	0.7	0.15	0.10138	0.544978
binom	1	0.8	0.15	0.09538	0.551505
binom	1	0.9	0.15	0.08486	0.558598
