binom	1	0	0.15	0.13394	0.499991
binom	1	0.01	0.15	0.13224	0.501667
binom	1	0.02	0.15	0.13362	0.502568
binom	1	0.03	0.15	0.13394	0.504869
binom	1	0.05	0.15	0.13379	0.507533
binom	1	0.07	0.15	0.13194	0.511141
binom	1	0.08	0.15	0.13268	0.511608
binom	1	0.1	0.15	0.13085	0.515622
binom	1	0.2	0.15	0.13134	0.531138
binom	1	0.3	0.15	0.12615	0.546687
binom	1	0.4	0.15	0.1232	0.562361
binom	1	0.5	0.15	0.1149	0.577735
binom	1	0.6	0.15	0.10728	0.594397
binom	1	0.7	0.15	0.10094	0.610975
binom	1	0.8	0.15	0.09107	0.628387
binom	1	0.9	0.15	0.08481	0.645227
