binom	1	0	0.15	0.13453	0.500519
binom	1	0.01	0.15	0.1315	0.502104
binom	1	0.02	0.15	0.13059	0.504448
binom	1	0.03	0.15	0.13414	0.506108
binom	1	0.05	0.15	0.13036	0.510902
binom	1	0.07	0.15	0.12994	0.513996
binom	1	0.08	0.15	0.13195	0.517498
binom	1	0.1	0.15	0.13243	0.522095
binom	1	0.2	0.15	0.12739	0.542939
binom	1	0.3	0.15	0.1219	0.564322
binom	1	0.4	0.15	0.11779	0.587415
binom	1	0.5	0.15	0.10952	0.61119
binom	1	0.6	0.15	0.10089	0.636354
binom	1	0.7	0.15	0.09313	0.660085
binom	1	0.8	0.15	0.08349	0.687079
binom	1	0.9	0.15	0.07338	0.715371
