binom	1	0	0.15	0.1372	0.499954
binom	1	0.01	0.15	0.13719	0.501588
binom	1	0.02	0.15	0.13744	0.503876
binom	1	0.03	0.15	0.13523	0.505183
binom	1	0.05	0.15	0.13805	0.507888
binom	1	0.07	0.15	0.13608	0.510686
binom	1	0.08	0.15	0.13711	0.513395
binom	1	0.1	0.15	0.13364	0.515712
binom	1	0.2	0.15	0.13363	0.532118
binom	1	0.3	0.15	0.12827	0.549
binom	1	0.4	0.15	0.12191	0.565083
binom	1	0.5	0.15	0.1171	0.583201
binom	1	0.6	0.15	0.10578	0.601274
binom	1	0.7	0.15	0.09765	0.620458
binom	1	0.8	0.15	0.08736	0.640117
binom	1	0.9	0.15	0.07613	0.660183
