binom	1	0	0.15	0.15337	0.500381
binom	1	0.01	0.15	0.1504	0.501537
binom	1	0.02	0.15	0.15352	0.503958
binom	1	0.03	0.15	0.15607	0.505543
binom	1	0.05	0.15	0.15117	0.508785
binom	1	0.07	0.15	0.15172	0.511947
binom	1	0.08	0.15	0.1505	0.514728
binom	1	0.1	0.15	0.15314	0.51723
binom	1	0.2	0.15	0.1506	0.535213
binom	1	0.3	0.15	0.1447	0.552801
binom	1	0.4	0.15	0.13962	0.570923
binom	1	0.5	0.15	0.13164	0.588698
binom	1	0.6	0.15	0.12535	0.607206
binom	1	0.7	0.15	0.11441	0.626885
binom	1	0.8	0.15	0.10682	0.645823
binom	1	0.9	0.15	0.09894	0.666732
