binom	1	0	0.01	0.02152	0.499354
binom	1	0.01	0.01	0.02017	0.501577
binom	1	0.02	0.01	0.02128	0.502401
binom	1	0.03	0.01	0.0211	0.50372
binom	1	0.05	0.01	0.01994	0.504263
binom	1	0.07	0.01	0.02071	0.50844
binom	1	0.08	0.01	0.02094	0.509981
binom	1	0.1	0.01	0.02019	0.514002
binom	1	0.2	0.01	0.02007	0.525192
binom	1	0.3	0.01	0.01984	0.53997
binom	1	0.4	0.01	0.01901	0.552446
binom	1	0.5	0.01	0.01815	0.565972
binom	1	0.6	0.01	0.01696	0.579971
binom	1	0.7	0.01	0.01625	0.592806
binom	1	0.8	0.01	0.01507	0.608308
binom	1	0.9	0.01	0.01434	0.623131
