binom	1	0	0.01	0.0219	0.501922
binom	1	0.01	0.01	0.02027	0.501495
binom	1	0.02	0.01	0.02103	0.501621
binom	1	0.03	0.01	0.02068	0.504666
binom	1	0.05	0.01	0.02013	0.505405
binom	1	0.07	0.01	0.02092	0.509608
binom	1	0.08	0.01	0.02053	0.512168
binom	1	0.1	0.01	0.0197	0.513122
binom	1	0.2	0.01	0.02047	0.526893
binom	1	0.3	0.01	0.01898	0.538462
binom	1	0.4	0.01	0.01871	0.553998
binom	1	0.5	0.01	0.01837	0.564235
binom	1	0.6	0.01	0.01723	0.579257
binom	1	0.7	0.01	0.01622	0.589649
binom	1	0.8	0.01	0.01514	0.606116
binom	1	0.9	0.01	0.01336	0.620973
