binom	1	0	0.15	0.12617	0.499853
binom	1	0.01	0.15	0.12714	0.501314
binom	1	0.02	0.15	0.1271	0.500747
binom	1	0.03	0.15	0.1295	0.501595
binom	1	0.05	0.15	0.12628	0.503142
binom	1	0.07	0.15	0.12869	0.504199
binom	1	0.08	0.15	0.12813	0.503976
binom	1	0.1	0.15	0.12757	0.506415
binom	1	0.2	0.15	0.12407	0.511089
binom	1	0.3	0.15	0.12238	0.518553
binom	1	0.4	0.15	0.11655	0.524288
binom	1	0.5	0.15	0.1092	0.529964
binom	1	0.6	0.15	0.10254	0.535337
binom	1	0.7	0.15	0.09752	0.540812
binom	1	0.8	0.15	0.08902	0.546227
binom	1	0.9	0.15	0.08176	0.552383
