binom	1	0	0.15	0.1296	0.49958
binom	1	0.01	0.15	0.12889	0.501175
binom	1	0.02	0.15	0.12742	0.50154
binom	1	0.03	0.15	0.12656	0.50164
binom	1	0.05	0.15	0.12984	0.503835
binom	1	0.07	0.15	0.12726	0.503895
binom	1	0.08	0.15	0.12939	0.505489
binom	1	0.1	0.15	0.12704	0.505963
binom	1	0.2	0.15	0.12435	0.51224
binom	1	0.3	0.15	0.12143	0.518323
binom	1	0.4	0.15	0.11619	0.524677
binom	1	0.5	0.15	0.11179	0.530466
binom	1	0.6	0.15	0.10291	0.536268
binom	1	0.7	0.15	0.09537	0.540823
binom	1	0.8	0.15	0.08954	0.547535
binom	1	0.9	0.15	0.08155	0.552503
