binom	1	0	0.15	0.12955	0.499398
binom	1	0.01	0.15	0.1307	0.499449
binom	1	0.02	0.15	0.13028	0.501262
binom	1	0.03	0.15	0.1292	0.501329
binom	1	0.05	0.15	0.12874	0.501815
binom	1	0.07	0.15	0.1292	0.502985
binom	1	0.08	0.15	0.1292	0.503526
binom	1	0.1	0.15	0.12915	0.503088
binom	1	0.2	0.15	0.12611	0.5065
binom	1	0.3	0.15	0.12112	0.510623
binom	1	0.4	0.15	0.11763	0.513955
binom	1	0.5	0.15	0.11212	0.516989
binom	1	0.6	0.15	0.10575	0.520492
binom	1	0.7	0.15	0.09692	0.523862
binom	1	0.8	0.15	0.08879	0.527441
binom	1	0.9	0.15	0.08187	0.529847
