0 1
0 99
0 3
0 97
0 53
0 16
0 30
0 51
0 93
1 99
1 4
1 5
1 97
1 46
1 55
1 36
1 23
2 4
2 6
2 98
2 51
2 50
2 78
2 47
3 4
3 5
3 6
3 79
3 80
3 63
4 5
4 55
4 91
4 58
4 43
5 6
5 9
5 86
5 72
6 7
6 8
6 9
6 86
6 17
6 64
7 8
7 10
7 37
7 83
7 92
7 26
7 78
7 97
7 33
7 53
8 10
8 16
8 27
8 9
8 40
8 18
8 54
8 78
9 10
9 19
9 38
9 79
9 31
10 76
10 41
10 91
10 74
10 78
10 43
10 17
11 14
11 15
11 44
11 46
11 62
12 13
12 16
12 80
12 83
12 36
12 85
13 24
13 68
13 22
13 43
13 18
13 49
13 67
13 38
14 15
14 16
14 18
14 27
14 71
15 17
15 18
15 19
15 77
15 84
15 76
15 74
16 45
16 91
16 53
16 98
16 48
16 49
16 42
17 18
17 21
17 95
17 32
17 53
18 19
18 20
18 22
18 62
19 21
19 22
19 25
19 66
19 28
19 36
20 78
20 33
20 32
20 87
20 88
20 39
20 48
20 49
21 22
21 24
21 52
21 79
21 81
22 68
22 52
22 87
22 29
23 24
23 26
23 61
23 66
23 90
24 27
24 79
24 74
24 53
25 27
25 28
25 33
26 27
26 28
26 30
26 94
26 39
27 29
27 30
27 31
27 43
27 37
28 32
28 73
28 44
28 85
28 76
28 34
29 77
29 61
29 83
29 73
29 72
29 98
29 57
30 33
30 89
30 80
31 33
31 34
31 35
31 74
31 68
32 62
32 59
32 41
32 56
32 79
33 42
33 61
33 47
33 75
33 87
33 44
34 35
34 38
34 44
34 52
34 64
35 37
35 41
35 54
35 57
35 59
35 80
35 96
36 57
36 92
36 90
36 39
36 88
36 49
37 40
37 48
37 85
37 89
38 59
38 81
38 47
38 68
39 40
39 41
39 44
39 84
39 57
39 50
39 82
39 91
40 41
40 42
40 44
40 63
40 54
40 59
41 44
41 57
41 64
41 95
42 43
42 74
42 64
43 45
43 49
43 96
43 58
44 48
44 78
44 97
44 76
45 46
45 48
45 49
45 66
45 67
45 89
45 92
46 48
46 49
46 85
47 48
47 51
47 60
48 49
48 87
48 93
49 53
49 60
50 54
50 76
50 60
51 52
51 53
51 62
51 83
52 71
52 60
52 61
52 89
52 93
53 54
53 99
54 86
54 85
55 57
55 58
55 59
55 84
56 57
56 58
56 65
56 74
56 91
57 60
57 63
57 73
57 97
58 59
58 60
58 62
58 90
59 61
59 63
59 86
60 62
60 79
60 81
61 65
61 72
61 67
62 63
62 64
62 65
62 87
63 90
63 64
63 95
63 92
63 98
63 77
64 65
65 67
65 69
65 70
65 76
66 68
66 69
66 70
67 68
67 72
67 75
67 83
68 84
69 70
69 71
69 73
69 78
69 77
69 88
70 71
70 72
70 73
70 84
71 72
71 74
71 76
71 96
71 92
72 76
72 95
73 74
73 77
73 94
73 89
74 75
74 76
74 77
75 76
75 78
75 79
75 95
76 78
76 91
76 99
77 78
77 79
77 90
78 80
78 95
79 83
80 83
80 81
81 82
81 97
81 88
82 83
82 84
82 86
83 94
85 94
85 98
86 87
86 89
87 88
87 91
88 89
89 90
89 92
90 92
92 93
93 94
93 95
94 98
95 96
96 99
98 99
