0 99
0 3
0 34
0 54
0 76
0 85
0 37
1 99
1 27
1 49
1 94
1 35
1 13
1 69
1 53
1 15
2 3
2 99
2 6
2 28
2 56
2 83
3 32
3 23
3 35
3 28
3 49
4 8
4 87
4 11
4 28
4 25
4 53
4 77
4 97
4 27
5 6
5 8
5 9
5 53
5 67
6 7
6 8
6 10
6 91
6 14
6 50
6 85
7 8
7 47
7 32
7 95
7 57
7 86
7 88
7 66
7 73
8 9
8 12
8 61
8 85
8 32
9 10
9 13
9 98
9 14
9 78
9 84
9 85
9 52
9 99
10 11
10 12
10 14
10 74
10 92
10 52
11 13
11 15
11 39
11 42
11 66
11 72
11 87
12 14
12 15
12 16
12 96
13 17
13 73
13 30
13 43
13 54
13 35
13 22
13 44
14 18
14 55
14 56
15 17
15 18
15 78
15 21
15 23
16 56
16 63
16 90
16 54
16 22
16 39
16 36
16 31
17 18
17 19
17 86
17 68
17 45
18 21
18 84
18 97
18 32
18 39
18 57
18 48
18 60
19 22
19 23
19 49
19 91
19 50
19 58
19 86
20 23
20 24
20 37
20 92
20 33
20 30
21 24
21 94
21 60
21 83
21 25
21 28
22 50
22 60
22 48
22 98
22 69
22 57
23 24
23 25
23 26
23 27
23 91
23 61
24 25
24 96
24 89
24 59
24 51
25 86
25 31
25 46
25 78
25 40
26 28
26 29
26 64
26 41
26 68
27 30
27 67
27 83
27 70
27 29
28 30
28 51
28 43
28 80
29 30
29 31
29 66
30 45
30 73
30 90
30 83
30 64
31 33
31 61
31 68
31 84
32 36
32 72
32 98
32 93
33 36
33 75
33 60
33 35
33 74
34 36
34 37
34 38
34 92
34 35
34 43
34 88
35 37
35 39
35 88
36 37
36 46
36 79
36 56
36 38
36 41
36 44
37 38
37 39
37 40
37 77
37 74
37 95
38 41
38 42
38 98
38 46
38 93
39 41
39 43
39 69
40 42
40 44
40 76
41 42
41 45
41 97
42 46
42 57
42 83
42 48
42 55
42 82
43 46
43 47
44 58
44 72
44 73
44 49
44 59
44 95
45 47
45 48
45 90
45 46
46 80
46 54
47 49
47 50
47 52
47 98
48 90
48 98
49 57
49 55
49 64
49 61
50 51
50 54
50 55
50 65
50 89
50 85
50 63
51 54
51 92
51 56
51 86
52 56
52 85
52 87
53 55
53 57
53 72
54 56
54 57
54 58
55 58
55 63
56 59
56 62
56 90
57 59
57 66
57 76
57 79
57 69
58 61
58 62
58 73
59 61
59 62
59 77
60 72
60 96
60 92
61 68
61 88
62 63
62 86
62 89
62 64
62 98
63 66
63 79
64 65
64 83
65 68
65 86
65 66
65 91
66 68
66 69
66 67
66 71
67 94
67 93
68 69
68 72
68 84
69 71
69 72
69 73
69 76
69 81
69 96
70 71
70 72
70 73
70 74
70 81
71 72
71 76
71 82
71 74
72 73
72 75
73 75
73 92
74 75
74 84
75 76
75 77
75 79
75 93
75 80
75 98
76 78
76 80
77 78
77 90
77 84
78 79
78 81
78 82
79 80
80 82
81 99
81 94
82 83
82 85
83 86
83 87
84 85
86 87
86 94
86 90
87 88
87 89
87 99
88 90
88 89
89 90
89 92
91 93
91 94
91 95
92 95
92 96
93 94
93 96
94 96
94 98
94 97
95 96
95 98
96 97
96 99
97 98
