0 1
0 98
0 97
0 96
0 73
0 81
0 79
1 2
1 4
1 5
1 27
1 12
1 48
1 31
2 40
2 10
2 19
2 24
2 80
3 32
3 10
3 98
3 69
3 81
3 36
3 59
4 7
4 21
4 57
4 39
4 30
5 6
5 8
5 52
5 74
5 90
6 76
6 23
6 72
6 49
6 33
6 19
6 86
6 8
7 8
7 11
7 52
7 15
7 37
7 16
7 44
8 11
8 49
8 55
8 26
8 59
9 11
9 12
9 33
9 72
9 93
9 25
10 14
10 59
10 30
10 47
10 42
10 58
10 68
11 44
11 16
11 60
11 78
11 53
12 13
12 92
12 77
13 14
13 15
13 18
13 22
13 72
13 52
13 39
13 62
13 77
14 15
14 18
14 70
14 50
14 24
14 77
14 84
14 26
15 71
15 29
15 25
15 21
15 94
16 18
16 89
16 77
16 27
17 18
17 19
17 20
17 21
17 59
17 83
17 90
17 92
18 78
18 77
18 25
18 43
18 59
18 21
19 23
19 47
19 66
19 62
20 22
20 24
20 29
20 93
20 80
21 23
21 25
21 56
21 59
21 66
21 40
21 57
22 23
22 24
22 42
22 67
23 26
23 70
23 62
23 52
23 37
24 25
24 26
24 41
24 84
24 73
24 59
24 70
25 26
25 27
25 42
25 65
25 34
25 33
25 45
25 60
26 39
26 45
26 90
26 64
27 29
27 66
27 80
27 87
27 60
28 29
28 32
28 62
28 46
28 75
29 31
29 33
29 55
29 57
29 79
30 31
30 33
30 45
30 86
30 76
31 32
31 57
31 51
31 78
31 45
32 33
32 34
32 35
32 85
32 90
32 42
33 37
33 44
33 93
34 37
34 78
34 75
34 81
34 92
34 76
34 52
35 37
35 83
35 36
35 75
35 97
36 87
36 99
36 52
36 70
36 95
36 98
36 84
37 38
37 40
37 99
37 97
38 40
38 42
38 88
38 82
38 76
39 40
39 46
39 47
40 41
40 42
40 61
40 46
40 59
41 85
41 96
41 92
41 50
41 88
41 72
42 43
42 52
42 61
42 95
43 47
43 58
43 98
43 49
43 94
43 63
44 45
44 47
44 65
44 99
44 73
45 61
46 66
46 51
47 51
47 90
47 62
47 85
48 50
48 69
48 71
48 98
49 51
49 69
49 82
49 71
49 67
50 54
50 93
50 92
50 85
51 92
51 68
51 96
51 71
52 56
52 79
52 99
52 53
52 87
53 56
53 95
53 93
53 80
53 89
54 56
54 62
54 90
54 69
55 59
55 64
55 73
55 74
55 81
55 56
56 57
56 58
56 76
56 92
57 58
57 94
57 91
57 88
58 60
58 62
58 74
59 94
60 61
60 62
60 79
60 91
61 63
61 65
61 77
61 78
61 90
61 86
62 71
62 94
63 65
63 66
63 88
63 81
64 66
64 68
64 87
65 68
65 82
65 95
66 69
66 97
66 93
66 83
67 68
67 81
67 75
67 84
68 69
68 71
68 76
68 80
68 96
69 70
69 73
69 88
69 77
69 91
69 85
69 97
70 71
70 83
71 74
71 89
72 76
72 79
73 77
74 78
74 97
74 93
74 75
74 81
75 78
75 95
75 81
76 78
76 87
77 78
78 82
78 86
78 96
78 95
78 98
79 80
79 81
79 89
80 82
80 81
80 97
81 95
82 91
82 99
83 87
83 98
83 95
84 88
84 95
84 99
85 89
85 99
86 88
88 90
88 92
89 90
89 99
91 92
92 93
93 97
94 95
97 98
