0 99
0 26
0 66
0 21
0 32
0 68
0 80
0 86
1 2
1 98
1 5
1 26
1 78
1 43
1 64
2 5
2 54
2 57
2 87
2 22
2 67
3 4
3 43
3 28
3 75
3 89
3 34
3 44
4 23
4 20
4 62
4 73
4 74
4 16
4 31
4 67
4 84
4 15
4 70
5 9
5 37
5 91
5 27
5 17
5 52
5 68
5 82
5 45
5 6
5 73
5 38
6 96
6 16
6 71
6 86
6 95
6 12
6 24
6 22
6 35
7 9
7 28
7 18
7 31
7 93
7 48
7 90
7 13
7 27
8 10
8 36
8 25
8 20
8 72
9 11
9 14
9 61
9 88
9 56
9 78
9 22
10 82
10 42
10 22
10 41
10 69
10 98
10 81
10 24
10 29
10 48
10 79
10 51
10 25
10 34
11 21
11 70
11 82
11 39
11 62
11 18
11 27
11 91
12 14
12 35
12 58
12 79
12 18
12 93
12 56
13 16
13 17
13 37
13 56
13 52
13 68
14 63
14 90
14 89
14 91
14 33
14 56
15 16
15 17
15 99
15 28
15 47
15 24
16 77
16 27
16 50
16 95
17 21
17 57
17 63
17 41
17 93
17 23
18 21
18 68
18 67
18 46
18 74
18 56
18 50
19 56
19 47
19 44
19 38
19 79
20 24
20 42
20 55
20 32
20 57
20 66
20 90
21 33
21 51
21 48
21 42
21 99
22 50
22 96
23 26
23 69
23 96
23 66
23 65
24 65
24 53
24 59
24 79
24 85
24 97
25 57
25 78
25 34
26 29
26 71
26 62
26 91
26 47
27 98
27 56
27 41
27 44
27 85
28 79
28 73
28 41
28 91
28 71
29 44
29 77
29 99
29 68
29 92
29 78
29 49
29 98
30 33
30 85
30 84
30 55
30 72
30 43
30 81
30 83
30 93
31 52
31 32
31 68
32 34
32 89
32 70
32 60
33 34
33 35
33 36
33 50
33 64
33 87
33 42
33 67
33 86
33 84
34 35
34 44
34 98
34 89
35 86
35 71
35 43
36 39
36 40
36 47
36 65
36 59
36 63
36 46
37 39
37 52
37 87
37 97
38 60
38 51
38 64
38 81
38 59
38 67
39 40
39 86
39 55
39 74
40 93
40 57
40 84
40 86
40 54
40 96
41 42
41 76
41 79
41 47
42 60
42 61
42 71
42 78
42 53
43 46
43 54
43 87
44 48
44 51
45 46
45 86
45 64
45 83
45 53
46 48
46 78
46 69
46 57
47 49
47 77
47 83
47 94
47 58
47 97
48 52
48 98
48 66
48 81
48 90
49 51
49 94
49 56
50 92
50 55
50 89
50 64
50 62
51 54
51 55
52 86
52 97
52 57
52 69
52 96
52 95
53 94
53 92
53 77
54 58
54 74
54 76
55 59
55 88
56 58
56 59
56 78
56 88
57 94
57 64
57 81
58 62
58 85
58 67
58 89
59 61
59 62
59 79
59 96
59 60
60 61
60 64
60 74
61 63
61 78
61 77
62 96
63 66
63 67
63 76
63 94
64 92
65 68
65 78
66 68
66 87
67 93
67 91
69 81
69 70
69 76
71 73
71 85
72 74
72 75
72 90
72 85
73 75
73 77
74 76
74 94
75 76
75 78
75 79
75 82
75 97
76 79
77 81
77 95
77 92
78 87
79 95
79 82
79 99
80 81
80 82
80 83
82 86
82 98
83 98
84 85
84 88
84 99
85 93
85 92
86 98
87 88
89 90
90 91
92 93
94 97
94 99
95 96
95 99
98 99
