0 1
0 99
0 2
0 98
0 97
0 4
0 96
0 5
0 95
0 6
0 94
0 7
0 43
0 33
0 58
0 62
1 2
1 3
1 99
1 98
1 96
1 7
1 95
1 17
1 54
1 72
1 52
2 3
2 4
2 5
2 99
2 6
2 98
2 97
2 8
2 96
2 84
2 47
3 4
3 5
3 7
3 99
3 8
3 98
3 9
3 92
3 96
4 5
4 6
4 8
4 9
4 99
4 10
4 78
4 16
4 89
5 8
5 9
5 10
5 11
5 99
5 52
5 44
6 8
6 10
6 11
6 12
6 62
6 69
6 66
6 74
7 8
7 10
7 11
7 53
7 54
7 27
7 12
8 9
8 10
8 11
8 12
8 14
8 55
8 51
9 11
9 13
9 14
9 15
9 27
9 71
10 11
10 12
10 13
10 14
10 15
10 16
10 55
10 57
11 12
11 14
11 16
11 17
11 86
11 37
11 94
12 13
12 14
12 15
12 16
12 17
12 43
12 45
12 93
13 14
13 15
13 16
13 17
13 18
13 19
13 93
13 40
13 97
14 16
14 17
14 19
14 20
14 35
14 68
14 54
14 69
14 87
15 16
15 17
15 19
15 20
15 80
15 62
15 56
16 17
16 18
16 20
16 21
16 22
16 59
17 19
17 20
17 21
17 25
17 69
17 18
17 38
17 65
18 19
18 20
18 21
18 23
18 24
18 25
18 87
18 91
19 20
19 21
19 23
19 24
19 73
19 86
20 22
20 24
20 25
20 26
20 84
20 51
20 90
21 22
21 23
21 24
21 26
21 27
21 34
21 69
21 30
22 23
22 24
22 59
22 33
22 54
22 52
23 24
23 25
23 26
23 27
23 28
23 29
23 71
23 97
24 26
24 27
24 28
24 30
24 47
24 49
24 95
24 96
25 26
25 27
25 31
25 47
25 58
26 27
26 28
26 29
26 30
26 31
26 74
26 36
26 57
26 79
27 28
27 30
27 31
27 32
27 33
27 45
27 64
28 29
28 30
28 31
28 33
28 83
28 55
28 73
28 53
29 30
29 31
29 32
29 33
29 34
29 35
30 31
30 33
30 35
30 36
30 64
30 62
31 32
31 34
31 35
31 36
31 37
31 54
31 61
32 33
32 34
32 35
32 36
32 37
32 38
33 35
33 37
33 38
33 63
33 60
33 64
33 47
34 37
34 39
34 40
34 80
34 89
35 36
35 37
35 38
35 39
35 40
35 41
35 92
35 60
36 37
36 38
36 40
36 42
36 39
36 69
36 83
37 38
37 39
37 41
37 42
37 43
37 45
37 48
38 39
38 40
38 41
38 42
38 44
38 81
39 40
39 41
39 45
39 62
39 93
40 41
40 42
40 43
40 45
40 46
40 56
41 42
41 44
41 46
41 47
41 75
41 64
42 43
42 44
42 46
42 47
42 48
42 81
43 44
43 46
43 47
43 49
43 98
44 45
44 46
44 48
44 49
44 50
44 92
45 46
45 49
45 50
45 97
45 72
45 73
46 47
46 48
46 49
46 50
46 51
46 52
46 79
47 48
47 49
47 51
47 52
47 88
47 61
48 49
48 53
48 54
48 99
48 82
48 59
49 51
49 52
49 53
49 54
49 55
50 51
50 53
50 54
50 55
50 56
50 94
51 52
51 53
51 54
51 55
51 56
51 57
51 75
52 53
52 54
52 56
52 57
52 58
52 86
53 54
53 55
53 56
53 57
53 58
53 59
54 55
54 57
54 58
54 60
54 79
55 56
55 58
55 59
56 58
56 61
56 85
56 66
57 58
57 59
57 61
57 62
57 88
57 89
57 75
58 59
58 60
58 62
58 64
58 65
58 67
59 61
59 63
59 64
59 65
59 94
60 62
60 63
60 64
60 65
60 70
61 62
61 63
61 65
61 67
61 96
62 63
62 64
62 65
62 66
62 67
62 81
63 64
63 66
63 67
63 68
63 98
63 81
64 66
64 67
64 68
64 80
65 66
65 67
65 68
65 70
65 84
66 67
66 68
66 69
66 71
66 77
66 91
67 68
67 69
67 71
67 72
67 87
67 99
68 69
68 70
68 72
68 73
68 74
68 75
69 70
69 71
69 72
69 74
70 71
70 72
70 74
70 75
70 76
71 72
71 73
71 74
71 76
71 77
72 73
72 74
72 76
72 77
72 78
73 74
73 75
73 77
73 79
74 75
74 79
74 80
74 87
75 76
75 79
75 81
75 96
76 77
76 78
76 79
76 80
76 81
76 82
77 79
77 80
77 81
77 82
77 83
78 79
78 81
78 82
78 83
78 84
79 80
79 81
79 83
79 84
79 85
80 81
80 82
80 83
80 85
80 86
80 87
81 82
81 83
81 84
81 87
81 85
82 83
82 84
82 85
82 86
82 88
82 99
83 84
83 85
83 86
83 87
83 88
84 85
84 86
84 88
84 89
84 90
85 86
85 87
85 88
85 90
85 98
86 87
86 88
86 89
86 90
86 91
86 92
87 88
87 89
87 90
87 92
88 90
88 91
88 92
88 93
88 94
89 90
89 93
89 94
89 95
90 91
90 92
90 94
90 95
90 96
91 92
91 93
91 94
91 96
91 97
91 98
92 93
92 95
92 96
92 98
93 94
93 96
93 97
93 98
94 95
94 96
94 97
94 98
94 99
95 97
95 98
95 99
96 97
97 98
97 99
98 99
