0 99
0 2
0 25
0 12
0 20
0 38
0 81
0 66
1 2
1 5
1 6
1 96
1 7
1 39
1 16
1 48
1 86
1 43
1 12
1 84
1 42
2 5
2 99
2 6
2 30
2 94
2 25
2 17
2 22
2 77
2 47
2 23
2 71
3 4
3 5
3 6
3 99
3 8
3 9
3 97
3 13
3 20
3 95
3 18
4 8
4 9
4 10
4 97
4 38
4 49
4 83
4 89
5 7
5 9
5 99
5 33
5 41
5 83
5 65
5 40
6 8
6 10
6 12
6 58
6 67
6 76
6 82
6 46
6 41
6 61
6 96
6 83
6 57
6 97
7 9
7 13
7 99
7 22
7 26
7 38
7 16
7 54
7 62
7 8
7 25
7 32
7 52
7 58
8 10
8 58
8 53
8 69
8 95
8 9
8 89
8 56
8 98
8 15
8 32
8 38
9 10
9 11
9 12
9 53
9 44
9 72
9 56
9 92
9 23
10 12
10 14
10 15
10 19
10 34
10 58
10 65
10 26
11 14
11 16
11 78
11 82
11 62
11 48
11 90
12 13
12 17
12 94
12 95
12 24
12 91
12 62
12 19
12 36
13 18
13 47
13 72
13 90
13 51
13 62
13 78
13 63
13 36
14 15
14 16
14 19
14 20
14 63
14 85
14 55
14 74
15 17
15 18
15 20
15 33
15 28
15 26
15 19
16 22
16 87
16 85
16 97
16 19
16 72
16 99
17 18
17 22
17 50
17 90
17 72
18 20
18 23
18 49
18 87
18 32
18 41
18 33
18 26
18 82
19 22
19 71
19 68
19 91
19 50
19 93
19 21
20 23
20 63
20 71
20 41
20 78
20 88
20 75
20 33
20 34
21 22
21 24
21 26
21 36
21 63
21 37
21 44
21 43
21 98
21 87
22 27
22 66
22 29
22 45
22 72
22 71
22 83
23 24
23 25
23 26
23 75
23 85
23 70
23 54
24 28
24 55
24 91
24 60
24 40
24 66
25 38
25 62
25 71
25 72
25 52
25 64
25 76
26 97
26 61
26 90
26 70
26 34
26 93
26 33
27 28
27 29
27 32
27 92
27 97
27 38
27 61
28 30
28 31
28 69
28 50
28 63
28 37
28 72
29 31
29 32
29 33
29 34
29 81
29 84
29 95
30 79
30 31
30 85
30 39
30 68
30 82
30 98
30 84
30 73
30 52
30 56
31 33
31 37
31 63
31 42
31 87
31 95
32 34
32 97
32 56
32 75
32 73
32 81
32 94
32 89
33 34
33 36
33 92
33 97
33 49
33 83
33 64
33 62
33 60
34 36
34 37
34 35
34 76
34 70
34 75
34 87
34 47
35 40
35 81
35 91
35 95
35 93
35 76
36 37
36 39
36 86
36 79
36 84
36 67
36 74
36 49
36 95
36 85
36 45
36 68
37 38
37 39
37 69
37 46
37 50
37 91
37 88
38 40
38 95
38 83
38 86
38 80
38 88
38 66
38 76
39 40
39 42
39 44
39 45
39 78
39 72
39 52
40 42
40 86
40 72
40 96
40 90
40 80
40 99
40 54
41 42
41 62
41 78
41 99
41 95
41 57
41 82
41 54
42 46
42 55
42 86
42 70
42 99
42 59
42 89
42 53
42 91
42 92
43 44
43 49
43 85
43 88
43 68
43 80
44 45
44 46
44 47
44 49
44 50
44 87
44 94
44 51
44 53
44 59
45 49
45 53
45 80
45 72
45 58
45 97
45 65
46 80
46 48
46 70
46 62
46 53
46 73
46 93
47 48
47 49
47 50
47 52
47 53
47 58
47 71
48 49
48 51
48 54
48 63
48 88
48 94
49 50
49 53
49 54
49 55
49 73
49 51
50 54
50 55
50 82
50 71
50 81
50 65
50 77
50 51
50 83
51 52
51 60
52 58
52 99
52 69
52 78
52 67
52 81
53 94
53 77
53 91
54 58
54 60
54 94
54 80
54 55
54 93
54 84
54 95
54 92
54 87
55 56
55 58
55 60
55 61
55 94
56 59
56 71
56 76
56 96
56 80
56 77
57 61
57 84
57 85
57 59
57 60
57 64
58 60
58 67
58 95
58 82
58 74
58 75
58 76
58 88
59 90
59 70
59 71
60 61
60 65
60 68
60 83
60 72
61 64
61 85
61 88
61 78
61 98
62 67
62 68
62 73
62 85
63 67
63 69
63 88
63 72
63 81
64 65
64 66
64 68
64 72
64 92
65 67
65 70
65 71
65 92
65 98
65 68
65 83
65 66
66 68
66 69
66 88
66 84
66 98
67 71
67 73
67 77
67 80
68 74
68 70
68 94
69 73
69 74
69 79
69 81
69 95
70 79
70 82
70 74
71 73
71 76
71 90
71 92
72 88
73 74
73 91
73 98
73 80
73 93
73 76
74 75
74 76
74 98
75 96
75 77
75 83
76 79
76 80
76 98
76 78
76 85
77 78
77 82
77 83
77 79
77 86
77 94
77 90
78 79
78 83
78 84
78 91
78 98
79 80
79 83
79 99
80 81
80 84
80 86
80 93
81 83
81 93
82 85
82 86
82 87
83 88
83 96
84 89
84 90
85 86
85 91
85 99
86 90
86 91
86 92
86 98
87 90
87 91
87 93
89 90
89 91
90 91
90 93
90 94
90 95
90 97
91 97
91 93
91 99
92 95
93 94
93 95
96 97
