0 34
0 32
0 73
0 16
0 53
0 71
0 56
0 24
0 91
0 77
0 12
0 9
0 72
1 93
1 78
1 21
1 68
1 73
1 35
1 24
1 36
1 92
1 16
1 8
2 4
2 71
2 16
2 40
2 69
2 80
2 60
2 15
2 75
2 5
2 66
2 7
2 93
2 33
3 70
3 17
3 75
3 28
3 77
3 23
3 66
3 21
3 14
4 37
4 60
4 81
4 72
4 26
4 11
4 84
4 49
4 91
4 79
5 88
5 79
5 34
5 56
5 36
5 27
5 95
5 59
5 32
5 21
5 62
6 10
6 94
6 37
6 95
6 77
6 22
6 36
6 29
6 62
6 79
7 10
7 18
7 66
7 54
7 14
7 39
7 48
7 81
8 30
8 57
8 10
8 22
8 48
8 62
8 85
8 84
8 9
8 44
9 84
9 24
9 35
9 72
9 21
9 73
9 95
9 33
9 78
9 64
10 74
10 84
10 75
10 12
10 30
10 39
10 78
10 21
10 47
10 26
10 46
10 52
10 92
11 13
11 43
11 53
11 74
11 81
11 88
11 94
11 25
11 77
11 65
11 71
11 93
12 47
12 35
12 57
12 59
12 78
12 24
12 44
12 74
12 48
12 58
12 37
13 83
13 23
13 26
13 74
13 57
13 82
13 78
13 32
14 15
14 20
14 69
14 71
14 28
14 31
14 81
14 87
14 68
14 76
14 78
14 79
15 70
15 33
15 45
15 41
15 68
15 27
15 32
15 47
16 20
16 63
16 88
16 66
16 45
17 23
17 25
17 94
17 38
17 50
17 49
17 76
17 74
17 97
17 99
18 24
18 62
18 73
18 94
18 88
18 49
18 67
18 53
19 21
19 22
19 24
19 72
19 20
19 90
19 84
19 89
19 64
19 34
19 43
20 22
20 60
20 77
20 70
20 83
20 32
20 35
20 97
20 90
21 53
21 59
21 81
21 60
21 43
21 51
21 25
21 49
21 82
22 67
22 76
22 41
22 53
22 47
22 23
22 58
22 87
22 55
22 90
22 68
23 66
23 37
23 96
23 51
23 53
23 43
23 33
23 74
23 50
24 61
24 89
24 91
24 76
24 85
25 30
25 76
25 55
25 74
25 93
25 88
26 31
26 32
26 40
26 56
26 57
26 49
26 74
26 96
26 38
26 65
26 71
26 97
26 75
26 86
26 94
27 79
27 50
27 92
27 89
27 38
27 74
27 51
27 37
28 29
28 30
28 34
28 39
28 56
28 47
28 53
28 94
28 49
28 48
29 32
29 60
29 45
29 65
29 91
29 49
29 79
29 41
29 84
30 98
30 82
30 45
30 40
30 42
30 53
30 41
30 69
31 88
31 86
31 67
31 94
31 66
31 73
31 60
32 69
32 92
32 45
32 91
32 53
32 63
32 89
32 43
33 59
33 60
33 34
33 35
33 61
33 74
34 40
34 45
34 69
34 77
34 72
34 54
35 39
35 40
35 97
35 71
35 44
35 50
35 66
35 82
35 96
35 95
35 74
36 89
36 76
36 45
36 56
36 80
36 51
36 83
36 87
37 39
37 79
37 45
37 77
37 61
37 98
37 99
37 87
37 60
37 86
38 53
38 80
38 76
38 90
38 64
38 78
38 87
38 66
38 70
38 96
39 43
39 66
39 78
39 88
39 99
39 55
39 65
39 69
39 53
40 62
40 95
40 64
40 99
40 55
40 86
40 47
40 70
41 80
41 90
41 54
41 94
41 70
41 84
42 43
42 77
42 61
42 50
42 53
42 52
42 83
42 86
42 44
43 87
43 77
43 73
43 94
43 45
44 45
44 82
44 74
44 95
44 61
45 91
45 75
45 95
46 93
46 65
46 99
46 70
46 62
46 86
46 63
46 72
46 51
46 57
47 87
47 61
47 55
47 86
47 58
47 83
48 85
48 69
48 57
48 76
48 93
48 98
49 78
49 93
49 91
49 56
49 66
49 67
49 73
49 79
49 98
49 95
50 87
50 91
50 70
50 96
50 65
51 84
51 91
51 92
51 89
51 54
51 63
51 83
51 77
52 70
52 82
52 73
52 66
52 72
52 99
52 54
53 58
53 55
53 63
53 62
53 57
53 73
54 65
54 93
54 61
54 99
54 81
54 90
55 56
55 61
55 92
55 97
56 60
56 79
56 90
56 59
56 63
57 96
57 86
57 87
57 66
57 76
57 99
57 75
58 63
58 79
58 93
58 99
58 68
58 65
59 70
59 81
59 62
59 80
59 64
59 96
59 67
59 97
60 70
60 82
60 77
60 68
61 92
61 87
61 94
61 69
61 79
61 70
61 91
61 78
62 75
62 95
63 64
63 70
63 72
63 84
63 99
63 71
64 68
64 90
64 83
64 97
64 80
64 88
64 78
64 91
65 82
65 81
65 92
65 88
66 89
66 82
66 70
66 96
67 81
67 80
67 69
67 82
67 85
67 91
68 72
68 97
68 83
68 87
68 81
69 73
69 98
70 71
70 98
70 72
70 83
71 72
71 78
72 94
72 80
73 88
73 98
73 96
74 92
74 88
75 87
75 90
75 83
76 78
76 85
76 96
77 86
78 93
79 90
79 93
80 96
80 92
81 83
81 98
81 96
82 99
83 98
84 87
84 92
85 90
85 94
87 97
89 90
89 95
90 92
91 98
93 94
93 97
93 99
96 98
