0 97
0 6
0 92
0 36
0 30
0 11
0 1
0 20
0 17
0 39
0 2
0 95
0 4
0 51
0 25
1 2
1 4
1 97
1 96
1 67
1 77
1 34
1 29
1 45
1 82
1 53
1 76
1 64
1 44
1 12
2 4
2 6
2 95
2 10
2 57
2 14
2 99
2 5
2 50
2 44
3 71
3 12
3 65
3 26
3 88
3 72
3 17
3 83
3 91
3 43
3 33
3 38
3 52
3 4
3 34
3 59
3 56
4 5
4 9
4 98
4 12
4 58
4 43
4 18
4 49
4 8
4 6
5 33
5 15
5 55
5 66
5 74
5 29
5 31
5 52
5 42
5 73
5 67
5 35
5 14
6 10
6 67
6 88
6 57
6 59
6 7
6 20
6 15
6 37
6 71
6 63
7 9
7 37
7 33
7 80
7 23
7 67
7 52
7 94
7 17
7 25
7 30
7 82
7 58
7 19
7 76
8 11
8 72
8 81
8 99
8 9
8 82
8 59
8 46
8 60
8 69
8 37
8 86
8 92
9 28
9 74
9 10
9 55
9 70
9 71
9 44
9 45
9 82
9 26
9 85
9 73
9 97
9 56
9 84
10 13
10 17
10 77
10 31
10 53
10 60
10 26
10 95
10 64
10 80
10 85
10 33
10 38
10 51
11 39
11 86
11 96
11 54
11 83
11 74
11 78
11 56
11 12
11 51
11 90
11 66
11 72
12 17
12 71
12 44
12 83
12 66
12 78
12 73
12 22
12 93
12 26
12 49
12 98
12 80
12 88
12 96
12 76
13 17
13 22
13 91
13 58
13 96
13 41
13 54
13 76
13 60
13 82
13 71
14 18
14 56
14 76
14 93
14 49
14 75
14 88
14 79
14 58
14 46
14 43
14 70
14 77
14 57
14 41
14 54
14 22
14 55
14 94
15 66
15 28
15 34
15 64
15 71
15 85
15 54
15 46
15 98
15 31
15 65
15 42
15 79
15 53
15 32
15 16
16 44
16 46
16 87
16 47
16 74
16 90
16 28
16 50
16 38
16 27
16 95
16 94
16 92
16 40
17 47
17 99
17 44
17 53
17 98
17 27
17 20
17 30
17 70
17 18
17 39
17 40
17 83
17 78
17 69
18 92
18 62
18 77
18 45
18 84
18 99
18 70
18 28
18 32
18 43
18 52
18 38
18 79
18 76
18 21
18 58
18 40
19 21
19 24
19 31
19 59
19 99
19 28
19 57
19 94
19 64
19 22
19 73
19 75
19 46
19 84
19 26
20 27
20 60
20 33
20 48
20 96
20 80
20 89
20 90
20 29
20 93
20 69
20 58
21 99
21 75
21 97
21 91
21 98
21 40
21 30
21 37
21 31
21 66
21 43
21 48
22 62
22 43
22 95
22 74
22 40
22 81
22 68
22 98
22 65
22 59
22 32
22 72
23 91
23 82
23 40
23 38
23 64
23 78
23 87
23 79
23 73
23 51
23 71
23 90
24 28
24 61
24 47
24 33
24 73
24 82
24 84
24 54
24 83
24 36
24 69
24 95
25 32
25 33
25 98
25 44
25 85
25 41
25 56
25 82
25 72
25 83
25 69
25 77
26 29
26 32
26 69
26 99
26 76
26 93
27 28
27 29
27 33
27 58
27 77
27 45
27 78
27 67
27 95
27 43
27 70
27 57
27 38
28 29
28 33
28 52
28 69
28 63
28 87
28 89
28 54
28 92
28 32
28 83
28 93
29 37
29 39
29 49
29 48
29 95
29 98
29 67
29 64
30 49
30 99
30 96
30 43
30 69
30 40
30 71
30 79
30 97
31 45
31 54
31 75
31 65
31 90
31 34
31 73
31 37
31 64
31 47
31 33
31 43
32 34
32 68
32 98
32 41
32 90
32 93
32 63
32 54
32 58
32 73
33 80
33 57
33 67
33 37
33 65
34 99
34 63
34 92
34 58
34 91
34 50
34 84
34 98
34 43
34 37
34 45
34 54
34 88
35 45
35 58
35 92
35 83
35 62
35 94
35 91
35 64
35 93
35 74
35 49
35 75
35 41
35 56
36 40
36 42
36 78
36 70
36 83
36 76
36 88
36 62
36 61
36 53
36 67
36 81
36 87
37 41
37 63
37 73
37 49
37 62
37 50
37 59
37 52
37 87
37 67
38 42
38 60
38 73
38 67
38 50
38 77
38 99
38 54
38 61
38 85
39 50
39 54
39 98
39 66
39 89
39 82
39 77
39 41
40 50
40 83
40 93
40 80
40 61
40 94
40 79
40 97
40 69
41 42
41 50
41 77
41 85
41 89
41 90
41 65
41 55
41 80
41 43
41 72
41 67
42 44
42 46
42 99
42 85
42 84
42 95
42 93
42 64
42 60
42 98
43 45
43 90
43 62
43 78
43 88
44 55
44 59
44 90
44 66
44 57
44 62
44 54
45 57
45 68
45 94
45 59
45 75
45 98
45 70
46 73
46 66
46 83
46 86
46 72
46 99
46 58
46 48
47 50
47 55
47 58
47 72
47 66
47 85
47 86
47 67
47 80
47 89
48 53
48 54
48 59
48 83
48 79
48 70
48 52
48 63
48 65
49 55
49 77
49 60
49 62
49 82
49 72
50 81
50 83
50 92
50 99
50 96
50 88
50 68
50 85
51 55
51 56
51 82
51 61
51 70
51 87
51 92
51 64
51 90
51 52
51 53
52 96
52 70
52 62
52 92
52 55
52 80
52 74
52 57
53 73
53 70
53 66
53 64
53 94
53 58
53 59
54 78
54 98
54 86
54 71
54 68
54 77
54 73
54 87
54 67
54 92
54 82
55 83
55 84
55 77
55 82
55 98
55 73
55 66
56 57
56 58
56 59
56 66
56 83
56 81
56 89
56 87
57 62
57 65
57 76
57 58
57 83
57 90
57 74
58 63
58 79
58 92
58 83
58 60
58 80
58 93
59 79
59 73
60 65
60 68
60 84
60 82
60 70
60 79
60 90
61 71
61 77
61 99
61 76
61 81
61 70
62 68
62 74
62 76
62 90
62 75
62 78
62 98
63 65
63 70
63 86
63 99
63 91
63 77
63 90
63 73
63 89
64 69
64 75
64 66
64 96
64 88
64 68
64 78
65 71
65 99
65 76
65 90
65 82
66 73
66 82
66 96
67 91
67 86
67 72
68 74
68 76
68 83
68 89
68 86
68 69
68 97
68 80
69 73
69 74
69 70
69 90
69 93
69 98
69 85
70 73
70 84
70 79
70 81
71 74
71 75
71 78
71 85
71 84
72 96
72 98
72 84
73 92
73 97
73 76
74 77
74 79
74 96
74 97
74 88
74 94
74 86
74 89
75 83
75 88
75 87
75 78
76 85
76 93
76 96
77 84
77 95
77 89
78 94
78 79
78 97
78 93
79 82
79 99
79 94
80 85
80 94
80 82
80 96
80 95
81 93
81 98
82 87
82 95
82 85
82 84
83 89
84 90
84 97
85 91
86 91
86 87
86 95
86 98
86 97
86 92
87 90
87 93
87 95
88 99
88 91
88 93
89 96
89 98
90 92
90 91
90 99
91 99
91 93
92 98
92 93
92 99
94 96
95 97
96 97
