3 4
3 7
3 9
3 6
3 5
3 8
3 0
3 2
4 9
4 6
4 5
4 2
4 0
4 7
4 1
9 8
9 1
9 5
9 7
9 0
9 6
7 5
7 0
7 2
7 1
7 8
6 1
6 8
6 5
6 0
6 2
5 2
5 1
5 8
0 2
0 8
0 1
0 90
2 8
2 1
8 1
65 67
65 76
65 80
65 53
65 64
65 48
65 24
65 13
65 87
65 96
65 38
65 77
65 22
65 36
65 55
65 47
65 86
65 20
65 39
67 16
67 11
67 41
67 79
67 97
67 74
67 92
67 69
67 87
67 63
67 73
67 12
67 31
67 34
67 76
67 85
67 29
67 43
76 77
76 90
76 99
76 38
76 30
76 74
76 25
76 47
76 89
76 88
76 69
76 64
76 75
76 32
76 62
76 96
76 43
80 25
80 40
80 49
80 81
80 92
80 87
80 48
80 30
80 35
80 66
80 99
80 22
80 52
80 15
80 64
80 89
80 98
80 51
53 25
53 28
53 69
53 18
53 35
53 74
53 27
53 73
53 68
53 47
53 12
53 72
53 58
53 85
53 34
53 45
53 75
53 61
64 57
64 63
64 39
64 84
64 94
64 32
64 99
64 23
64 54
64 73
64 21
64 24
64 95
64 30
64 66
64 47
48 69
48 42
48 90
48 10
48 97
48 13
48 23
48 59
48 72
48 45
48 71
48 29
48 73
48 52
48 75
48 55
48 14
24 40
24 49
24 83
24 33
24 91
24 58
24 27
24 70
24 87
24 85
24 20
24 12
24 60
24 37
24 73
24 75
24 44
13 78
13 28
13 36
13 83
13 42
13 92
13 97
13 35
13 34
13 75
13 51
13 23
13 59
13 27
13 54
13 68
13 85
87 40
87 69
87 42
87 15
87 82
87 31
87 84
87 45
87 17
87 86
87 75
87 51
87 26
87 68
87 73
96 40
96 28
96 36
96 49
96 69
96 81
96 92
96 56
96 94
96 91
96 38
96 34
96 70
96 62
96 72
96 26
96 37
38 78
38 92
38 19
38 18
38 31
38 97
38 32
38 99
38 85
38 44
38 62
38 52
38 30
38 88
38 41
38 45
77 63
77 78
77 19
77 30
77 71
77 60
77 22
77 52
77 25
77 82
77 20
77 42
77 34
77 21
77 49
77 98
77 43
22 25
22 28
22 36
22 15
22 93
22 91
22 35
22 99
22 58
22 79
22 95
22 37
22 89
22 73
22 44
22 41
36 28
36 49
36 12
36 82
36 34
36 81
36 26
36 94
36 32
36 16
36 98
36 93
36 97
36 11
36 60
55 42
55 56
55 94
55 32
55 34
55 99
55 27
55 54
55 59
55 61
55 66
55 45
55 17
55 47
55 73
55 75
55 14
47 63
47 25
47 83
47 15
47 23
47 70
47 61
47 74
47 66
47 17
47 60
47 43
47 73
47 44
86 63
86 28
86 46
86 18
86 93
86 16
86 99
86 54
86 70
86 12
86 74
86 26
86 66
86 71
86 95
86 73
86 44
20 40
20 28
20 49
20 90
20 10
20 19
20 91
20 97
20 35
20 23
20 50
20 14
20 43
20 98
20 75
20 74
39 63
39 40
39 28
39 42
39 50
39 19
39 33
39 17
39 99
39 85
39 62
39 52
39 37
39 29
39 89
39 21
39 56
16 78
16 25
16 40
16 49
16 83
16 90
16 56
16 94
16 62
16 61
16 23
16 98
16 97
16 37
16 45
16 30
11 63
11 28
11 83
11 81
11 90
11 18
11 31
11 84
11 70
11 68
11 88
11 12
11 17
11 37
11 44
11 51
11 21
41 78
41 25
41 28
41 46
41 42
41 92
41 93
41 31
41 56
41 23
41 54
41 68
41 50
41 66
41 60
41 14
79 63
79 69
79 10
79 33
79 34
79 23
79 85
79 68
79 74
79 45
79 95
79 37
79 29
79 51
79 98
79 71
79 14
97 57
97 78
97 49
97 18
97 93
97 56
97 91
97 98
97 21
97 32
97 62
97 99
74 63
74 81
74 90
74 10
74 19
74 23
74 68
74 62
74 50
74 12
74 30
74 71
92 49
92 69
92 34
92 56
92 29
92 18
92 89
92 54
92 10
92 21
92 30
92 35
92 12
69 83
69 45
69 34
69 56
69 91
69 35
69 85
69 71
69 30
69 66
69 84
63 57
63 91
63 94
63 32
63 15
63 98
63 78
63 51
63 73
63 43
73 25
73 81
73 94
73 91
73 27
73 12
73 61
73 66
12 83
12 46
12 58
12 70
12 50
12 45
12 95
12 66
12 52
12 14
31 57
31 46
31 10
31 18
31 56
31 45
31 68
31 58
31 71
31 34
31 43
31 94
31 75
31 84
34 28
34 84
34 91
34 88
34 30
34 44
34 62
34 29
85 57
85 78
85 94
85 32
85 99
85 58
85 30
85 72
85 89
85 59
85 21
29 25
29 90
29 18
29 93
29 33
29 94
29 32
29 27
29 54
29 70
29 72
29 89
29 51
43 28
43 46
43 15
43 93
43 56
43 33
43 94
43 23
43 17
43 71
43 95
43 44
57 90
57 58
57 71
57 84
57 93
57 83
57 82
57 59
57 26
57 40
57 10
57 21
57 95
57 51
90 78
90 46
90 81
90 91
90 19
90 71
90 14
90 56
90 10
90 21
90 51
58 78
58 49
58 46
58 18
58 91
58 35
58 59
58 14
58 95
58 50
58 61
58 26
71 25
71 49
71 83
71 46
71 81
71 56
71 45
71 98
71 75
84 25
84 49
84 83
84 46
84 18
84 56
84 33
84 37
84 54
84 98
84 61
84 52
93 81
93 15
93 19
93 23
93 95
93 99
93 35
93 33
93 52
93 88
93 61
83 49
83 26
83 59
83 81
83 27
83 82
83 14
83 17
83 98
82 78
82 46
82 81
82 42
82 19
82 60
82 66
82 17
82 37
82 50
82 70
82 26
82 98
82 59
59 49
59 94
59 99
59 23
59 70
59 89
59 14
59 88
59 51
59 68
59 44
26 40
26 81
26 42
26 33
26 54
26 62
26 50
26 88
26 66
26 17
26 52
40 25
40 60
40 23
40 46
40 50
40 68
40 21
40 81
40 27
40 33
10 28
10 42
10 15
10 33
10 89
10 98
10 18
10 45
10 95
10 54
10 72
21 49
21 15
21 70
21 62
21 50
21 66
21 37
21 52
21 44
95 78
95 54
95 62
95 72
95 88
95 66
95 14
95 44
95 37
51 18
51 33
51 94
51 91
51 35
51 99
51 23
51 62
51 37
91 25
91 42
91 68
91 30
91 60
91 66
91 45
94 61
94 75
94 70
94 32
94 89
94 45
32 46
32 81
32 19
32 89
32 50
32 68
32 54
32 72
32 66
15 49
15 46
15 42
15 70
15 56
15 50
15 17
15 30
15 19
15 98
98 70
98 62
98 72
98 30
98 14
78 61
78 42
78 88
78 70
78 27
78 28
78 17
19 46
19 81
19 72
19 44
19 62
19 30
19 99
19 52
19 23
30 35
30 27
30 44
30 89
60 28
60 42
60 18
60 99
60 70
60 62
60 72
60 88
60 61
60 37
60 75
52 25
52 81
52 35
52 54
52 72
52 45
52 17
52 37
25 99
25 44
25 66
25 46
42 50
42 72
42 33
42 14
42 89
49 27
49 72
49 62
61 27
61 68
61 50
61 72
61 44
61 89
61 45
61 17
88 28
88 46
88 18
88 27
88 62
88 50
88 72
88 14
88 17
70 33
70 23
70 27
70 14
27 28
27 54
27 66
27 37
27 50
28 18
28 68
17 54
17 44
17 75
17 37
17 14
99 33
99 50
99 75
89 56
89 54
89 68
89 62
89 37
75 46
75 33
75 68
75 72
75 66
62 54
44 23
44 54
44 68
66 37
46 81
46 56
23 33
23 35
50 81
50 35
68 56
68 35
81 72
33 18
33 14
33 54
18 45
18 72
18 35
45 35
45 14
56 35
56 14
35 37
