3 4
3 7
3 1
3 9
3 6
3 5
3 8
3 0
3 2
4 9
4 6
4 5
4 8
4 2
4 0
4 7
4 1
9 8
9 1
9 5
9 7
9 0
9 2
9 6
7 5
7 0
7 2
7 6
7 1
7 8
6 1
6 8
6 5
6 0
6 2
5 0
5 2
5 1
5 8
0 2
0 8
0 1
0 90
2 8
2 1
8 1
65 67
65 78
65 71
67 27
67 17
78 41
78 60
71 95
71 70
27 93
27 89
17 75
17 49
44 75
44 42
44 91
75 15
42 91
42 19
91 97
15 88
15 61
69 74
69 16
69 80
74 70
74 30
16 43
16 22
80 92
80 29
70 81
30 92
30 32
62 68
62 53
62 23
68 76
68 73
53 82
53 18
23 92
23 41
76 48
76 21
73 54
73 98
88 47
88 34
61 52
61 35
29 87
29 43
54 48
54 63
48 45
63 72
63 50
98 47
98 25
49 52
49 56
52 56
56 25
45 34
45 90
24 96
24 59
24 58
96 55
96 86
59 37
59 40
58 26
58 57
55 32
55 12
86 33
86 77
47 57
57 83
25 39
21 33
21 13
33 79
13 36
13 94
79 37
79 39
37 28
40 66
40 64
72 93
72 89
50 93
50 99
89 84
82 85
82 22
85 18
85 36
22 66
18 39
36 38
31 83
31 64
31 95
83 38
64 10
95 41
38 81
26 32
26 11
11 84
11 46
34 35
35 28
90 20
90 14
97 43
97 19
19 20
60 14
60 66
20 77
77 94
10 81
10 12
12 28
14 87
87 46
94 99
51 84
51 46
51 99
