binom	1	0	0.15	0.15118	0.499249
binom	1	0.01	0.15	0.15282	0.50189
binom	1	0.02	0.15	0.15159	0.503107
binom	1	0.03	0.15	0.15288	0.504856
binom	1	0.05	0.15	0.15152	0.509362
binom	1	0.07	0.15	0.15193	0.511981
binom	1	0.08	0.15	0.15092	0.513159
binom	1	0.1	0.15	0.15075	0.516352
binom	1	0.2	0.15	0.1488	0.533301
binom	1	0.3	0.15	0.14535	0.54976
binom	1	0.4	0.15	0.13699	0.566366
binom	1	0.5	0.15	0.12996	0.583743
binom	1	0.6	0.15	0.12276	0.600943
binom	1	0.7	0.15	0.11527	0.618759
binom	1	0.8	0.15	0.10637	0.636803
binom	1	0.9	0.15	0.09795	0.655936
