binom	1	0	0.15	0.14859	0.499962
binom	1	0.01	0.15	0.14677	0.500957
binom	1	0.02	0.15	0.14788	0.501674
binom	1	0.03	0.15	0.14799	0.503113
binom	1	0.05	0.15	0.14589	0.506114
binom	1	0.07	0.15	0.14514	0.508185
binom	1	0.08	0.15	0.14667	0.509176
binom	1	0.1	0.15	0.14526	0.511557
binom	1	0.2	0.15	0.14258	0.522812
binom	1	0.3	0.15	0.13662	0.534791
binom	1	0.4	0.15	0.13375	0.545782
binom	1	0.5	0.15	0.12587	0.558237
binom	1	0.6	0.15	0.11679	0.570663
binom	1	0.7	0.15	0.11064	0.582742
binom	1	0.8	0.15	0.1015	0.595966
binom	1	0.9	0.15	0.094	0.609978
