binom	1	0	0.15	0.13774	0.500365
binom	1	0.01	0.15	0.13725	0.501556
binom	1	0.02	0.15	0.13692	0.501624
binom	1	0.03	0.15	0.13711	0.502353
binom	1	0.05	0.15	0.1373	0.50282
binom	1	0.07	0.15	0.13583	0.506175
binom	1	0.08	0.15	0.13913	0.506699
binom	1	0.1	0.15	0.1357	0.50773
binom	1	0.2	0.15	0.13457	0.515659
binom	1	0.3	0.15	0.13007	0.524301
binom	1	0.4	0.15	0.12578	0.532138
binom	1	0.5	0.15	0.11685	0.540564
binom	1	0.6	0.15	0.11008	0.548775
binom	1	0.7	0.15	0.10349	0.557093
binom	1	0.8	0.15	0.09451	0.565338
binom	1	0.9	0.15	0.0873	0.574218
