binom	1	0	0.15	0.13606	0.499508
binom	1	0.01	0.15	0.13574	0.500295
binom	1	0.02	0.15	0.13686	0.501339
binom	1	0.03	0.15	0.13704	0.501606
binom	1	0.05	0.15	0.1364	0.503234
binom	1	0.07	0.15	0.13695	0.505499
binom	1	0.08	0.15	0.13501	0.505971
binom	1	0.1	0.15	0.13279	0.507678
binom	1	0.2	0.15	0.13362	0.51546
binom	1	0.3	0.15	0.12899	0.524117
binom	1	0.4	0.15	0.12466	0.530983
binom	1	0.5	0.15	0.11668	0.539933
binom	1	0.6	0.15	0.10899	0.547942
binom	1	0.7	0.15	0.10146	0.555931
binom	1	0.8	0.15	0.09421	0.564665
binom	1	0.9	0.15	0.08521	0.573024
