binom	1	0	0.15	0.13981	0.499634
binom	1	0.01	0.15	0.14077	0.500408
binom	1	0.02	0.15	0.14153	0.501437
binom	1	0.03	0.15	0.13977	0.502269
binom	1	0.05	0.15	0.14024	0.503933
binom	1	0.07	0.15	0.14238	0.505966
binom	1	0.08	0.15	0.14025	0.506378
binom	1	0.1	0.15	0.13859	0.508579
binom	1	0.2	0.15	0.13705	0.516882
binom	1	0.3	0.15	0.13362	0.524345
binom	1	0.4	0.15	0.12752	0.534016
binom	1	0.5	0.15	0.12047	0.540972
binom	1	0.6	0.15	0.1133	0.550259
binom	1	0.7	0.15	0.10557	0.558018
binom	1	0.8	0.15	0.09654	0.566455
binom	1	0.9	0.15	0.08961	0.575736
