binom	1	0	0.15	0.14594	0.50004
binom	1	0.01	0.15	0.14596	0.501626
binom	1	0.02	0.15	0.14765	0.503286
binom	1	0.03	0.15	0.14709	0.504618
binom	1	0.05	0.15	0.14435	0.508919
binom	1	0.07	0.15	0.14687	0.511556
binom	1	0.08	0.15	0.14641	0.513986
binom	1	0.1	0.15	0.1456	0.516403
binom	1	0.2	0.15	0.14356	0.533015
binom	1	0.3	0.15	0.13896	0.550497
binom	1	0.4	0.15	0.133	0.567383
binom	1	0.5	0.15	0.12415	0.585182
binom	1	0.6	0.15	0.11887	0.603368
binom	1	0.7	0.15	0.11219	0.621093
binom	1	0.8	0.15	0.10157	0.640605
binom	1	0.9	0.15	0.09393	0.660874
