binom	1	0	0.15	0.13742	0.499849
binom	1	0.01	0.15	0.14039	0.500776
binom	1	0.02	0.15	0.14154	0.50093
binom	1	0.03	0.15	0.13992	0.502496
binom	1	0.05	0.15	0.13941	0.504105
binom	1	0.07	0.15	0.13877	0.505472
binom	1	0.08	0.15	0.13911	0.505967
binom	1	0.1	0.15	0.13997	0.508849
binom	1	0.2	0.15	0.13402	0.515969
binom	1	0.3	0.15	0.13406	0.524097
binom	1	0.4	0.15	0.12635	0.532522
binom	1	0.5	0.15	0.12098	0.539314
binom	1	0.6	0.15	0.11305	0.548008
binom	1	0.7	0.15	0.10347	0.556217
binom	1	0.8	0.15	0.09665	0.565324
binom	1	0.9	0.15	0.0891	0.574847
