binom	1	0	0.15	0.13645	0.500247
binom	1	0.01	0.15	0.13583	0.499872
binom	1	0.02	0.15	0.13581	0.502087
binom	1	0.03	0.15	0.13477	0.50171
binom	1	0.05	0.15	0.13447	0.502801
binom	1	0.07	0.15	0.1348	0.50369
binom	1	0.08	0.15	0.13733	0.504687
binom	1	0.1	0.15	0.13585	0.505755
binom	1	0.2	0.15	0.13173	0.511357
binom	1	0.3	0.15	0.12926	0.517751
binom	1	0.4	0.15	0.12149	0.523771
binom	1	0.5	0.15	0.1169	0.529401
binom	1	0.6	0.15	0.10874	0.535956
binom	1	0.7	0.15	0.10176	0.542797
binom	1	0.8	0.15	0.09449	0.547863
binom	1	0.9	0.15	0.08631	0.556035
