binom	1	0	0.15	0.13153	0.499951
binom	1	0.01	0.15	0.13043	0.501756
binom	1	0.02	0.15	0.13121	0.504337
binom	1	0.03	0.15	0.13087	0.506804
binom	1	0.05	0.15	0.12932	0.511609
binom	1	0.07	0.15	0.13056	0.515969
binom	1	0.08	0.15	0.12929	0.517243
binom	1	0.1	0.15	0.13135	0.522502
binom	1	0.2	0.15	0.12707	0.54494
binom	1	0.3	0.15	0.12045	0.567611
binom	1	0.4	0.15	0.11757	0.589538
binom	1	0.5	0.15	0.11272	0.612182
binom	1	0.6	0.15	0.10426	0.633936
binom	1	0.7	0.15	0.09735	0.657879
binom	1	0.8	0.15	0.08869	0.680442
binom	1	0.9	0.15	0.08287	0.701868
