binom	1	0	0.15	0.12582	0.500263
binom	1	0.01	0.15	0.12586	0.503066
binom	1	0.02	0.15	0.1257	0.506554
binom	1	0.03	0.15	0.12641	0.509109
binom	1	0.05	0.15	0.12649	0.516279
binom	1	0.07	0.15	0.12576	0.522974
binom	1	0.08	0.15	0.12533	0.525018
binom	1	0.1	0.15	0.12661	0.532287
binom	1	0.2	0.15	0.1217	0.565541
binom	1	0.3	0.15	0.12022	0.599379
binom	1	0.4	0.15	0.1127	0.634404
binom	1	0.5	0.15	0.10889	0.671524
binom	1	0.6	0.15	0.10201	0.708626
binom	1	0.7	0.15	0.09248	0.747389
binom	1	0.8	0.15	0.08521	0.787301
binom	1	0.9	0.15	0.07781	0.829442
