binom	1	0	0.15	0.1232	0.498712
binom	1	0.01	0.15	0.12501	0.503116
binom	1	0.02	0.15	0.12452	0.504957
binom	1	0.03	0.15	0.12612	0.509559
binom	1	0.05	0.15	0.12351	0.515523
binom	1	0.07	0.15	0.12449	0.521013
binom	1	0.08	0.15	0.12352	0.525047
binom	1	0.1	0.15	0.12458	0.530886
binom	1	0.2	0.15	0.12024	0.562517
binom	1	0.3	0.15	0.11537	0.594717
binom	1	0.4	0.15	0.11087	0.628073
binom	1	0.5	0.15	0.10666	0.66149
binom	1	0.6	0.15	0.09764	0.696268
binom	1	0.7	0.15	0.09034	0.734282
binom	1	0.8	0.15	0.08258	0.772289
binom	1	0.9	0.15	0.07652	0.81196
