binom	1	0	0.15	0.12455	0.499927
binom	1	0.01	0.15	0.12392	0.502836
binom	1	0.02	0.15	0.12538	0.506229
binom	1	0.03	0.15	0.12562	0.509217
binom	1	0.05	0.15	0.12505	0.51561
binom	1	0.07	0.15	0.12377	0.521324
binom	1	0.08	0.15	0.12368	0.524927
binom	1	0.1	0.15	0.12463	0.530542
binom	1	0.2	0.15	0.12054	0.560986
binom	1	0.3	0.15	0.11673	0.593345
binom	1	0.4	0.15	0.10962	0.626625
binom	1	0.5	0.15	0.10538	0.660028
binom	1	0.6	0.15	0.0982	0.694333
binom	1	0.7	0.15	0.09112	0.731274
binom	1	0.8	0.15	0.08249	0.769474
binom	1	0.9	0.15	0.07473	0.807597
