binom	1	0	0.15	0.13289	0.500628
binom	1	0.01	0.15	0.13175	0.501675
binom	1	0.02	0.15	0.13029	0.504184
binom	1	0.03	0.15	0.1306	0.506217
binom	1	0.05	0.15	0.13091	0.511574
binom	1	0.07	0.15	0.13292	0.516712
binom	1	0.08	0.15	0.12876	0.518909
binom	1	0.1	0.15	0.1291	0.522249
binom	1	0.2	0.15	0.12589	0.545345
binom	1	0.3	0.15	0.11958	0.568292
binom	1	0.4	0.15	0.11478	0.591713
binom	1	0.5	0.15	0.10718	0.616954
binom	1	0.6	0.15	0.09963	0.641879
binom	1	0.7	0.15	0.09045	0.668823
binom	1	0.8	0.15	0.07979	0.697055
binom	1	0.9	0.15	0.07278	0.725929
