binom	1	0	0.01	0.02126	0.498674
binom	1	0.01	0.01	0.02053	0.501442
binom	1	0.02	0.01	0.01973	0.501622
binom	1	0.03	0.01	0.01946	0.505827
binom	1	0.05	0.01	0.0194	0.50766
binom	1	0.07	0.01	0.02018	0.510763
binom	1	0.08	0.01	0.02073	0.514322
binom	1	0.1	0.01	0.01971	0.517275
binom	1	0.2	0.01	0.0192	0.535
binom	1	0.3	0.01	0.01853	0.553044
binom	1	0.4	0.01	0.01825	0.570416
binom	1	0.5	0.01	0.01769	0.58978
binom	1	0.6	0.01	0.01725	0.609368
binom	1	0.7	0.01	0.01543	0.624563
binom	1	0.8	0.01	0.01481	0.642924
binom	1	0.9	0.01	0.01322	0.662133
