binom	1	0	0.15	0.14767	0.500123
binom	1	0.01	0.15	0.14677	0.5016
binom	1	0.02	0.15	0.14693	0.502895
binom	1	0.03	0.15	0.1478	0.503489
binom	1	0.05	0.15	0.14684	0.506304
binom	1	0.07	0.15	0.14693	0.509332
binom	1	0.08	0.15	0.14489	0.510447
binom	1	0.1	0.15	0.1475	0.512847
binom	1	0.2	0.15	0.14119	0.526342
binom	1	0.3	0.15	0.13746	0.538325
binom	1	0.4	0.15	0.13124	0.552265
binom	1	0.5	0.15	0.12455	0.564795
binom	1	0.6	0.15	0.118	0.578493
binom	1	0.7	0.15	0.10859	0.592767
binom	1	0.8	0.15	0.10035	0.607844
binom	1	0.9	0.15	0.09415	0.62254
