binom	1	0	0.15	0.12818	0.499672
binom	1	0.01	0.15	0.12983	0.499489
binom	1	0.02	0.15	0.12791	0.500855
binom	1	0.03	0.15	0.12844	0.501901
binom	1	0.05	0.15	0.1284	0.503463
binom	1	0.07	0.15	0.12751	0.503615
binom	1	0.08	0.15	0.12917	0.503776
binom	1	0.1	0.15	0.12768	0.505741
binom	1	0.2	0.15	0.12646	0.512191
binom	1	0.3	0.15	0.1205	0.517968
binom	1	0.4	0.15	0.11621	0.523719
binom	1	0.5	0.15	0.11078	0.528492
binom	1	0.6	0.15	0.10171	0.535824
binom	1	0.7	0.15	0.09684	0.540851
binom	1	0.8	0.15	0.08813	0.546604
binom	1	0.9	0.15	0.08206	0.551286
