binom	1	0	0.15	0.12836	0.499586
binom	1	0.01	0.15	0.12882	0.499933
binom	1	0.02	0.15	0.12925	0.502504
binom	1	0.03	0.15	0.12963	0.502217
binom	1	0.05	0.15	0.13132	0.503553
binom	1	0.07	0.15	0.13066	0.504306
binom	1	0.08	0.15	0.1278	0.504497
binom	1	0.1	0.15	0.128	0.50638
binom	1	0.2	0.15	0.12486	0.513033
binom	1	0.3	0.15	0.12144	0.519239
binom	1	0.4	0.15	0.11574	0.525757
binom	1	0.5	0.15	0.11073	0.531902
binom	1	0.6	0.15	0.10342	0.537419
binom	1	0.7	0.15	0.09588	0.544549
binom	1	0.8	0.15	0.08984	0.550273
binom	1	0.9	0.15	0.08046	0.554848
