binom	1	0	0.15	0.13036	0.500436
binom	1	0.01	0.15	0.12897	0.500354
binom	1	0.02	0.15	0.1313	0.500756
binom	1	0.03	0.15	0.12942	0.501043
binom	1	0.05	0.15	0.13052	0.501707
binom	1	0.07	0.15	0.12799	0.502674
binom	1	0.08	0.15	0.12749	0.502976
binom	1	0.1	0.15	0.12735	0.503053
binom	1	0.2	0.15	0.12641	0.507165
binom	1	0.3	0.15	0.12198	0.51048
binom	1	0.4	0.15	0.11789	0.513805
binom	1	0.5	0.15	0.11227	0.516401
binom	1	0.6	0.15	0.10416	0.520505
binom	1	0.7	0.15	0.09618	0.522758
binom	1	0.8	0.15	0.08877	0.526741
binom	1	0.9	0.15	0.08115	0.530083
