binom	1	0	0.1	0.09291	0.500126
binom	1	0.01	0.1	0.09253	0.501046
binom	1	0.02	0.1	0.092	0.501832
binom	1	0.03	0.1	0.09287	0.501908
binom	1	0.05	0.1	0.09386	0.503022
binom	1	0.07	0.1	0.09191	0.505895
binom	1	0.08	0.1	0.09109	0.505751
binom	1	0.1	0.1	0.09371	0.506793
binom	1	0.2	0.1	0.09052	0.513588
binom	1	0.3	0.1	0.08644	0.522269
binom	1	0.4	0.1	0.08075	0.529235
binom	1	0.5	0.1	0.07698	0.53584
binom	1	0.6	0.1	0.06993	0.543039
binom	1	0.7	0.1	0.06506	0.550061
binom	1	0.8	0.1	0.05773	0.556581
binom	1	0.9	0.1	0.05051	0.564249
