binom	1	0	0.1	0.09289	0.500315
binom	1	0.01	0.1	0.09523	0.499925
binom	1	0.02	0.1	0.09213	0.502293
binom	1	0.03	0.1	0.09515	0.502551
binom	1	0.05	0.1	0.09289	0.503492
binom	1	0.07	0.1	0.09536	0.503475
binom	1	0.08	0.1	0.09288	0.505698
binom	1	0.1	0.1	0.09095	0.506085
binom	1	0.2	0.1	0.0905	0.513404
binom	1	0.3	0.1	0.08633	0.520136
binom	1	0.4	0.1	0.08048	0.526542
binom	1	0.5	0.1	0.07726	0.533479
binom	1	0.6	0.1	0.07147	0.539587
binom	1	0.7	0.1	0.06609	0.545592
binom	1	0.8	0.1	0.05755	0.552507
binom	1	0.9	0.1	0.05149	0.557831
