binom	1	0	0.1	0.09308	0.499932
binom	1	0.01	0.1	0.09326	0.500603
binom	1	0.02	0.1	0.09374	0.501353
binom	1	0.03	0.1	0.09219	0.501755
binom	1	0.05	0.1	0.09347	0.503005
binom	1	0.07	0.1	0.09432	0.504372
binom	1	0.08	0.1	0.09309	0.505044
binom	1	0.1	0.1	0.09248	0.506566
binom	1	0.2	0.1	0.09083	0.512803
binom	1	0.3	0.1	0.0879	0.518013
binom	1	0.4	0.1	0.08266	0.524497
binom	1	0.5	0.1	0.07552	0.531551
binom	1	0.6	0.1	0.07224	0.537312
binom	1	0.7	0.1	0.06336	0.542634
binom	1	0.8	0.1	0.05858	0.5491
binom	1	0.9	0.1	0.05086	0.555263
