binom	1	0	0.1	0.10738	0.499703
binom	1	0.01	0.1	0.10672	0.502607
binom	1	0.02	0.1	0.10753	0.504383
binom	1	0.03	0.1	0.10792	0.505691
binom	1	0.05	0.1	0.10643	0.509023
binom	1	0.07	0.1	0.1074	0.511845
binom	1	0.08	0.1	0.10704	0.514092
binom	1	0.1	0.1	0.10737	0.518235
binom	1	0.2	0.1	0.10474	0.536004
binom	1	0.3	0.1	0.10056	0.553709
binom	1	0.4	0.1	0.0971	0.572567
binom	1	0.5	0.1	0.09133	0.591642
binom	1	0.6	0.1	0.08377	0.609721
binom	1	0.7	0.1	0.07901	0.628018
binom	1	0.8	0.1	0.0725	0.648182
binom	1	0.9	0.1	0.06575	0.666846
