binom	1	0	0.1	0.09737	0.499461
binom	1	0.01	0.1	0.09754	0.501057
binom	1	0.02	0.1	0.09625	0.501596
binom	1	0.03	0.1	0.09748	0.502849
binom	1	0.05	0.1	0.09644	0.504033
binom	1	0.07	0.1	0.09601	0.506898
binom	1	0.08	0.1	0.09772	0.506367
binom	1	0.1	0.1	0.09529	0.508508
binom	1	0.2	0.1	0.09537	0.518433
binom	1	0.3	0.1	0.08997	0.527298
binom	1	0.4	0.1	0.089	0.536045
binom	1	0.5	0.1	0.07995	0.545699
binom	1	0.6	0.1	0.07668	0.555308
binom	1	0.7	0.1	0.07107	0.564621
binom	1	0.8	0.1	0.06413	0.573368
binom	1	0.9	0.1	0.0596	0.582805
