binom	1	0	0.1	0.09748	0.499857
binom	1	0.01	0.1	0.09548	0.501366
binom	1	0.02	0.1	0.09728	0.501504
binom	1	0.03	0.1	0.09879	0.502883
binom	1	0.05	0.1	0.09605	0.504395
binom	1	0.07	0.1	0.0964	0.506475
binom	1	0.08	0.1	0.09623	0.50737
binom	1	0.1	0.1	0.09549	0.509687
binom	1	0.2	0.1	0.09607	0.516364
binom	1	0.3	0.1	0.09185	0.526848
binom	1	0.4	0.1	0.08632	0.534403
binom	1	0.5	0.1	0.08211	0.543679
binom	1	0.6	0.1	0.07769	0.552444
binom	1	0.7	0.1	0.07	0.560659
binom	1	0.8	0.1	0.06339	0.570159
binom	1	0.9	0.1	0.06	0.579338
