binom	1	0	0.1	0.09522	0.501088
binom	1	0.01	0.1	0.09495	0.500616
binom	1	0.02	0.1	0.09591	0.501048
binom	1	0.03	0.1	0.09481	0.501539
binom	1	0.05	0.1	0.09612	0.503548
binom	1	0.07	0.1	0.09503	0.504646
binom	1	0.08	0.1	0.09341	0.506127
binom	1	0.1	0.1	0.09367	0.50736
binom	1	0.2	0.1	0.0937	0.513527
binom	1	0.3	0.1	0.08779	0.521203
binom	1	0.4	0.1	0.08388	0.527762
binom	1	0.5	0.1	0.07984	0.535576
binom	1	0.6	0.1	0.07477	0.542764
binom	1	0.7	0.1	0.06784	0.549659
binom	1	0.8	0.1	0.0628	0.555658
binom	1	0.9	0.1	0.05641	0.564015
