binom	1	0	0.1	0.09468	0.499607
binom	1	0.01	0.1	0.0967	0.501236
binom	1	0.02	0.1	0.09514	0.501055
binom	1	0.03	0.1	0.09269	0.503355
binom	1	0.05	0.1	0.09281	0.50479
binom	1	0.07	0.1	0.09481	0.504551
binom	1	0.08	0.1	0.09413	0.505264
binom	1	0.1	0.1	0.0927	0.506995
binom	1	0.2	0.1	0.09095	0.513959
binom	1	0.3	0.1	0.08761	0.521025
binom	1	0.4	0.1	0.08338	0.5281
binom	1	0.5	0.1	0.07939	0.535105
binom	1	0.6	0.1	0.07259	0.542662
binom	1	0.7	0.1	0.06826	0.549004
binom	1	0.8	0.1	0.06314	0.555927
binom	1	0.9	0.1	0.05731	0.562621
