binom	1	0	0.1	0.10472	0.500594
binom	1	0.01	0.1	0.10431	0.500921
binom	1	0.02	0.1	0.1048	0.503596
binom	1	0.03	0.1	0.10523	0.505568
binom	1	0.05	0.1	0.10523	0.509775
binom	1	0.07	0.1	0.10343	0.513242
binom	1	0.08	0.1	0.10478	0.516052
binom	1	0.1	0.1	0.10396	0.519075
binom	1	0.2	0.1	0.10187	0.537761
binom	1	0.3	0.1	0.09896	0.557886
binom	1	0.4	0.1	0.09381	0.577801
binom	1	0.5	0.1	0.08809	0.596257
binom	1	0.6	0.1	0.08273	0.616839
binom	1	0.7	0.1	0.07597	0.637386
binom	1	0.8	0.1	0.06919	0.659089
binom	1	0.9	0.1	0.06474	0.679456
