binom	1	0	0.1	0.08243	0.500152
binom	1	0.01	0.1	0.08092	0.50221
binom	1	0.02	0.1	0.08076	0.504594
binom	1	0.03	0.1	0.08179	0.508524
binom	1	0.05	0.1	0.08122	0.512986
binom	1	0.07	0.1	0.08202	0.517571
binom	1	0.08	0.1	0.0822	0.522375
binom	1	0.1	0.1	0.08118	0.526955
binom	1	0.2	0.1	0.0773	0.554777
binom	1	0.3	0.1	0.07515	0.582534
binom	1	0.4	0.1	0.07072	0.611365
binom	1	0.5	0.1	0.06483	0.640605
binom	1	0.6	0.1	0.06038	0.671499
binom	1	0.7	0.1	0.0535	0.702985
binom	1	0.8	0.1	0.04947	0.734393
binom	1	0.9	0.1	0.04534	0.768449
