binom	1	0	0.1	0.14305	0.499857
binom	1	0.01	0.1	0.14459	0.501303
binom	1	0.02	0.1	0.14522	0.50269
binom	1	0.03	0.1	0.14444	0.504232
binom	1	0.05	0.1	0.14542	0.506589
binom	1	0.07	0.1	0.14639	0.509925
binom	1	0.08	0.1	0.144	0.510735
binom	1	0.1	0.1	0.14356	0.513721
binom	1	0.2	0.1	0.1384	0.528417
binom	1	0.3	0.1	0.13682	0.542173
binom	1	0.4	0.1	0.12914	0.55653
binom	1	0.5	0.1	0.12187	0.571046
binom	1	0.6	0.1	0.11174	0.586439
binom	1	0.7	0.1	0.10281	0.601566
binom	1	0.8	0.1	0.09607	0.616802
binom	1	0.9	0.1	0.08836	0.633886
