binom	1	0	0.1	0.12268	0.500476
binom	1	0.01	0.1	0.12413	0.501954
binom	1	0.02	0.1	0.12482	0.503707
binom	1	0.03	0.1	0.12377	0.505237
binom	1	0.05	0.1	0.12418	0.508322
binom	1	0.07	0.1	0.12344	0.513023
binom	1	0.08	0.1	0.12318	0.513887
binom	1	0.1	0.1	0.12409	0.517627
binom	1	0.2	0.1	0.12113	0.536344
binom	1	0.3	0.1	0.11578	0.555371
binom	1	0.4	0.1	0.11259	0.573199
binom	1	0.5	0.1	0.10454	0.591487
binom	1	0.6	0.1	0.0959	0.611225
binom	1	0.7	0.1	0.09115	0.630964
binom	1	0.8	0.1	0.08199	0.650329
binom	1	0.9	0.1	0.07535	0.671944
