binom	1	0	0.1	0.12921	0.500476
binom	1	0.01	0.1	0.12818	0.502028
binom	1	0.02	0.1	0.12861	0.503473
binom	1	0.03	0.1	0.12798	0.505647
binom	1	0.05	0.1	0.12778	0.508166
binom	1	0.07	0.1	0.12945	0.51215
binom	1	0.08	0.1	0.12644	0.514308
binom	1	0.1	0.1	0.12684	0.517267
binom	1	0.2	0.1	0.126	0.534562
binom	1	0.3	0.1	0.12154	0.552193
binom	1	0.4	0.1	0.11612	0.570115
binom	1	0.5	0.1	0.10969	0.588496
binom	1	0.6	0.1	0.10198	0.605988
binom	1	0.7	0.1	0.09498	0.625297
binom	1	0.8	0.1	0.08739	0.643472
binom	1	0.9	0.1	0.07943	0.663084
