binom	1	0	0.1	0.08903	0.500329
binom	1	0.01	0.1	0.08958	0.500612
binom	1	0.02	0.1	0.08772	0.501088
binom	1	0.03	0.1	0.09037	0.501414
binom	1	0.05	0.1	0.08989	0.503865
binom	1	0.07	0.1	0.08907	0.505761
binom	1	0.08	0.1	0.09034	0.504123
binom	1	0.1	0.1	0.09014	0.506694
binom	1	0.2	0.1	0.08868	0.513643
binom	1	0.3	0.1	0.08495	0.520091
binom	1	0.4	0.1	0.08036	0.527544
binom	1	0.5	0.1	0.07621	0.53409
binom	1	0.6	0.1	0.07074	0.540608
binom	1	0.7	0.1	0.06403	0.546962
binom	1	0.8	0.1	0.06056	0.551149
binom	1	0.9	0.1	0.05455	0.557692
