binom	1	0	0.1	0.09017	0.499677
binom	1	0.01	0.1	0.09078	0.500854
binom	1	0.02	0.1	0.0906	0.502211
binom	1	0.03	0.1	0.09165	0.502132
binom	1	0.05	0.1	0.09035	0.502615
binom	1	0.07	0.1	0.0907	0.504517
binom	1	0.08	0.1	0.08908	0.504783
binom	1	0.1	0.1	0.09039	0.506777
binom	1	0.2	0.1	0.08735	0.513211
binom	1	0.3	0.1	0.0851	0.520021
binom	1	0.4	0.1	0.08144	0.527229
binom	1	0.5	0.1	0.07681	0.534252
binom	1	0.6	0.1	0.07042	0.53951
binom	1	0.7	0.1	0.06607	0.545571
binom	1	0.8	0.1	0.05889	0.551367
binom	1	0.9	0.1	0.05395	0.557401
