binom	1	0	0.1	0.08854	0.499949
binom	1	0.01	0.1	0.08868	0.501546
binom	1	0.02	0.1	0.09088	0.501527
binom	1	0.03	0.1	0.08838	0.502245
binom	1	0.05	0.1	0.08735	0.503171
binom	1	0.07	0.1	0.08933	0.504998
binom	1	0.08	0.1	0.09104	0.505122
binom	1	0.1	0.1	0.08846	0.50655
binom	1	0.2	0.1	0.08618	0.513314
binom	1	0.3	0.1	0.0839	0.519906
binom	1	0.4	0.1	0.07805	0.527189
binom	1	0.5	0.1	0.07528	0.532597
binom	1	0.6	0.1	0.06847	0.539559
binom	1	0.7	0.1	0.06339	0.545012
binom	1	0.8	0.1	0.0601	0.550358
binom	1	0.9	0.1	0.05426	0.556732
