binom	1	0	0.1	0.09036	0.500013
binom	1	0.01	0.1	0.09164	0.500408
binom	1	0.02	0.1	0.09106	0.500249
binom	1	0.03	0.1	0.09071	0.500709
binom	1	0.05	0.1	0.09011	0.502714
binom	1	0.07	0.1	0.08981	0.503081
binom	1	0.08	0.1	0.08959	0.50246
binom	1	0.1	0.1	0.08978	0.503461
binom	1	0.2	0.1	0.08797	0.508096
binom	1	0.3	0.1	0.08466	0.510796
binom	1	0.4	0.1	0.08034	0.515438
binom	1	0.5	0.1	0.07602	0.518944
binom	1	0.6	0.1	0.07186	0.52361
binom	1	0.7	0.1	0.06574	0.526789
binom	1	0.8	0.1	0.05991	0.529339
binom	1	0.9	0.1	0.05371	0.532577
