binom	1	0	0.1	0.0867	0.500802
binom	1	0.01	0.1	0.08407	0.501532
binom	1	0.02	0.1	0.08538	0.50375
binom	1	0.03	0.1	0.08376	0.506112
binom	1	0.05	0.1	0.08651	0.509269
binom	1	0.07	0.1	0.08678	0.514624
binom	1	0.08	0.1	0.08557	0.516429
binom	1	0.1	0.1	0.08221	0.51981
binom	1	0.2	0.1	0.08224	0.540501
binom	1	0.3	0.1	0.07885	0.560034
binom	1	0.4	0.1	0.07477	0.581208
binom	1	0.5	0.1	0.07118	0.6016
binom	1	0.6	0.1	0.06519	0.621845
binom	1	0.7	0.1	0.05988	0.642632
binom	1	0.8	0.1	0.05496	0.664309
binom	1	0.9	0.1	0.05017	0.68634
