binom	1	0	0.1	0.08336	0.500996
binom	1	0.01	0.1	0.08418	0.500579
binom	1	0.02	0.1	0.08315	0.502861
binom	1	0.03	0.1	0.08468	0.505781
binom	1	0.05	0.1	0.08371	0.507239
binom	1	0.07	0.1	0.08288	0.51086
binom	1	0.08	0.1	0.08515	0.511632
binom	1	0.1	0.1	0.08447	0.514436
binom	1	0.2	0.1	0.08096	0.528909
binom	1	0.3	0.1	0.07704	0.543611
binom	1	0.4	0.1	0.07508	0.559246
binom	1	0.5	0.1	0.06764	0.573448
binom	1	0.6	0.1	0.06101	0.58821
binom	1	0.7	0.1	0.05587	0.604249
binom	1	0.8	0.1	0.04913	0.618311
binom	1	0.9	0.1	0.0441	0.634224
