binom	1	0	0.1	0.10643	0.500264
binom	1	0.01	0.1	0.10749	0.501569
binom	1	0.02	0.1	0.10874	0.503793
binom	1	0.03	0.1	0.10706	0.505041
binom	1	0.05	0.1	0.10745	0.509217
binom	1	0.07	0.1	0.10744	0.513273
binom	1	0.08	0.1	0.10589	0.515134
binom	1	0.1	0.1	0.106	0.519786
binom	1	0.2	0.1	0.10409	0.537202
binom	1	0.3	0.1	0.09982	0.556823
binom	1	0.4	0.1	0.09614	0.575433
binom	1	0.5	0.1	0.09004	0.5945
binom	1	0.6	0.1	0.08403	0.61477
binom	1	0.7	0.1	0.07753	0.633419
binom	1	0.8	0.1	0.072	0.654092
binom	1	0.9	0.1	0.06451	0.674536
