binom	1	0	0.2	0.18355	0.499857
binom	1	0.01	0.2	0.18326	0.500722
binom	1	0.02	0.2	0.18368	0.501799
binom	1	0.03	0.2	0.18509	0.503729
binom	1	0.05	0.2	0.1852	0.505032
binom	1	0.07	0.2	0.18201	0.507822
binom	1	0.08	0.2	0.18286	0.508193
binom	1	0.1	0.2	0.18247	0.510309
binom	1	0.2	0.2	0.18002	0.521103
binom	1	0.3	0.2	0.17525	0.532251
binom	1	0.4	0.2	0.16892	0.542772
binom	1	0.5	0.2	0.15986	0.553769
binom	1	0.6	0.2	0.15052	0.565475
binom	1	0.7	0.2	0.14309	0.576316
binom	1	0.8	0.2	0.13239	0.588584
binom	1	0.9	0.2	0.12163	0.601546
