binom	1	0	0.2	0.17355	0.499245
binom	1	0.01	0.2	0.17303	0.500695
binom	1	0.02	0.2	0.17413	0.501403
binom	1	0.03	0.2	0.17482	0.50181
binom	1	0.05	0.2	0.17385	0.503378
binom	1	0.07	0.2	0.1742	0.505183
binom	1	0.08	0.2	0.1752	0.505433
binom	1	0.1	0.2	0.17074	0.5066
binom	1	0.2	0.2	0.17243	0.514538
binom	1	0.3	0.2	0.16684	0.521687
binom	1	0.4	0.2	0.1599	0.529724
binom	1	0.5	0.2	0.15183	0.537076
binom	1	0.6	0.2	0.14542	0.544668
binom	1	0.7	0.2	0.13388	0.552298
binom	1	0.8	0.2	0.12334	0.559984
binom	1	0.9	0.2	0.11324	0.567942
