binom	1	0	0.2	0.17155	0.49972
binom	1	0.01	0.2	0.17149	0.500955
binom	1	0.02	0.2	0.17002	0.501115
binom	1	0.03	0.2	0.17344	0.501407
binom	1	0.05	0.2	0.16837	0.502641
binom	1	0.07	0.2	0.16999	0.504028
binom	1	0.08	0.2	0.16894	0.504289
binom	1	0.1	0.2	0.16892	0.505626
binom	1	0.2	0.2	0.16514	0.511066
binom	1	0.3	0.2	0.16288	0.516566
binom	1	0.4	0.2	0.15559	0.522191
binom	1	0.5	0.2	0.14924	0.527758
binom	1	0.6	0.2	0.14124	0.53337
binom	1	0.7	0.2	0.13073	0.53924
binom	1	0.8	0.2	0.1235	0.545249
binom	1	0.9	0.2	0.11237	0.551249
