binom	1	0	0.2	0.19116	0.500096
binom	1	0.01	0.2	0.19032	0.501294
binom	1	0.02	0.2	0.18844	0.502559
binom	1	0.03	0.2	0.19042	0.504345
binom	1	0.05	0.2	0.19161	0.507814
binom	1	0.07	0.2	0.1897	0.511216
binom	1	0.08	0.2	0.18825	0.512617
binom	1	0.1	0.2	0.18822	0.515181
binom	1	0.2	0.2	0.18621	0.531331
binom	1	0.3	0.2	0.18223	0.5467
binom	1	0.4	0.2	0.17656	0.563239
binom	1	0.5	0.2	0.16453	0.579098
binom	1	0.6	0.2	0.15779	0.596035
binom	1	0.7	0.2	0.14663	0.613232
binom	1	0.8	0.2	0.13725	0.631035
binom	1	0.9	0.2	0.12495	0.649554
