binom	1	0	0.2	0.19637	0.500471
binom	1	0.01	0.2	0.1934	0.501452
binom	1	0.02	0.2	0.19708	0.503277
binom	1	0.03	0.2	0.19607	0.5049
binom	1	0.05	0.2	0.1969	0.508193
binom	1	0.07	0.2	0.19577	0.511877
binom	1	0.08	0.2	0.19619	0.513066
binom	1	0.1	0.2	0.1952	0.516327
binom	1	0.2	0.2	0.19335	0.533305
binom	1	0.3	0.2	0.18764	0.54888
binom	1	0.4	0.2	0.18209	0.566155
binom	1	0.5	0.2	0.17512	0.582799
binom	1	0.6	0.2	0.16239	0.600259
binom	1	0.7	0.2	0.15301	0.619108
binom	1	0.8	0.2	0.14258	0.637527
binom	1	0.9	0.2	0.13248	0.657483
