binom	1	0	0.2	0.17405	0.500137
binom	1	0.01	0.2	0.17454	0.501596
binom	1	0.02	0.2	0.174	0.502832
binom	1	0.03	0.2	0.17338	0.504213
binom	1	0.05	0.2	0.17245	0.505378
binom	1	0.07	0.2	0.17334	0.50892
binom	1	0.08	0.2	0.17405	0.510718
binom	1	0.1	0.2	0.17344	0.513808
binom	1	0.2	0.2	0.16807	0.52602
binom	1	0.3	0.2	0.16513	0.538556
binom	1	0.4	0.2	0.15952	0.552499
binom	1	0.5	0.2	0.15099	0.567071
binom	1	0.6	0.2	0.14129	0.580574
binom	1	0.7	0.2	0.13228	0.595268
binom	1	0.8	0.2	0.1243	0.609879
binom	1	0.9	0.2	0.11341	0.625397
