binom	1	0	0.2	0.17401	0.500742
binom	1	0.01	0.2	0.1738	0.501264
binom	1	0.02	0.2	0.17281	0.503037
binom	1	0.03	0.2	0.17374	0.504547
binom	1	0.05	0.2	0.17356	0.505887
binom	1	0.07	0.2	0.17456	0.508503
binom	1	0.08	0.2	0.17493	0.511028
binom	1	0.1	0.2	0.17437	0.512276
binom	1	0.2	0.2	0.17005	0.525043
binom	1	0.3	0.2	0.16472	0.538779
binom	1	0.4	0.2	0.15931	0.551511
binom	1	0.5	0.2	0.15005	0.565296
binom	1	0.6	0.2	0.14456	0.577979
binom	1	0.7	0.2	0.13417	0.59301
binom	1	0.8	0.2	0.12618	0.607429
binom	1	0.9	0.2	0.11464	0.623088
