binom	1	0	0.2	0.16897	0.50042
binom	1	0.01	0.2	0.16799	0.50357
binom	1	0.02	0.2	0.16778	0.506612
binom	1	0.03	0.2	0.16932	0.510488
binom	1	0.05	0.2	0.16757	0.516409
binom	1	0.07	0.2	0.16756	0.523271
binom	1	0.08	0.2	0.16708	0.526671
binom	1	0.1	0.2	0.16822	0.53336
binom	1	0.2	0.2	0.16488	0.568851
binom	1	0.3	0.2	0.15684	0.602798
binom	1	0.4	0.2	0.15387	0.639062
binom	1	0.5	0.2	0.14695	0.676515
binom	1	0.6	0.2	0.14013	0.716721
binom	1	0.7	0.2	0.12834	0.757134
binom	1	0.8	0.2	0.11984	0.800238
binom	1	0.9	0.2	0.11018	0.845673
