binom	1	0	0.2	0.19222	0.499938
binom	1	0.01	0.2	0.18902	0.50166
binom	1	0.02	0.2	0.19135	0.50334
binom	1	0.03	0.2	0.19152	0.505451
binom	1	0.05	0.2	0.19073	0.508728
binom	1	0.07	0.2	0.18915	0.512298
binom	1	0.08	0.2	0.18903	0.513853
binom	1	0.1	0.2	0.19044	0.517391
binom	1	0.2	0.2	0.18507	0.535451
binom	1	0.3	0.2	0.18329	0.552247
binom	1	0.4	0.2	0.17435	0.570172
binom	1	0.5	0.2	0.16612	0.589363
binom	1	0.6	0.2	0.15656	0.608247
binom	1	0.7	0.2	0.14778	0.627069
binom	1	0.8	0.2	0.13945	0.647406
binom	1	0.9	0.2	0.12664	0.667279
