binom	1	0	0.2	0.17167	0.500062
binom	1	0.01	0.2	0.17479	0.501789
binom	1	0.02	0.2	0.16988	0.50397
binom	1	0.03	0.2	0.17114	0.505634
binom	1	0.05	0.2	0.17204	0.509716
binom	1	0.07	0.2	0.17359	0.514445
binom	1	0.08	0.2	0.16811	0.516697
binom	1	0.1	0.2	0.17125	0.521101
binom	1	0.2	0.2	0.16601	0.542508
binom	1	0.3	0.2	0.16209	0.564043
binom	1	0.4	0.2	0.1561	0.586248
binom	1	0.5	0.2	0.14486	0.609254
binom	1	0.6	0.2	0.13836	0.634807
binom	1	0.7	0.2	0.12684	0.659992
binom	1	0.8	0.2	0.1155	0.686091
binom	1	0.9	0.2	0.10463	0.714661
