binom	1	0	0.2	0.16459	0.500216
binom	1	0.01	0.2	0.16296	0.500755
binom	1	0.02	0.2	0.16778	0.500066
binom	1	0.03	0.2	0.16445	0.500739
binom	1	0.05	0.2	0.16371	0.50166
binom	1	0.07	0.2	0.16409	0.502057
binom	1	0.08	0.2	0.1631	0.502208
binom	1	0.1	0.2	0.16337	0.502579
binom	1	0.2	0.2	0.16099	0.506353
binom	1	0.3	0.2	0.15697	0.508373
binom	1	0.4	0.2	0.14939	0.511961
binom	1	0.5	0.2	0.146	0.513986
binom	1	0.6	0.2	0.13598	0.51745
binom	1	0.7	0.2	0.12761	0.519956
binom	1	0.8	0.2	0.11712	0.522364
binom	1	0.9	0.2	0.10925	0.52466
