binom	1	0	0.2	0.1688	0.500001
binom	1	0.01	0.2	0.16725	0.501245
binom	1	0.02	0.2	0.16377	0.502068
binom	1	0.03	0.2	0.16725	0.502673
binom	1	0.05	0.2	0.16458	0.505517
binom	1	0.07	0.2	0.16646	0.508338
binom	1	0.08	0.2	0.1686	0.509482
binom	1	0.1	0.2	0.16694	0.511956
binom	1	0.2	0.2	0.16188	0.522937
binom	1	0.3	0.2	0.15811	0.535632
binom	1	0.4	0.2	0.15281	0.547003
binom	1	0.5	0.2	0.14314	0.558969
binom	1	0.6	0.2	0.13516	0.57145
binom	1	0.7	0.2	0.12661	0.584536
binom	1	0.8	0.2	0.11758	0.597863
binom	1	0.9	0.2	0.10724	0.611074
