binom	1	0	0.2	0.16924	0.50064
binom	1	0.01	0.2	0.16729	0.501213
binom	1	0.02	0.2	0.17017	0.502393
binom	1	0.03	0.2	0.16869	0.503037
binom	1	0.05	0.2	0.16835	0.505047
binom	1	0.07	0.2	0.16881	0.506882
binom	1	0.08	0.2	0.16788	0.508449
binom	1	0.1	0.2	0.16625	0.511429
binom	1	0.2	0.2	0.1623	0.520579
binom	1	0.3	0.2	0.15844	0.532008
binom	1	0.4	0.2	0.1559	0.542677
binom	1	0.5	0.2	0.14463	0.554135
binom	1	0.6	0.2	0.13676	0.564763
binom	1	0.7	0.2	0.12593	0.577161
binom	1	0.8	0.2	0.11905	0.588886
binom	1	0.9	0.2	0.10839	0.600665
