binom	1	0	0.2	0.19265	0.499754
binom	1	0.01	0.2	0.19082	0.501967
binom	1	0.02	0.2	0.19351	0.503146
binom	1	0.03	0.2	0.19365	0.505563
binom	1	0.05	0.2	0.19258	0.508677
binom	1	0.07	0.2	0.19462	0.511685
binom	1	0.08	0.2	0.19482	0.51298
binom	1	0.1	0.2	0.18989	0.516555
binom	1	0.2	0.2	0.18864	0.53314
binom	1	0.3	0.2	0.18176	0.549941
binom	1	0.4	0.2	0.17746	0.566869
binom	1	0.5	0.2	0.16976	0.58466
binom	1	0.6	0.2	0.16082	0.601597
binom	1	0.7	0.2	0.14711	0.619798
binom	1	0.8	0.2	0.14083	0.639533
binom	1	0.9	0.2	0.12873	0.658463
