binom	1	0	0.2	0.16479	0.499391
binom	1	0.01	0.2	0.16384	0.501656
binom	1	0.02	0.2	0.16583	0.503549
binom	1	0.03	0.2	0.16463	0.505809
binom	1	0.05	0.2	0.16723	0.509454
binom	1	0.07	0.2	0.16665	0.513679
binom	1	0.08	0.2	0.16449	0.515859
binom	1	0.1	0.2	0.16554	0.520073
binom	1	0.2	0.2	0.16096	0.538491
binom	1	0.3	0.2	0.15774	0.558199
binom	1	0.4	0.2	0.15096	0.577711
binom	1	0.5	0.2	0.14342	0.599055
binom	1	0.6	0.2	0.135	0.618203
binom	1	0.7	0.2	0.12639	0.639757
binom	1	0.8	0.2	0.11778	0.661693
binom	1	0.9	0.2	0.10672	0.683353
