0 9
9 62
9 34
9 35
9 36
1 84
1 88
1 2
1 81
1 43
1 65
1 8
1 54
1 95
54 38
54 74
54 60
54 55
54 52
54 84
54 65
54 43
40 84
40 78
40 88
40 43
40 12
84 43
84 8
43 50
43 80
43 8
43 37
43 88
88 10
88 57
88 81
88 59
88 32
88 41
88 94
88 63
91 97
91 37
91 39
91 55
91 7
91 13
91 69
91 32
91 72
91 2
91 79
65 66
65 2
65 95
95 66
95 34
95 63
8 62
8 80
8 18
8 24
8 13
8 23
2 57
2 16
2 81
2 92
2 10
2 29
41 86
41 13
41 46
41 10
41 67
41 15
41 29
5 81
5 22
5 29
5 60
5 16
5 49
5 78
5 99
5 44
5 17
81 29
81 46
81 86
81 67
81 16
81 31
81 6
81 47
92 32
92 24
92 31
92 10
92 7
92 57
46 99
46 77
46 83
46 87
46 19
46 60
46 56
46 47
10 45
10 29
10 86
10 26
10 58
57 66
57 11
57 3
57 99
3 93
3 71
67 18
67 75
72 86
72 19
72 76
72 74
31 82
4 59
4 93
93 71
93 61
93 63
93 15
93 58
21 71
21 75
21 20
21 59
21 60
86 75
86 74
86 36
86 32
86 16
86 28
86 29
86 98
86 33
99 82
99 85
99 78
99 66
99 24
99 55
29 70
15 56
15 77
15 70
15 50
15 85
15 53
15 20
15 58
15 27
6 27
6 94
6 59
27 49
77 75
7 71
18 66
18 34
52 16
52 37
52 24
52 87
26 44
38 11
38 70
38 64
38 36
38 74
38 94
38 20
36 11
36 74
36 13
36 47
36 39
36 94
74 11
74 70
74 42
74 30
62 78
62 42
62 71
34 85
34 19
22 32
22 75
22 70
35 83
11 42
11 70
11 49
11 58
42 70
42 28
42 37
42 47
42 87
61 75
61 70
61 13
61 20
61 17
61 28
61 76
61 48
70 44
70 73
59 33
59 48
59 76
59 51
59 96
12 68
12 30
12 64
23 20
30 75
30 48
68 19
68 75
68 87
68 82
13 48
20 87
20 14
48 25
48 73
48 90
48 50
48 64
76 82
76 85
76 44
76 71
14 17
14 85
14 87
14 47
14 19
14 49
14 82
17 82
17 63
71 90
71 98
71 73
71 79
47 75
47 82
47 25
19 97
19 25
82 97
82 85
82 45
85 24
85 51
85 97
16 44
87 96
87 37
28 24
28 64
24 33
37 80
37 64
75 96
33 89
96 89
25 83
49 32
49 66
51 45
51 64
83 45
32 63
66 63
66 39
63 69
64 90
