0 86
9 74
9 40
9 82
9 10
9 47
1 68
1 31
1 77
1 29
1 13
1 38
1 45
1 37
1 44
54 29
54 76
54 44
54 21
54 72
54 94
54 42
54 79
54 33
40 75
40 85
40 11
40 64
84 71
84 99
84 8
84 38
84 36
43 24
43 49
43 47
43 34
43 41
43 14
43 13
43 73
43 92
88 6
88 12
88 30
88 79
88 57
88 39
88 53
88 17
88 52
88 35
88 90
91 23
91 73
91 22
91 74
91 57
91 31
91 14
91 55
91 89
91 51
91 45
65 17
65 49
65 29
65 92
65 48
95 8
95 61
95 29
95 75
95 62
8 24
8 67
8 18
8 36
8 66
8 58
8 20
2 64
2 83
2 44
2 22
2 68
2 32
2 49
2 66
2 87
41 80
41 78
41 46
41 74
41 27
41 6
41 93
5 18
5 62
5 34
5 78
5 45
5 85
5 93
5 94
5 66
5 30
81 52
81 26
81 12
81 30
81 69
81 7
81 3
81 73
81 31
81 67
81 94
81 4
92 38
92 50
92 42
92 87
92 15
46 35
46 56
46 94
46 89
46 60
46 26
46 14
46 90
46 83
10 87
10 72
10 59
10 25
10 18
10 93
10 29
10 17
57 71
57 93
57 87
57 19
57 48
3 61
3 86
67 70
67 36
72 66
72 86
72 74
4 82
93 71
93 13
93 63
21 76
21 75
21 32
21 15
86 33
86 98
86 80
86 56
86 39
86 7
86 50
86 29
86 51
86 30
99 14
99 78
99 85
99 96
99 34
99 47
99 76
99 25
29 38
15 37
15 39
15 58
15 62
15 45
15 28
15 50
15 23
15 52
6 59
6 82
55 70
55 82
27 85
27 76
77 70
77 48
7 59
18 85
52 87
52 74
60 85
60 11
60 36
38 33
38 64
38 13
38 19
36 51
36 33
36 32
36 20
36 83
74 97
74 51
74 49
74 28
62 61
62 63
34 47
34 11
22 32
22 75
11 75
11 32
11 63
11 24
11 42
42 16
42 64
42 68
42 87
42 76
58 85
58 19
61 76
61 28
61 85
61 68
61 16
61 63
70 20
70 25
70 16
70 12
70 44
70 37
70 28
59 76
59 96
59 32
59 78
59 19
59 37
12 82
68 82
13 24
13 48
20 28
20 75
20 47
20 14
48 49
48 16
48 19
48 83
48 47
14 64
14 63
14 97
17 82
17 19
71 90
71 64
71 24
71 37
71 97
71 98
71 63
47 49
47 87
19 37
82 96
82 80
82 24
85 24
16 75
16 96
87 44
37 66
97 75
75 25
75 66
32 69
66 63
66 64
