0 55
0 19
0 49
0 7
0 21
0 75
0 46
0 37
0 1
0 52
0 25
0 91
0 32
0 62
0 3
0 26
0 83
0 33
0 27
0 18
0 48
0 76
0 31
0 57
0 59
0 74
0 92
0 64
0 85
0 20
0 89
0 71
0 43
0 93
0 61
0 82
0 39
0 9
0 78
0 15
0 14
0 2
0 4
0 87
0 88
0 30
55 3
55 9
55 15
55 18
55 19
55 28
55 31
55 32
55 33
55 35
55 42
55 45
55 48
55 49
55 51
55 72
55 75
55 89
55 62
55 74
55 81
55 97
55 69
55 71
55 82
55 58
55 65
55 76
55 38
55 73
55 20
55 22
55 47
55 27
55 78
55 94
55 12
55 44
55 70
55 96
55 92
55 7
55 57
55 37
55 85
55 61
55 67
55 68
28 21
28 25
28 26
28 64
28 62
28 74
28 42
28 89
28 33
28 56
28 78
28 49
28 37
28 83
28 31
28 72
28 71
28 47
28 61
28 51
28 79
28 40
28 88
28 73
28 94
28 3
28 2
28 45
28 7
28 97
28 57
28 59
28 43
28 76
28 30
28 86
28 13
28 4
28 95
28 23
28 91
28 24
19 4
19 9
19 18
19 91
19 20
19 43
19 51
19 45
19 59
19 33
19 89
19 68
19 82
19 34
19 37
19 54
19 75
19 15
19 16
19 1
19 76
19 74
19 99
19 27
19 42
19 81
19 95
19 71
19 52
19 65
19 29
19 69
19 35
19 96
19 50
19 14
19 79
19 67
19 61
19 7
73 7
73 12
73 18
73 26
73 42
73 49
73 71
73 72
73 14
73 65
73 59
73 54
73 91
73 3
73 45
73 47
73 89
73 5
73 41
73 56
73 94
73 75
73 52
73 60
73 51
73 97
73 96
73 82
73 10
73 24
73 50
64 25
64 26
64 46
64 98
64 97
64 82
64 89
64 81
64 67
64 85
64 99
64 52
64 77
64 76
64 58
64 56
64 71
64 61
64 21
64 15
64 32
64 34
64 48
64 51
64 94
64 72
64 86
64 66
64 31
64 17
64 62
64 68
71 7
71 21
71 24
71 27
71 30
71 46
71 52
71 58
71 79
71 98
71 74
71 67
71 12
71 65
71 38
71 42
71 9
71 34
71 11
71 32
71 6
71 76
71 3
71 56
71 5
71 2
71 57
71 45
71 37
71 83
71 47
71 13
71 43
71 25
71 15
71 26
85 6
85 52
85 54
85 62
85 65
85 69
85 74
85 47
85 82
85 83
85 42
85 48
85 61
85 23
85 13
85 58
85 3
85 56
85 93
85 30
85 50
85 25
85 41
85 21
85 10
85 9
85 70
85 1
85 87
85 51
35 1
35 7
35 24
35 25
35 27
35 33
35 58
35 72
35 37
35 49
35 45
35 62
35 81
35 57
35 46
35 67
35 96
35 92
35 26
35 9
35 99
35 20
35 31
35 60
35 18
35 89
35 76
35 63
35 43
35 11
35 4
35 68
35 16
35 54
35 94
35 86
35 23
58 21
58 26
58 33
58 37
58 42
58 45
58 46
58 48
58 52
58 56
58 94
58 97
58 83
58 61
58 67
58 59
58 47
58 54
58 23
58 50
58 91
58 27
58 75
58 15
58 29
58 12
58 81
58 87
58 44
58 25
58 31
58 30
58 78
49 1
49 15
49 25
49 26
49 33
49 34
49 46
49 48
49 51
49 94
49 62
49 83
49 89
49 82
49 75
49 97
49 60
49 5
49 59
49 38
49 20
49 87
49 53
49 98
49 81
49 11
49 54
49 27
49 4
49 42
49 57
49 24
49 56
49 43
49 52
49 17
49 86
49 88
49 84
49 7
49 44
74 21
74 61
74 62
74 81
74 78
74 99
74 67
74 30
74 15
74 69
74 86
74 40
74 42
74 46
74 32
74 91
74 89
74 98
74 65
74 43
74 7
74 75
74 18
74 9
74 29
45 24
45 26
45 27
45 31
45 46
45 83
45 98
45 50
45 69
45 79
45 91
45 65
45 95
45 22
45 61
45 62
45 37
45 67
45 52
45 59
45 94
45 4
45 30
45 70
45 2
45 92
45 40
45 72
45 99
45 88
45 23
45 76
45 86
9 65
9 21
9 83
9 62
9 47
9 89
9 2
9 82
9 26
9 54
9 1
9 78
9 99
9 92
9 37
9 91
9 5
9 75
9 12
9 46
9 23
9 70
9 3
9 7
7 25
7 97
7 24
7 26
7 56
7 21
7 48
7 51
7 99
7 87
7 98
7 82
7 34
7 15
7 46
7 54
7 12
7 32
7 77
7 69
7 23
7 2
7 42
7 89
21 48
21 75
21 27
21 62
21 91
21 34
21 79
21 31
21 33
21 51
21 78
21 32
21 68
21 3
21 95
21 99
21 11
21 96
21 26
21 72
21 70
21 52
21 86
21 29
21 80
21 16
21 81
21 57
21 20
21 76
21 61
21 38
21 69
21 56
21 97
21 13
21 12
21 47
21 17
21 46
21 98
21 41
75 1
75 18
75 32
75 43
75 52
75 61
75 69
75 82
75 80
75 68
75 38
75 20
75 4
75 70
75 65
75 33
75 79
75 46
75 14
75 42
75 60
75 27
75 54
75 3
75 11
75 72
75 6
75 2
75 97
89 23
89 32
89 33
89 47
89 59
89 68
89 69
89 83
89 87
89 92
89 27
89 2
89 50
89 81
89 93
89 8
89 30
89 14
89 82
89 48
89 80
89 42
89 15
89 18
89 16
46 16
46 25
46 26
46 31
46 34
46 42
46 79
46 48
46 94
46 82
46 39
46 96
46 69
46 51
46 44
46 33
46 86
46 97
46 24
46 59
46 30
46 2
46 47
37 18
37 26
37 31
37 34
37 56
37 52
37 61
37 47
37 60
37 72
37 83
37 78
37 98
37 48
37 95
37 87
37 20
37 25
37 76
37 67
37 99
37 94
37 16
37 17
37 77
37 24
37 62
37 68
37 3
37 63
37 90
51 29
51 33
51 34
51 42
51 48
51 70
51 52
51 67
51 60
51 94
51 62
51 82
51 98
51 96
51 61
51 41
51 78
51 10
51 20
51 16
51 95
51 25
51 92
51 3
51 81
51 14
51 79
51 99
51 38
51 57
51 50
51 68
51 30
51 15
51 24
51 47
1 33
1 31
1 57
1 23
1 29
1 94
1 48
1 27
1 62
1 26
1 91
1 18
1 72
1 34
1 79
1 93
1 30
1 66
1 81
1 10
1 98
1 6
1 99
1 5
1 76
1 61
1 38
1 52
1 16
1 41
1 17
1 83
1 70
1 82
1 24
1 59
1 20
1 15
31 20
31 42
31 72
31 97
31 57
31 56
31 33
31 94
31 98
31 70
31 79
31 52
31 60
31 5
31 91
31 27
31 63
31 30
31 80
31 16
31 54
31 29
31 77
31 36
31 82
31 23
31 43
31 67
31 14
31 81
31 6
81 2
81 3
81 32
81 62
81 78
81 91
81 98
81 68
81 65
81 4
81 72
81 48
81 18
81 50
81 34
81 99
81 97
81 83
81 63
81 77
47 17
47 25
47 32
47 82
47 83
47 16
47 79
47 43
47 86
47 91
47 50
47 92
47 54
47 98
47 23
47 95
47 97
47 77
47 56
47 3
47 66
61 52
61 91
61 99
61 69
61 50
61 66
61 72
61 92
61 43
61 82
61 15
61 96
61 83
61 78
61 2
61 26
61 56
61 18
61 25
52 23
52 34
52 42
52 48
52 83
52 62
52 82
52 15
52 43
52 5
52 38
52 17
52 54
52 12
52 76
52 94
52 86
52 67
52 41
52 80
52 95
52 6
52 18
52 13
52 99
52 70
52 87
52 10
25 83
25 82
25 62
25 36
25 77
25 15
25 26
25 65
25 78
25 2
25 92
25 17
25 69
25 60
25 42
25 68
25 18
25 20
25 97
97 12
97 17
97 26
97 42
97 48
97 83
97 94
97 33
97 14
97 87
97 29
97 24
97 50
97 76
97 30
97 18
97 92
97 96
97 98
97 70
97 66
97 6
23 14
23 62
23 68
23 98
23 2
23 4
23 65
23 8
23 22
23 36
23 67
23 95
23 92
23 99
23 57
23 82
23 43
23 3
23 33
23 87
23 48
23 29
23 59
23 79
23 78
23 60
23 96
68 2
68 95
68 26
68 83
68 82
68 62
68 78
68 14
68 98
68 43
68 18
68 32
68 76
68 99
68 34
68 42
68 30
68 50
91 2
91 14
91 15
91 33
91 34
91 48
91 54
91 62
91 72
91 82
91 92
91 42
91 12
91 78
91 11
91 67
91 86
91 99
91 6
91 65
91 96
91 36
91 56
91 60
91 32
91 93
82 18
82 27
82 34
82 56
82 62
82 78
82 79
82 3
82 24
82 12
82 14
82 2
82 90
82 54
82 30
82 94
82 60
82 69
82 57
82 48
82 39
82 50
82 26
82 16
32 18
32 83
32 33
32 26
32 27
32 56
32 76
32 62
32 34
32 57
32 48
32 72
32 94
32 14
32 50
32 54
32 2
32 92
62 3
62 14
62 43
62 65
62 72
62 78
62 99
62 22
62 67
62 44
62 76
62 92
62 69
62 56
62 29
62 54
62 13
62 2
62 79
62 41
62 50
62 11
3 14
3 83
3 33
3 48
3 63
3 86
3 18
3 87
3 44
3 92
3 34
3 26
3 95
3 78
3 41
3 65
3 12
3 10
3 24
3 29
3 16
26 12
26 60
26 98
26 72
26 33
26 48
26 56
26 78
26 27
26 65
26 92
26 86
26 41
26 94
26 18
26 14
78 72
78 83
78 33
78 96
78 14
78 43
78 94
78 76
78 59
78 95
78 69
78 6
78 16
78 66
83 18
83 33
83 34
83 48
83 56
83 60
83 96
83 29
83 30
83 65
83 20
83 99
83 95
83 86
83 12
83 24
83 72
83 44
83 59
83 94
83 14
83 38
83 98
42 24
42 34
42 94
42 79
42 56
42 98
42 60
42 14
42 36
42 10
42 6
42 76
42 27
42 38
42 99
42 69
42 29
33 18
33 27
33 41
33 34
33 79
33 48
33 98
33 54
33 94
33 10
33 59
33 70
33 24
33 80
33 29
33 5
33 99
33 93
33 43
33 92
33 90
33 57
33 50
33 77
33 87
56 27
56 34
56 98
56 72
56 6
56 69
56 20
56 15
56 24
56 80
56 65
56 30
56 77
56 18
56 84
56 59
56 96
27 24
27 94
27 60
27 57
27 87
27 70
27 34
27 6
27 50
27 38
27 48
27 2
27 54
27 93
18 48
18 34
18 43
18 24
18 95
18 36
18 99
18 57
18 87
18 60
18 12
18 38
18 5
18 79
18 59
18 72
18 13
72 12
72 34
72 48
72 94
72 98
72 67
72 36
72 65
72 66
72 2
72 76
72 92
72 54
72 69
72 16
72 14
72 50
72 20
72 63
34 15
34 48
34 79
34 98
34 2
34 50
34 88
34 40
34 44
34 20
34 30
34 69
34 43
34 94
34 14
34 90
34 24
34 12
48 15
48 24
48 50
48 70
48 98
48 94
48 57
48 41
48 30
48 66
48 14
48 92
48 60
48 86
48 10
48 67
48 16
48 95
48 29
48 13
48 17
2 36
2 67
2 50
2 4
2 79
15 67
15 4
15 41
15 43
15 65
15 5
15 77
15 94
15 79
15 44
15 50
15 87
15 59
15 80
15 92
43 92
43 87
43 54
43 96
43 60
43 22
43 44
43 41
43 95
43 20
43 88
65 96
65 76
65 14
65 4
65 39
65 5
65 44
65 11
65 30
65 99
65 54
69 67
69 5
69 14
69 92
69 16
69 22
69 79
69 54
17 29
17 79
87 59
87 41
87 77
87 50
4 96
4 95
4 54
4 84
20 67
20 10
20 60
20 79
20 93
20 16
20 8
20 22
20 14
20 98
20 94
20 54
20 24
76 67
76 96
76 44
76 54
79 93
79 70
79 29
79 5
79 60
79 30
79 41
79 94
79 39
79 92
50 29
50 60
50 41
59 67
59 22
59 57
59 60
92 10
92 77
92 70
67 98
67 11
67 93
67 77
67 29
41 70
41 84
41 40
41 6
54 77
54 24
54 60
54 14
24 94
24 16
24 30
24 93
24 66
24 57
24 99
24 60
24 98
30 94
30 16
30 70
60 70
60 98
60 94
60 57
60 29
60 16
94 98
98 29
98 77
98 39
98 14
5 40
5 80
6 13
6 16
6 10
14 38
99 86
13 40
16 57
29 44
57 66
57 70
86 36
70 93
70 80
10 80
