0 28
0 47
0 30
0 12
0 23
0 35
0 14
0 36
5 90
5 66
5 93
5 1
5 40
5 74
5 53
5 56
5 55
5 87
5 76
5 80
5 70
5 83
5 48
5 42
5 59
5 98
5 51
5 89
5 92
5 97
5 99
5 73
5 65
5 63
5 94
5 38
5 88
5 68
5 95
5 84
5 86
5 91
5 77
5 71
7 85
7 55
7 43
7 61
7 39
7 22
7 42
7 68
7 40
7 74
7 93
7 44
7 69
7 96
7 38
7 70
7 65
7 49
7 92
7 57
7 62
7 90
7 83
17 78
17 91
17 71
17 76
17 61
17 1
17 38
17 46
17 84
17 35
17 90
17 54
17 99
17 67
17 21
17 69
17 72
17 50
17 43
17 86
17 65
17 39
19 1
19 47
19 46
19 41
19 49
19 50
19 52
19 44
19 36
19 54
19 69
19 2
19 26
19 39
27 58
27 22
27 34
27 21
27 36
27 41
27 37
27 26
27 30
27 47
27 32
63 9
63 24
63 11
63 15
63 6
88 15
88 6
88 11
88 9
93 9
93 3
93 11
93 8
1 32
1 9
1 23
1 36
6 86
6 85
6 40
6 69
6 99
6 67
6 90
6 96
6 94
6 31
6 80
6 98
6 75
6 87
6 91
6 65
6 78
6 97
6 95
6 89
6 71
6 56
6 79
6 74
6 50
6 34
6 38
6 2
6 48
6 76
6 66
47 41
47 10
47 72
47 13
47 28
47 36
56 8
56 16
56 15
65 9
32 12
32 16
32 22
32 34
32 20
32 28
32 75
32 57
32 60
2 4
2 13
2 3
2 18
2 14
24 31
24 60
24 30
24 29
24 57
24 52
24 21
24 34
24 25
24 51
24 72
24 45
39 11
39 15
39 8
42 3
42 9
42 30
42 16
42 23
52 12
52 66
52 77
52 35
52 4
52 30
52 31
60 25
60 23
60 10
60 28
60 18
3 46
3 89
3 67
3 45
3 73
3 59
3 64
3 34
3 81
3 26
3 37
3 49
3 77
3 54
3 78
3 82
3 79
8 45
8 83
8 87
8 86
8 91
8 55
8 48
8 84
8 92
8 81
8 98
8 59
8 90
8 85
8 89
8 71
8 94
8 95
8 97
8 82
8 58
8 38
8 50
8 99
8 80
8 96
8 70
8 73
8 68
8 67
9 87
9 43
9 51
9 80
9 89
9 67
9 55
9 46
9 70
9 71
9 85
9 78
9 92
9 95
9 94
9 25
9 66
9 84
9 91
9 79
9 75
9 53
9 74
9 96
9 97
10 34
10 74
10 54
10 43
10 59
10 61
10 45
10 77
10 48
10 64
10 69
10 79
14 79
14 62
14 20
14 58
14 37
14 40
14 92
14 11
14 49
14 72
14 64
14 26
16 94
16 82
16 62
16 37
16 49
16 45
16 68
16 64
16 85
16 29
16 81
16 46
16 75
18 61
18 33
18 53
18 44
18 12
18 40
18 57
18 35
18 76
18 29
18 21
23 73
23 69
23 82
23 53
23 40
23 84
23 35
23 66
23 81
23 33
23 75
23 71
28 13
28 25
28 33
28 26
28 12
28 34
28 36
40 15
41 13
41 4
41 25
41 11
41 29
50 15
50 11
58 33
58 13
58 64
58 22
58 30
58 25
59 11
59 4
61 36
61 4
61 20
67 15
72 33
72 26
72 30
72 36
79 12
4 68
4 86
4 31
4 45
4 66
4 44
4 43
4 82
4 99
4 51
4 49
4 77
4 81
4 57
15 98
15 86
15 31
15 70
15 74
15 76
15 80
15 83
15 81
15 44
15 49
15 53
15 96
22 64
22 62
22 26
22 21
22 35
22 53
22 54
25 62
25 51
25 20
30 34
30 37
30 45
30 44
33 12
33 26
33 35
33 29
36 20
36 57
36 68
36 43
73 11
75 11
78 11
83 11
11 87
11 31
11 62
11 84
11 69
11 53
11 95
11 55
11 82
11 48
11 46
11 97
11 51
11 77
11 76
11 98
12 54
12 62
12 81
12 46
12 37
12 64
12 29
20 26
20 35
20 37
20 29
20 21
21 29
21 34
29 35
29 66
43 13
54 13
13 57
13 44
13 64
13 31
34 77
37 57
