0 11
0 59
0 36
0 62
0 94
0 37
0 12
1 33
1 30
1 48
1 44
1 98
1 99
1 76
1 22
1 67
97 20
97 8
97 56
97 68
97 42
77 88
77 27
77 54
77 81
77 58
77 99
25 29
25 98
25 94
25 73
25 36
25 67
25 23
25 4
54 12
54 32
54 55
54 18
78 52
78 55
78 68
78 67
78 74
78 94
74 42
74 26
74 16
3 36
3 5
3 32
3 51
3 33
3 57
3 26
99 16
99 62
99 22
99 12
99 68
99 67
4 13
4 67
4 5
4 6
4 39
4 45
4 32
29 30
29 16
29 38
29 63
29 91
55 41
55 70
55 94
55 85
67 64
67 40
67 28
67 76
67 48
88 37
88 38
88 98
88 48
88 90
88 51
88 30
2 47
2 96
2 63
2 38
64 16
64 63
64 43
64 28
64 98
64 73
68 30
68 42
68 9
68 51
36 45
36 44
36 40
36 98
98 94
98 33
98 81
5 83
5 85
5 87
5 28
32 71
32 51
32 53
32 40
37 21
37 44
37 49
37 47
57 66
57 20
57 9
6 95
6 10
6 76
6 79
6 28
6 44
72 46
72 75
72 94
72 22
72 71
45 86
45 66
45 10
45 30
45 13
14 8
14 33
14 92
14 86
47 75
47 15
47 48
47 60
47 51
71 51
71 13
71 80
71 35
85 66
85 10
85 91
93 49
93 53
93 95
93 73
93 61
93 65
9 83
9 46
9 61
76 12
76 39
76 22
76 62
76 60
44 62
44 22
44 48
44 15
95 66
95 19
95 49
95 33
95 30
7 82
7 17
7 24
7 61
22 28
22 23
22 60
22 33
63 30
63 35
63 60
63 58
24 33
24 60
24 17
24 81
8 35
8 19
10 27
10 20
10 28
10 80
19 69
19 41
19 83
28 61
28 62
70 80
70 46
70 59
70 27
94 38
11 69
11 83
11 82
13 16
13 52
13 49
13 83
38 60
65 79
65 15
65 35
65 52
12 41
12 59
48 61
48 62
48 40
60 30
60 79
31 75
31 84
31 17
31 23
31 20
26 34
26 92
26 15
26 33
41 33
41 18
16 49
16 58
89 91
89 96
89 50
89 53
69 90
69 80
82 34
82 21
86 58
15 53
15 59
66 17
51 30
58 39
58 30
81 34
81 87
17 39
20 39
20 56
53 62
53 50
18 96
18 34
21 52
21 90
21 56
30 35
56 75
56 40
56 46
43 80
43 62
43 23
43 40
90 73
90 52
90 39
84 92
84 59
84 87
23 92
23 75
34 50
91 27
33 61
33 40
61 62
27 87
35 79
79 96
40 42
73 62
73 75
42 49
46 50
