binom	1	0	0.25	0.22204	0.499872
binom	1	0.01	0.25	0.22237	0.500871
binom	1	0.02	0.25	0.22392	0.502042
binom	1	0.03	0.25	0.22463	0.502815
binom	1	0.05	0.25	0.22087	0.504787
binom	1	0.07	0.25	0.22213	0.506846
binom	1	0.08	0.25	0.22169	0.507143
binom	1	0.1	0.25	0.2208	0.509883
binom	1	0.2	0.25	0.21933	0.519144
binom	1	0.3	0.25	0.21247	0.52873
binom	1	0.4	0.25	0.20606	0.538297
binom	1	0.5	0.25	0.19676	0.54806
binom	1	0.6	0.25	0.18884	0.557578
binom	1	0.7	0.25	0.17746	0.568056
binom	1	0.8	0.25	0.16461	0.577911
binom	1	0.9	0.25	0.15339	0.58907
