binom	1	0	0.25	0.22645	0.500258
binom	1	0.01	0.25	0.22824	0.500959
binom	1	0.02	0.25	0.22549	0.502137
binom	1	0.03	0.25	0.22519	0.502857
binom	1	0.05	0.25	0.22624	0.505636
binom	1	0.07	0.25	0.22645	0.507063
binom	1	0.08	0.25	0.22709	0.507563
binom	1	0.1	0.25	0.225	0.509072
binom	1	0.2	0.25	0.22242	0.519435
binom	1	0.3	0.25	0.21834	0.528872
binom	1	0.4	0.25	0.21041	0.538731
binom	1	0.5	0.25	0.20093	0.549288
binom	1	0.6	0.25	0.19223	0.559067
binom	1	0.7	0.25	0.17881	0.56956
binom	1	0.8	0.25	0.16907	0.580408
binom	1	0.9	0.25	0.1561	0.592395
