binom	1	0	0.25	0.21868	0.499954
binom	1	0.01	0.25	0.21906	0.500632
binom	1	0.02	0.25	0.21944	0.502114
binom	1	0.03	0.25	0.21945	0.503132
binom	1	0.05	0.25	0.22031	0.505202
binom	1	0.07	0.25	0.21769	0.507088
binom	1	0.08	0.25	0.21731	0.5079
binom	1	0.1	0.25	0.21966	0.510924
binom	1	0.2	0.25	0.21565	0.520475
binom	1	0.3	0.25	0.20678	0.531443
binom	1	0.4	0.25	0.20285	0.542228
binom	1	0.5	0.25	0.19396	0.552816
binom	1	0.6	0.25	0.18323	0.563752
binom	1	0.7	0.25	0.17679	0.575616
binom	1	0.8	0.25	0.16432	0.587807
binom	1	0.9	0.25	0.14979	0.59961
