binom	1	0	0.25	0.22055	0.500428
binom	1	0.01	0.25	0.21878	0.50087
binom	1	0.02	0.25	0.22107	0.5021
binom	1	0.03	0.25	0.21921	0.503237
binom	1	0.05	0.25	0.21935	0.504995
binom	1	0.07	0.25	0.22054	0.506958
binom	1	0.08	0.25	0.21776	0.507872
binom	1	0.1	0.25	0.21773	0.510402
binom	1	0.2	0.25	0.21496	0.5195
binom	1	0.3	0.25	0.21017	0.529461
binom	1	0.4	0.25	0.20218	0.540004
binom	1	0.5	0.25	0.19478	0.550842
binom	1	0.6	0.25	0.18354	0.560607
binom	1	0.7	0.25	0.17226	0.572271
binom	1	0.8	0.25	0.16296	0.583357
binom	1	0.9	0.25	0.15091	0.594984
