binom	1	0	0.25	0.22634	0.499552
binom	1	0.01	0.25	0.22811	0.501298
binom	1	0.02	0.25	0.22533	0.503318
binom	1	0.03	0.25	0.22548	0.503714
binom	1	0.05	0.25	0.22352	0.506603
binom	1	0.07	0.25	0.22452	0.509902
binom	1	0.08	0.25	0.22449	0.51152
binom	1	0.1	0.25	0.22433	0.514421
binom	1	0.2	0.25	0.21915	0.527844
binom	1	0.3	0.25	0.21415	0.541558
binom	1	0.4	0.25	0.21092	0.555602
binom	1	0.5	0.25	0.20107	0.570366
binom	1	0.6	0.25	0.18937	0.584433
binom	1	0.7	0.25	0.17821	0.601023
binom	1	0.8	0.25	0.16733	0.616333
binom	1	0.9	0.25	0.15533	0.633525
