binom	1	0	0.2	0.17035	0.49998
binom	1	0.01	0.2	0.16986	0.500575
binom	1	0.02	0.2	0.16926	0.501003
binom	1	0.03	0.2	0.16968	0.501447
binom	1	0.05	0.2	0.16803	0.503061
binom	1	0.07	0.2	0.16702	0.504117
binom	1	0.08	0.2	0.16786	0.505147
binom	1	0.1	0.2	0.16756	0.50608
binom	1	0.2	0.2	0.16365	0.512457
binom	1	0.3	0.2	0.16126	0.517038
binom	1	0.4	0.2	0.15415	0.523373
binom	1	0.5	0.2	0.14992	0.528904
binom	1	0.6	0.2	0.13813	0.535868
binom	1	0.7	0.2	0.12943	0.541735
binom	1	0.8	0.2	0.12014	0.54891
binom	1	0.9	0.2	0.11153	0.554179
