binom	1	0	0.2	0.18627	0.500181
binom	1	0.01	0.2	0.18612	0.500398
binom	1	0.02	0.2	0.18565	0.501948
binom	1	0.03	0.2	0.18594	0.504049
binom	1	0.05	0.2	0.18433	0.50503
binom	1	0.07	0.2	0.18548	0.507942
binom	1	0.08	0.2	0.18449	0.508253
binom	1	0.1	0.2	0.18232	0.510137
binom	1	0.2	0.2	0.18251	0.521167
binom	1	0.3	0.2	0.17626	0.532278
binom	1	0.4	0.2	0.17025	0.54251
binom	1	0.5	0.2	0.16648	0.553831
binom	1	0.6	0.2	0.15211	0.564696
binom	1	0.7	0.2	0.14407	0.576938
binom	1	0.8	0.2	0.1354	0.588715
binom	1	0.9	0.2	0.12438	0.601081
