binom	1	0	0.2	0.17314	0.499687
binom	1	0.01	0.2	0.17364	0.500499
binom	1	0.02	0.2	0.17318	0.501456
binom	1	0.03	0.2	0.17238	0.501444
binom	1	0.05	0.2	0.171	0.50334
binom	1	0.07	0.2	0.17276	0.504084
binom	1	0.08	0.2	0.17358	0.504613
binom	1	0.1	0.2	0.17206	0.505702
binom	1	0.2	0.2	0.16991	0.511581
binom	1	0.3	0.2	0.16405	0.516715
binom	1	0.4	0.2	0.1577	0.522306
binom	1	0.5	0.2	0.14924	0.528301
binom	1	0.6	0.2	0.14228	0.534519
binom	1	0.7	0.2	0.13404	0.540058
binom	1	0.8	0.2	0.12372	0.546842
binom	1	0.9	0.2	0.11271	0.553551
