binom	1	0	0.2	0.17291	0.500501
binom	1	0.01	0.2	0.1713	0.501265
binom	1	0.02	0.2	0.17438	0.501024
binom	1	0.03	0.2	0.17574	0.501737
binom	1	0.05	0.2	0.17358	0.502897
binom	1	0.07	0.2	0.17506	0.503844
binom	1	0.08	0.2	0.17459	0.503858
binom	1	0.1	0.2	0.17355	0.505346
binom	1	0.2	0.2	0.172	0.511189
binom	1	0.3	0.2	0.16532	0.517343
binom	1	0.4	0.2	0.15904	0.522344
binom	1	0.5	0.2	0.15159	0.528415
binom	1	0.6	0.2	0.14535	0.533682
binom	1	0.7	0.2	0.13397	0.540446
binom	1	0.8	0.2	0.12356	0.545786
binom	1	0.9	0.2	0.11513	0.552542
