binom	1	0	0.2	0.17397	0.500072
binom	1	0.01	0.2	0.17377	0.500981
binom	1	0.02	0.2	0.17283	0.501311
binom	1	0.03	0.2	0.17288	0.501864
binom	1	0.05	0.2	0.17204	0.50223
binom	1	0.07	0.2	0.17352	0.503707
binom	1	0.08	0.2	0.1724	0.504147
binom	1	0.1	0.2	0.1708	0.505724
binom	1	0.2	0.2	0.17101	0.510858
binom	1	0.3	0.2	0.16596	0.516312
binom	1	0.4	0.2	0.1591	0.522062
binom	1	0.5	0.2	0.15327	0.527424
binom	1	0.6	0.2	0.14378	0.533394
binom	1	0.7	0.2	0.1358	0.539427
binom	1	0.8	0.2	0.12488	0.545106
binom	1	0.9	0.2	0.11478	0.55048
