binom	1	0	0.2	0.17366	0.50031
binom	1	0.01	0.2	0.17234	0.501138
binom	1	0.02	0.2	0.17114	0.500775
binom	1	0.03	0.2	0.17213	0.502134
binom	1	0.05	0.2	0.17164	0.502459
binom	1	0.07	0.2	0.17402	0.504644
binom	1	0.08	0.2	0.17131	0.504126
binom	1	0.1	0.2	0.17234	0.505552
binom	1	0.2	0.2	0.16952	0.511143
binom	1	0.3	0.2	0.16397	0.516305
binom	1	0.4	0.2	0.15659	0.522145
binom	1	0.5	0.2	0.15031	0.527595
binom	1	0.6	0.2	0.14219	0.533335
binom	1	0.7	0.2	0.1328	0.538692
binom	1	0.8	0.2	0.12358	0.545066
binom	1	0.9	0.2	0.11307	0.550284
