binom	1	0	0.2	0.16572	0.500161
binom	1	0.01	0.2	0.16514	0.502502
binom	1	0.02	0.2	0.16513	0.504469
binom	1	0.03	0.2	0.16541	0.507574
binom	1	0.05	0.2	0.16696	0.512666
binom	1	0.07	0.2	0.16497	0.517758
binom	1	0.08	0.2	0.16544	0.520239
binom	1	0.1	0.2	0.16364	0.525512
binom	1	0.2	0.2	0.16133	0.550243
binom	1	0.3	0.2	0.15578	0.576967
binom	1	0.4	0.2	0.15083	0.603993
binom	1	0.5	0.2	0.14169	0.631853
binom	1	0.6	0.2	0.13082	0.661302
binom	1	0.7	0.2	0.12261	0.692933
binom	1	0.8	0.2	0.11267	0.724767
binom	1	0.9	0.2	0.10341	0.758554
