binom	1	0	0.2	0.17517	0.499363
binom	1	0.01	0.2	0.17593	0.501665
binom	1	0.02	0.2	0.17346	0.502835
binom	1	0.03	0.2	0.17253	0.504664
binom	1	0.05	0.2	0.17396	0.507322
binom	1	0.07	0.2	0.17375	0.50968
binom	1	0.08	0.2	0.17385	0.510999
binom	1	0.1	0.2	0.17243	0.514911
binom	1	0.2	0.2	0.17143	0.52777
binom	1	0.3	0.2	0.16469	0.542608
binom	1	0.4	0.2	0.15715	0.557589
binom	1	0.5	0.2	0.15	0.572633
binom	1	0.6	0.2	0.14254	0.589983
binom	1	0.7	0.2	0.13133	0.605403
binom	1	0.8	0.2	0.12215	0.624309
binom	1	0.9	0.2	0.11134	0.643019
