binom	1	0	0.2	0.17203	0.499311
binom	1	0.01	0.2	0.17284	0.500019
binom	1	0.02	0.2	0.17319	0.501497
binom	1	0.03	0.2	0.17363	0.502542
binom	1	0.05	0.2	0.17358	0.505117
binom	1	0.07	0.2	0.17351	0.506272
binom	1	0.08	0.2	0.17352	0.50828
binom	1	0.1	0.2	0.17259	0.51063
binom	1	0.2	0.2	0.16983	0.520214
binom	1	0.3	0.2	0.1653	0.530635
binom	1	0.4	0.2	0.15929	0.54112
binom	1	0.5	0.2	0.1511	0.552675
binom	1	0.6	0.2	0.14207	0.563707
binom	1	0.7	0.2	0.13211	0.575663
binom	1	0.8	0.2	0.1259	0.587921
binom	1	0.9	0.2	0.11264	0.601797
