binom	1	0	0.2	0.25883	0.50005
binom	1	0.01	0.2	0.25455	0.500656
binom	1	0.02	0.2	0.25724	0.502537
binom	1	0.03	0.2	0.25697	0.503727
binom	1	0.05	0.2	0.25659	0.505578
binom	1	0.07	0.2	0.25753	0.508115
binom	1	0.08	0.2	0.25955	0.509193
binom	1	0.1	0.2	0.25734	0.511423
binom	1	0.2	0.2	0.25131	0.523569
binom	1	0.3	0.2	0.24755	0.534076
binom	1	0.4	0.2	0.2357	0.546292
binom	1	0.5	0.2	0.22741	0.558038
binom	1	0.6	0.2	0.21234	0.570276
binom	1	0.7	0.2	0.19925	0.582098
binom	1	0.8	0.2	0.18577	0.595567
binom	1	0.9	0.2	0.17293	0.609994
