binom	1	0	0.2	0.16476	0.50029
binom	1	0.01	0.2	0.16466	0.50042
binom	1	0.02	0.2	0.16573	0.5014
binom	1	0.03	0.2	0.16269	0.501451
binom	1	0.05	0.2	0.16557	0.502738
binom	1	0.07	0.2	0.1657	0.502952
binom	1	0.08	0.2	0.16404	0.504753
binom	1	0.1	0.2	0.16382	0.506276
binom	1	0.2	0.2	0.16258	0.511155
binom	1	0.3	0.2	0.15705	0.516173
binom	1	0.4	0.2	0.15044	0.52107
binom	1	0.5	0.2	0.14419	0.526769
binom	1	0.6	0.2	0.13619	0.531933
binom	1	0.7	0.2	0.12608	0.537283
binom	1	0.8	0.2	0.11597	0.542099
binom	1	0.9	0.2	0.10759	0.548007
