binom	1	0	0.2	0.16392	0.500572
binom	1	0.01	0.2	0.16592	0.499662
binom	1	0.02	0.2	0.16399	0.500857
binom	1	0.03	0.2	0.16506	0.501198
binom	1	0.05	0.2	0.16507	0.502166
binom	1	0.07	0.2	0.1619	0.502902
binom	1	0.08	0.2	0.16688	0.504487
binom	1	0.1	0.2	0.16327	0.50543
binom	1	0.2	0.2	0.16221	0.510186
binom	1	0.3	0.2	0.15665	0.515402
binom	1	0.4	0.2	0.15242	0.520548
binom	1	0.5	0.2	0.14365	0.5255
binom	1	0.6	0.2	0.13496	0.53029
binom	1	0.7	0.2	0.12709	0.535723
binom	1	0.8	0.2	0.11782	0.541159
binom	1	0.9	0.2	0.10936	0.54502
