binom	1	0	0.2	0.16367	0.499417
binom	1	0.01	0.2	0.16599	0.500511
binom	1	0.02	0.2	0.16478	0.500785
binom	1	0.03	0.2	0.16343	0.500955
binom	1	0.05	0.2	0.16431	0.501498
binom	1	0.07	0.2	0.16437	0.502152
binom	1	0.08	0.2	0.16615	0.502967
binom	1	0.1	0.2	0.16477	0.502588
binom	1	0.2	0.2	0.16201	0.506337
binom	1	0.3	0.2	0.15888	0.50871
binom	1	0.4	0.2	0.15161	0.51134
binom	1	0.5	0.2	0.1427	0.514678
binom	1	0.6	0.2	0.13704	0.517682
binom	1	0.7	0.2	0.12676	0.519662
binom	1	0.8	0.2	0.11797	0.522446
binom	1	0.9	0.2	0.10676	0.524986
