binom	1	0	0.2	0.16649	0.499643
binom	1	0.01	0.2	0.16562	0.500165
binom	1	0.02	0.2	0.16695	0.500681
binom	1	0.03	0.2	0.16712	0.500886
binom	1	0.05	0.2	0.16517	0.500687
binom	1	0.07	0.2	0.16672	0.501856
binom	1	0.08	0.2	0.16547	0.502162
binom	1	0.1	0.2	0.16451	0.503189
binom	1	0.2	0.2	0.16126	0.505314
binom	1	0.3	0.2	0.15859	0.50723
binom	1	0.4	0.2	0.15255	0.510933
binom	1	0.5	0.2	0.14516	0.513726
binom	1	0.6	0.2	0.1357	0.516446
binom	1	0.7	0.2	0.12644	0.517892
binom	1	0.8	0.2	0.11609	0.521646
binom	1	0.9	0.2	0.10826	0.523262
