binom	1	0	0.2	0.16474	0.499608
binom	1	0.01	0.2	0.16658	0.501109
binom	1	0.02	0.2	0.16446	0.502902
binom	1	0.03	0.2	0.16434	0.503925
binom	1	0.05	0.2	0.16629	0.506717
binom	1	0.07	0.2	0.16313	0.50985
binom	1	0.08	0.2	0.16438	0.510813
binom	1	0.1	0.2	0.16324	0.514195
binom	1	0.2	0.2	0.15783	0.527028
binom	1	0.3	0.2	0.15348	0.541613
binom	1	0.4	0.2	0.14932	0.55519
binom	1	0.5	0.2	0.14196	0.569205
binom	1	0.6	0.2	0.1322	0.58386
binom	1	0.7	0.2	0.12186	0.599303
binom	1	0.8	0.2	0.11385	0.615123
binom	1	0.9	0.2	0.10247	0.630314
