binom	1	0	0.2	0.16415	0.499391
binom	1	0.01	0.2	0.16363	0.501307
binom	1	0.02	0.2	0.16162	0.502678
binom	1	0.03	0.2	0.16244	0.504147
binom	1	0.05	0.2	0.16165	0.506959
binom	1	0.07	0.2	0.16351	0.51044
binom	1	0.08	0.2	0.16235	0.511006
binom	1	0.1	0.2	0.16345	0.514622
binom	1	0.2	0.2	0.15663	0.529173
binom	1	0.3	0.2	0.15354	0.543513
binom	1	0.4	0.2	0.14727	0.558038
binom	1	0.5	0.2	0.1403	0.573609
binom	1	0.6	0.2	0.13228	0.589461
binom	1	0.7	0.2	0.12385	0.604907
binom	1	0.8	0.2	0.11066	0.62211
binom	1	0.9	0.2	0.10363	0.639135
