binom	1	0	0.2	0.16024	0.499903
binom	1	0.01	0.2	0.16465	0.501251
binom	1	0.02	0.2	0.16411	0.50348
binom	1	0.03	0.2	0.16361	0.504154
binom	1	0.05	0.2	0.16621	0.50703
binom	1	0.07	0.2	0.1616	0.509685
binom	1	0.08	0.2	0.16203	0.511457
binom	1	0.1	0.2	0.16252	0.513815
binom	1	0.2	0.2	0.15952	0.528432
binom	1	0.3	0.2	0.15494	0.542748
binom	1	0.4	0.2	0.14753	0.557115
binom	1	0.5	0.2	0.13994	0.572626
binom	1	0.6	0.2	0.13053	0.587709
binom	1	0.7	0.2	0.12284	0.603173
binom	1	0.8	0.2	0.11151	0.619909
binom	1	0.9	0.2	0.09963	0.635747
