binom	1	0	0.2	0.16193	0.49993
binom	1	0.01	0.2	0.16319	0.501904
binom	1	0.02	0.2	0.16466	0.502222
binom	1	0.03	0.2	0.16358	0.503511
binom	1	0.05	0.2	0.16118	0.506293
binom	1	0.07	0.2	0.16162	0.507784
binom	1	0.08	0.2	0.16064	0.509261
binom	1	0.1	0.2	0.16317	0.51119
binom	1	0.2	0.2	0.15819	0.523965
binom	1	0.3	0.2	0.15568	0.53487
binom	1	0.4	0.2	0.14769	0.546176
binom	1	0.5	0.2	0.14164	0.558204
binom	1	0.6	0.2	0.13416	0.569719
binom	1	0.7	0.2	0.12197	0.583475
binom	1	0.8	0.2	0.11106	0.596831
binom	1	0.9	0.2	0.10545	0.610003
