binom	1	0	0.2	0.16425	0.500303
binom	1	0.01	0.2	0.16496	0.502192
binom	1	0.02	0.2	0.1669	0.503765
binom	1	0.03	0.2	0.16615	0.504588
binom	1	0.05	0.2	0.16529	0.508497
binom	1	0.07	0.2	0.1637	0.512884
binom	1	0.08	0.2	0.16341	0.514316
binom	1	0.1	0.2	0.16554	0.517183
binom	1	0.2	0.2	0.16239	0.536183
binom	1	0.3	0.2	0.15814	0.55344
binom	1	0.4	0.2	0.1507	0.571546
binom	1	0.5	0.2	0.14398	0.591049
binom	1	0.6	0.2	0.13643	0.609263
binom	1	0.7	0.2	0.12647	0.629696
binom	1	0.8	0.2	0.11732	0.650449
binom	1	0.9	0.2	0.10574	0.671711
