binom	1	0	0.2	0.16641	0.500934
binom	1	0.01	0.2	0.16739	0.501712
binom	1	0.02	0.2	0.16491	0.503399
binom	1	0.03	0.2	0.16328	0.504635
binom	1	0.05	0.2	0.16554	0.508876
binom	1	0.07	0.2	0.16462	0.511774
binom	1	0.08	0.2	0.16465	0.514188
binom	1	0.1	0.2	0.16505	0.517461
binom	1	0.2	0.2	0.16136	0.535495
binom	1	0.3	0.2	0.15991	0.554085
binom	1	0.4	0.2	0.14968	0.572812
binom	1	0.5	0.2	0.14407	0.591163
binom	1	0.6	0.2	0.13371	0.611053
binom	1	0.7	0.2	0.1268	0.630619
binom	1	0.8	0.2	0.11719	0.651354
binom	1	0.9	0.2	0.10944	0.67181
