binom	1	0	0.2	0.16507	0.500615
binom	1	0.01	0.2	0.16573	0.501933
binom	1	0.02	0.2	0.16689	0.504403
binom	1	0.03	0.2	0.16609	0.506245
binom	1	0.05	0.2	0.16587	0.508955
binom	1	0.07	0.2	0.16572	0.51352
binom	1	0.08	0.2	0.16523	0.515145
binom	1	0.1	0.2	0.16375	0.518839
binom	1	0.2	0.2	0.16341	0.537769
binom	1	0.3	0.2	0.15658	0.556494
binom	1	0.4	0.2	0.15227	0.575727
binom	1	0.5	0.2	0.14299	0.595391
binom	1	0.6	0.2	0.13306	0.614744
binom	1	0.7	0.2	0.12368	0.63466
binom	1	0.8	0.2	0.11314	0.654481
binom	1	0.9	0.2	0.10386	0.67503
