binom	1	0	0.2	0.16926	0.500246
binom	1	0.01	0.2	0.16738	0.501881
binom	1	0.02	0.2	0.16947	0.503939
binom	1	0.03	0.2	0.169	0.504833
binom	1	0.05	0.2	0.16875	0.507695
binom	1	0.07	0.2	0.1666	0.510705
binom	1	0.08	0.2	0.1688	0.513041
binom	1	0.1	0.2	0.1662	0.516397
binom	1	0.2	0.2	0.16499	0.531958
binom	1	0.3	0.2	0.15788	0.548426
binom	1	0.4	0.2	0.15323	0.564752
binom	1	0.5	0.2	0.14542	0.581281
binom	1	0.6	0.2	0.1349	0.598325
binom	1	0.7	0.2	0.12613	0.615626
binom	1	0.8	0.2	0.11486	0.633112
binom	1	0.9	0.2	0.10556	0.650123
