binom	1	0	0.15	0.14768	0.500483
binom	1	0.01	0.15	0.14911	0.500657
binom	1	0.02	0.15	0.14624	0.502309
binom	1	0.03	0.15	0.14833	0.502668
binom	1	0.05	0.15	0.14692	0.505357
binom	1	0.07	0.15	0.14709	0.507794
binom	1	0.08	0.15	0.14608	0.509327
binom	1	0.1	0.15	0.1452	0.511562
binom	1	0.2	0.15	0.14568	0.522383
binom	1	0.3	0.15	0.1393	0.533014
binom	1	0.4	0.15	0.13385	0.544765
binom	1	0.5	0.15	0.12588	0.556356
binom	1	0.6	0.15	0.11891	0.568618
binom	1	0.7	0.15	0.1094	0.580633
binom	1	0.8	0.15	0.10285	0.593138
binom	1	0.9	0.15	0.09422	0.605865
