binom	1	0	0.15	0.15129	0.500456
binom	1	0.01	0.15	0.14853	0.501411
binom	1	0.02	0.15	0.14829	0.502312
binom	1	0.03	0.15	0.14798	0.504065
binom	1	0.05	0.15	0.14575	0.505231
binom	1	0.07	0.15	0.1466	0.507585
binom	1	0.08	0.15	0.14653	0.508623
binom	1	0.1	0.15	0.14613	0.511198
binom	1	0.2	0.15	0.14482	0.52169
binom	1	0.3	0.15	0.13834	0.533133
binom	1	0.4	0.15	0.13423	0.543959
binom	1	0.5	0.15	0.12872	0.555904
binom	1	0.6	0.15	0.11795	0.567064
binom	1	0.7	0.15	0.10955	0.579611
binom	1	0.8	0.15	0.10093	0.590913
binom	1	0.9	0.15	0.09405	0.604198
