binom	1	0	0.15	0.1427	0.500823
binom	1	0.01	0.15	0.14316	0.500115
binom	1	0.02	0.15	0.14239	0.50335
binom	1	0.03	0.15	0.14265	0.503761
binom	1	0.05	0.15	0.14319	0.505715
binom	1	0.07	0.15	0.14189	0.508139
binom	1	0.08	0.15	0.14396	0.509141
binom	1	0.1	0.15	0.14393	0.511897
binom	1	0.2	0.15	0.13928	0.522953
binom	1	0.3	0.15	0.13572	0.535429
binom	1	0.4	0.15	0.1288	0.54672
binom	1	0.5	0.15	0.12296	0.559218
binom	1	0.6	0.15	0.11535	0.570911
binom	1	0.7	0.15	0.10686	0.584762
binom	1	0.8	0.15	0.09945	0.59714
binom	1	0.9	0.15	0.09225	0.611038
