binom	1	0	0.15	0.14569	0.499882
binom	1	0.01	0.15	0.14499	0.50103
binom	1	0.02	0.15	0.14527	0.50204
binom	1	0.03	0.15	0.14265	0.503607
binom	1	0.05	0.15	0.14514	0.505765
binom	1	0.07	0.15	0.14455	0.507615
binom	1	0.08	0.15	0.143	0.509566
binom	1	0.1	0.15	0.14419	0.511619
binom	1	0.2	0.15	0.14261	0.522081
binom	1	0.3	0.15	0.13593	0.533801
binom	1	0.4	0.15	0.13108	0.545098
binom	1	0.5	0.15	0.12409	0.55644
binom	1	0.6	0.15	0.11782	0.568093
binom	1	0.7	0.15	0.10883	0.58013
binom	1	0.8	0.15	0.09954	0.592649
binom	1	0.9	0.15	0.09165	0.605076
