binom	1	0	0.15	0.15818	0.499908
binom	1	0.01	0.15	0.15561	0.501552
binom	1	0.02	0.15	0.15732	0.503849
binom	1	0.03	0.15	0.15783	0.505028
binom	1	0.05	0.15	0.15736	0.508012
binom	1	0.07	0.15	0.15592	0.511993
binom	1	0.08	0.15	0.15602	0.513982
binom	1	0.1	0.15	0.15672	0.517852
binom	1	0.2	0.15	0.15264	0.534154
binom	1	0.3	0.15	0.14781	0.552204
binom	1	0.4	0.15	0.14023	0.569575
binom	1	0.5	0.15	0.13442	0.587858
binom	1	0.6	0.15	0.12647	0.605646
binom	1	0.7	0.15	0.11673	0.624053
binom	1	0.8	0.15	0.11015	0.643484
binom	1	0.9	0.15	0.09909	0.662883
