binom	1	0	0.15	0.1361	0.500025
binom	1	0.01	0.15	0.13796	0.500347
binom	1	0.02	0.15	0.13625	0.50153
binom	1	0.03	0.15	0.13812	0.501794
binom	1	0.05	0.15	0.13654	0.504252
binom	1	0.07	0.15	0.13692	0.505194
binom	1	0.08	0.15	0.13703	0.506136
binom	1	0.1	0.15	0.1375	0.507994
binom	1	0.2	0.15	0.13286	0.515404
binom	1	0.3	0.15	0.13062	0.523702
binom	1	0.4	0.15	0.12534	0.533151
binom	1	0.5	0.15	0.1181	0.540829
binom	1	0.6	0.15	0.11028	0.548589
binom	1	0.7	0.15	0.1015	0.556093
binom	1	0.8	0.15	0.09421	0.565029
binom	1	0.9	0.15	0.08795	0.574542
