binom	1	0	0.15	0.13791	0.499798
binom	1	0.01	0.15	0.13605	0.500579
binom	1	0.02	0.15	0.13861	0.501678
binom	1	0.03	0.15	0.13574	0.501928
binom	1	0.05	0.15	0.13837	0.503813
binom	1	0.07	0.15	0.13766	0.50513
binom	1	0.08	0.15	0.1378	0.506384
binom	1	0.1	0.15	0.13627	0.507431
binom	1	0.2	0.15	0.13532	0.515969
binom	1	0.3	0.15	0.13163	0.523212
binom	1	0.4	0.15	0.12603	0.530366
binom	1	0.5	0.15	0.11814	0.539069
binom	1	0.6	0.15	0.11353	0.546677
binom	1	0.7	0.15	0.10271	0.555245
binom	1	0.8	0.15	0.09682	0.564063
binom	1	0.9	0.15	0.08836	0.572671
