binom	1	0	0.15	0.13503	0.499546
binom	1	0.01	0.15	0.133	0.50077
binom	1	0.02	0.15	0.13591	0.501961
binom	1	0.03	0.15	0.13601	0.502244
binom	1	0.05	0.15	0.13291	0.50339
binom	1	0.07	0.15	0.13466	0.504525
binom	1	0.08	0.15	0.13576	0.505959
binom	1	0.1	0.15	0.13314	0.505305
binom	1	0.2	0.15	0.13172	0.511528
binom	1	0.3	0.15	0.12747	0.517701
binom	1	0.4	0.15	0.12128	0.523868
binom	1	0.5	0.15	0.11238	0.529479
binom	1	0.6	0.15	0.10878	0.53631
binom	1	0.7	0.15	0.10101	0.542646
binom	1	0.8	0.15	0.09505	0.548954
binom	1	0.9	0.15	0.08375	0.55566
