binom	1	0	0.15	0.1328	0.500431
binom	1	0.01	0.15	0.13428	0.500429
binom	1	0.02	0.15	0.1343	0.501522
binom	1	0.03	0.15	0.13341	0.502106
binom	1	0.05	0.15	0.13479	0.502976
binom	1	0.07	0.15	0.13365	0.504513
binom	1	0.08	0.15	0.13289	0.504967
binom	1	0.1	0.15	0.13201	0.506303
binom	1	0.2	0.15	0.1313	0.512018
binom	1	0.3	0.15	0.12676	0.518143
binom	1	0.4	0.15	0.12107	0.524893
binom	1	0.5	0.15	0.11506	0.531637
binom	1	0.6	0.15	0.10778	0.537623
binom	1	0.7	0.15	0.10114	0.543928
binom	1	0.8	0.15	0.0908	0.549537
binom	1	0.9	0.15	0.08421	0.556629
