binom	1	0	0.15	0.13621	0.500154
binom	1	0.01	0.15	0.13603	0.500654
binom	1	0.02	0.15	0.13599	0.501306
binom	1	0.03	0.15	0.13661	0.500855
binom	1	0.05	0.15	0.1358	0.503629
binom	1	0.07	0.15	0.13643	0.50415
binom	1	0.08	0.15	0.13537	0.504961
binom	1	0.1	0.15	0.13433	0.505987
binom	1	0.2	0.15	0.13339	0.511963
binom	1	0.3	0.15	0.12837	0.518329
binom	1	0.4	0.15	0.12061	0.524743
binom	1	0.5	0.15	0.11644	0.531382
binom	1	0.6	0.15	0.10885	0.537115
binom	1	0.7	0.15	0.10097	0.543882
binom	1	0.8	0.15	0.09404	0.550132
binom	1	0.9	0.15	0.08718	0.555514
