binom	1	0	0.15	0.20081	0.500076
binom	1	0.01	0.15	0.20248	0.499908
binom	1	0.02	0.15	0.20448	0.500598
binom	1	0.03	0.15	0.20283	0.49993
binom	1	0.05	0.15	0.20179	0.501164
binom	1	0.07	0.15	0.20291	0.501893
binom	1	0.08	0.15	0.20403	0.502246
binom	1	0.1	0.15	0.20428	0.502375
binom	1	0.2	0.15	0.1975	0.504023
binom	1	0.3	0.15	0.19575	0.507256
binom	1	0.4	0.15	0.18637	0.50865
binom	1	0.5	0.15	0.17714	0.511185
binom	1	0.6	0.15	0.16443	0.513744
binom	1	0.7	0.15	0.15178	0.515575
binom	1	0.8	0.15	0.14327	0.518013
binom	1	0.9	0.15	0.12924	0.519547
