binom	1	0	0.15	0.13035	0.500014
binom	1	0.01	0.15	0.13288	0.499703
binom	1	0.02	0.15	0.13067	0.500433
binom	1	0.03	0.15	0.13192	0.500875
binom	1	0.05	0.15	0.13242	0.500791
binom	1	0.07	0.15	0.13064	0.501312
binom	1	0.08	0.15	0.13107	0.50197
binom	1	0.1	0.15	0.13066	0.503179
binom	1	0.2	0.15	0.13036	0.506208
binom	1	0.3	0.15	0.12492	0.508517
binom	1	0.4	0.15	0.12015	0.510901
binom	1	0.5	0.15	0.11171	0.513489
binom	1	0.6	0.15	0.1049	0.514956
binom	1	0.7	0.15	0.09776	0.518204
binom	1	0.8	0.15	0.08977	0.520133
binom	1	0.9	0.15	0.08388	0.522506
