binom	1	0	0.15	0.13104	0.500361
binom	1	0.01	0.15	0.12873	0.503743
binom	1	0.02	0.15	0.13021	0.506667
binom	1	0.03	0.15	0.12763	0.510838
binom	1	0.05	0.15	0.12932	0.517808
binom	1	0.07	0.15	0.12968	0.524883
binom	1	0.08	0.15	0.12865	0.528167
binom	1	0.1	0.15	0.12649	0.535594
binom	1	0.2	0.15	0.12592	0.57046
binom	1	0.3	0.15	0.12169	0.607997
binom	1	0.4	0.15	0.11723	0.645257
binom	1	0.5	0.15	0.10929	0.683019
binom	1	0.6	0.15	0.10293	0.723589
binom	1	0.7	0.15	0.09511	0.765815
binom	1	0.8	0.15	0.08787	0.809236
binom	1	0.9	0.15	0.08004	0.854374
