binom	1	0	0.15	0.13904	0.4999
binom	1	0.01	0.15	0.13749	0.501026
binom	1	0.02	0.15	0.13984	0.502597
binom	1	0.03	0.15	0.13771	0.50423
binom	1	0.05	0.15	0.13721	0.505629
binom	1	0.07	0.15	0.13576	0.508414
binom	1	0.08	0.15	0.1368	0.509879
binom	1	0.1	0.15	0.13764	0.511692
binom	1	0.2	0.15	0.1338	0.523446
binom	1	0.3	0.15	0.13	0.535397
binom	1	0.4	0.15	0.12463	0.548595
binom	1	0.5	0.15	0.11644	0.560849
binom	1	0.6	0.15	0.10913	0.573383
binom	1	0.7	0.15	0.10065	0.587842
binom	1	0.8	0.15	0.09172	0.60176
binom	1	0.9	0.15	0.08138	0.61738
