binom	1	0	0.01	0.02083	0.500571
binom	1	0.01	0.01	0.02108	0.501817
binom	1	0.02	0.01	0.02072	0.501689
binom	1	0.03	0.01	0.02042	0.505313
binom	1	0.05	0.01	0.02116	0.505151
binom	1	0.07	0.01	0.02118	0.508239
binom	1	0.08	0.01	0.02003	0.509471
binom	1	0.1	0.01	0.01986	0.512538
binom	1	0.2	0.01	0.0196	0.528194
binom	1	0.3	0.01	0.01904	0.541696
binom	1	0.4	0.01	0.01857	0.552305
binom	1	0.5	0.01	0.0176	0.569562
binom	1	0.6	0.01	0.01687	0.582899
binom	1	0.7	0.01	0.01617	0.594403
binom	1	0.8	0.01	0.01513	0.611077
binom	1	0.9	0.01	0.01412	0.628152
