binom	1	0	0.15	0.12859	0.500132
binom	1	0.01	0.15	0.12774	0.50041
binom	1	0.02	0.15	0.12951	0.500713
binom	1	0.03	0.15	0.12922	0.50174
binom	1	0.05	0.15	0.12879	0.503696
binom	1	0.07	0.15	0.12896	0.504353
binom	1	0.08	0.15	0.13039	0.505148
binom	1	0.1	0.15	0.12829	0.505838
binom	1	0.2	0.15	0.12729	0.511687
binom	1	0.3	0.15	0.12186	0.517849
binom	1	0.4	0.15	0.11669	0.523931
binom	1	0.5	0.15	0.11075	0.53019
binom	1	0.6	0.15	0.10335	0.536221
binom	1	0.7	0.15	0.09648	0.541574
binom	1	0.8	0.15	0.08893	0.547295
binom	1	0.9	0.15	0.08216	0.551862
