binom	1	0	0.15	0.13052	0.499537
binom	1	0.01	0.15	0.13068	0.500454
binom	1	0.02	0.15	0.13003	0.500219
binom	1	0.03	0.15	0.13066	0.500909
binom	1	0.05	0.15	0.12807	0.501775
binom	1	0.07	0.15	0.12961	0.503391
binom	1	0.08	0.15	0.12976	0.502563
binom	1	0.1	0.15	0.12981	0.503675
binom	1	0.2	0.15	0.12532	0.507235
binom	1	0.3	0.15	0.12191	0.510833
binom	1	0.4	0.15	0.11819	0.514343
binom	1	0.5	0.15	0.1115	0.517743
binom	1	0.6	0.15	0.10415	0.521573
binom	1	0.7	0.15	0.09649	0.525394
binom	1	0.8	0.15	0.08941	0.527016
binom	1	0.9	0.15	0.08105	0.531678
