binom	1	0	0.15	0.12832	0.500345
binom	1	0.01	0.15	0.13169	0.499613
binom	1	0.02	0.15	0.12997	0.50116
binom	1	0.03	0.15	0.1304	0.500734
binom	1	0.05	0.15	0.13054	0.501917
binom	1	0.07	0.15	0.12956	0.502913
binom	1	0.08	0.15	0.12761	0.502027
binom	1	0.1	0.15	0.12908	0.503509
binom	1	0.2	0.15	0.12514	0.507356
binom	1	0.3	0.15	0.12133	0.510287
binom	1	0.4	0.15	0.11586	0.515205
binom	1	0.5	0.15	0.11011	0.517152
binom	1	0.6	0.15	0.10251	0.521176
binom	1	0.7	0.15	0.09688	0.524246
binom	1	0.8	0.15	0.08846	0.526634
binom	1	0.9	0.15	0.0816	0.530051
