binom	1	0	0.2	0.16722	0.500166
binom	1	0.01	0.2	0.16696	0.50236
binom	1	0.02	0.2	0.1672	0.503656
binom	1	0.03	0.2	0.1661	0.504963
binom	1	0.05	0.2	0.16844	0.509057
binom	1	0.07	0.2	0.1664	0.512403
binom	1	0.08	0.2	0.167	0.513843
binom	1	0.1	0.2	0.1651	0.516454
binom	1	0.2	0.2	0.16607	0.534891
binom	1	0.3	0.2	0.15904	0.550669
binom	1	0.4	0.2	0.15479	0.568517
binom	1	0.5	0.2	0.14467	0.586896
binom	1	0.6	0.2	0.13526	0.606308
binom	1	0.7	0.2	0.12692	0.624918
binom	1	0.8	0.2	0.11733	0.644025
binom	1	0.9	0.2	0.11041	0.665519
