binom	1	0	0.2	0.16478	0.499927
binom	1	0.01	0.2	0.16755	0.501462
binom	1	0.02	0.2	0.16693	0.502874
binom	1	0.03	0.2	0.16808	0.505131
binom	1	0.05	0.2	0.16662	0.508684
binom	1	0.07	0.2	0.16636	0.511925
binom	1	0.08	0.2	0.16499	0.513159
binom	1	0.1	0.2	0.1663	0.516691
binom	1	0.2	0.2	0.16143	0.534489
binom	1	0.3	0.2	0.15714	0.551138
binom	1	0.4	0.2	0.15178	0.568321
binom	1	0.5	0.2	0.14493	0.587591
binom	1	0.6	0.2	0.13676	0.60548
binom	1	0.7	0.2	0.12745	0.625506
binom	1	0.8	0.2	0.11909	0.645139
binom	1	0.9	0.2	0.10802	0.666271
