binom	1	0	0.2	0.16801	0.500812
binom	1	0.01	0.2	0.16465	0.502258
binom	1	0.02	0.2	0.16567	0.503771
binom	1	0.03	0.2	0.16682	0.505165
binom	1	0.05	0.2	0.16583	0.508939
binom	1	0.07	0.2	0.16599	0.51195
binom	1	0.08	0.2	0.16789	0.513766
binom	1	0.1	0.2	0.16534	0.516722
binom	1	0.2	0.2	0.16352	0.534376
binom	1	0.3	0.2	0.15812	0.55206
binom	1	0.4	0.2	0.15201	0.569379
binom	1	0.5	0.2	0.14278	0.587795
binom	1	0.6	0.2	0.13577	0.606283
binom	1	0.7	0.2	0.12839	0.625643
binom	1	0.8	0.2	0.11868	0.645694
binom	1	0.9	0.2	0.10768	0.667084
