binom	1	0	0.2	0.16695	0.500088
binom	1	0.01	0.2	0.16516	0.502027
binom	1	0.02	0.2	0.16663	0.503377
binom	1	0.03	0.2	0.16685	0.505226
binom	1	0.05	0.2	0.16667	0.508224
binom	1	0.07	0.2	0.16671	0.511905
binom	1	0.08	0.2	0.16594	0.51352
binom	1	0.1	0.2	0.16675	0.516859
binom	1	0.2	0.2	0.16437	0.533958
binom	1	0.3	0.2	0.15838	0.550926
binom	1	0.4	0.2	0.15315	0.56905
binom	1	0.5	0.2	0.14521	0.587544
binom	1	0.6	0.2	0.13658	0.605327
binom	1	0.7	0.2	0.12749	0.624892
binom	1	0.8	0.2	0.11849	0.64585
binom	1	0.9	0.2	0.1092	0.666797
