binom	1	0	0.2	0.1683	0.499983
binom	1	0.01	0.2	0.16621	0.501616
binom	1	0.02	0.2	0.16773	0.502957
binom	1	0.03	0.2	0.16814	0.505278
binom	1	0.05	0.2	0.16667	0.508205
binom	1	0.07	0.2	0.16727	0.512064
binom	1	0.08	0.2	0.16619	0.513089
binom	1	0.1	0.2	0.16429	0.516925
binom	1	0.2	0.2	0.16316	0.533651
binom	1	0.3	0.2	0.15769	0.550859
binom	1	0.4	0.2	0.15333	0.568352
binom	1	0.5	0.2	0.14562	0.586494
binom	1	0.6	0.2	0.1363	0.605041
binom	1	0.7	0.2	0.12887	0.624202
binom	1	0.8	0.2	0.12002	0.644472
binom	1	0.9	0.2	0.10817	0.665541
