binom	1	0	0.2	0.16498	0.499733
binom	1	0.01	0.2	0.16658	0.50152
binom	1	0.02	0.2	0.16746	0.503273
binom	1	0.03	0.2	0.16711	0.50497
binom	1	0.05	0.2	0.16732	0.508294
binom	1	0.07	0.2	0.16653	0.511611
binom	1	0.08	0.2	0.16531	0.513102
binom	1	0.1	0.2	0.16567	0.51682
binom	1	0.2	0.2	0.16116	0.533341
binom	1	0.3	0.2	0.1597	0.550625
binom	1	0.4	0.2	0.15148	0.568144
binom	1	0.5	0.2	0.14507	0.586491
binom	1	0.6	0.2	0.13631	0.605059
binom	1	0.7	0.2	0.1271	0.624535
binom	1	0.8	0.2	0.11806	0.644725
binom	1	0.9	0.2	0.11068	0.665671
