binom	1	0	0.2	0.16609	0.499768
binom	1	0.01	0.2	0.16561	0.502496
binom	1	0.02	0.2	0.16568	0.502769
binom	1	0.03	0.2	0.16709	0.505107
binom	1	0.05	0.2	0.16857	0.50857
binom	1	0.07	0.2	0.16732	0.512328
binom	1	0.08	0.2	0.16573	0.514709
binom	1	0.1	0.2	0.1651	0.517059
binom	1	0.2	0.2	0.16202	0.534576
binom	1	0.3	0.2	0.15726	0.5513
binom	1	0.4	0.2	0.15322	0.570475
binom	1	0.5	0.2	0.14426	0.58859
binom	1	0.6	0.2	0.13476	0.607139
binom	1	0.7	0.2	0.1279	0.626008
binom	1	0.8	0.2	0.11668	0.646157
binom	1	0.9	0.2	0.1086	0.667007
