binom	1	0	0.2	0.16706	0.500032
binom	1	0.01	0.2	0.16728	0.501595
binom	1	0.02	0.2	0.16837	0.503431
binom	1	0.03	0.2	0.1643	0.504808
binom	1	0.05	0.2	0.16626	0.508489
binom	1	0.07	0.2	0.16657	0.511701
binom	1	0.08	0.2	0.16626	0.513414
binom	1	0.1	0.2	0.16801	0.516801
binom	1	0.2	0.2	0.16095	0.53383
binom	1	0.3	0.2	0.15659	0.550699
binom	1	0.4	0.2	0.15271	0.568369
binom	1	0.5	0.2	0.14491	0.586195
binom	1	0.6	0.2	0.13617	0.605105
binom	1	0.7	0.2	0.12817	0.624358
binom	1	0.8	0.2	0.11932	0.644592
binom	1	0.9	0.2	0.10697	0.665733
