binom	1	0	0.2	0.16606	0.499927
binom	1	0.01	0.2	0.16697	0.501574
binom	1	0.02	0.2	0.16545	0.503364
binom	1	0.03	0.2	0.16649	0.50505
binom	1	0.05	0.2	0.167	0.508426
binom	1	0.07	0.2	0.16672	0.511727
binom	1	0.08	0.2	0.16574	0.513639
binom	1	0.1	0.2	0.16535	0.516758
binom	1	0.2	0.2	0.16269	0.533867
binom	1	0.3	0.2	0.15851	0.550843
binom	1	0.4	0.2	0.15023	0.568529
binom	1	0.5	0.2	0.14336	0.586439
binom	1	0.6	0.2	0.13849	0.605669
binom	1	0.7	0.2	0.1282	0.62475
binom	1	0.8	0.2	0.11779	0.644517
binom	1	0.9	0.2	0.11021	0.66598
