binom	1	0	0.2	0.16671	0.500017
binom	1	0.01	0.2	0.16506	0.501876
binom	1	0.02	0.2	0.16674	0.503325
binom	1	0.03	0.2	0.16822	0.504926
binom	1	0.05	0.2	0.16744	0.508575
binom	1	0.07	0.2	0.16678	0.511633
binom	1	0.08	0.2	0.16652	0.513387
binom	1	0.1	0.2	0.16811	0.516573
binom	1	0.2	0.2	0.16355	0.53368
binom	1	0.3	0.2	0.15805	0.550628
binom	1	0.4	0.2	0.1517	0.568262
binom	1	0.5	0.2	0.14222	0.586572
binom	1	0.6	0.2	0.13659	0.604866
binom	1	0.7	0.2	0.12897	0.624248
binom	1	0.8	0.2	0.11842	0.644139
binom	1	0.9	0.2	0.10744	0.665379
