binom	1	0	0.2	0.16648	0.499426
binom	1	0.01	0.2	0.16653	0.501553
binom	1	0.02	0.2	0.167	0.502922
binom	1	0.03	0.2	0.1649	0.505352
binom	1	0.05	0.2	0.16623	0.50827
binom	1	0.07	0.2	0.16708	0.512519
binom	1	0.08	0.2	0.16424	0.51383
binom	1	0.1	0.2	0.16604	0.516371
binom	1	0.2	0.2	0.16256	0.534352
binom	1	0.3	0.2	0.15649	0.551709
binom	1	0.4	0.2	0.15201	0.569432
binom	1	0.5	0.2	0.14651	0.587238
binom	1	0.6	0.2	0.13681	0.60535
binom	1	0.7	0.2	0.12706	0.624818
binom	1	0.8	0.2	0.11776	0.645229
binom	1	0.9	0.2	0.10891	0.666727
