binom	1	0	0.2	0.16624	0.500222
binom	1	0.01	0.2	0.16703	0.501811
binom	1	0.02	0.2	0.16621	0.503287
binom	1	0.03	0.2	0.16611	0.504871
binom	1	0.05	0.2	0.16776	0.508439
binom	1	0.07	0.2	0.16819	0.511823
binom	1	0.08	0.2	0.16521	0.513195
binom	1	0.1	0.2	0.16507	0.516802
binom	1	0.2	0.2	0.16202	0.533718
binom	1	0.3	0.2	0.15748	0.55072
binom	1	0.4	0.2	0.1498	0.568536
binom	1	0.5	0.2	0.14349	0.586553
binom	1	0.6	0.2	0.13586	0.604865
binom	1	0.7	0.2	0.12851	0.624321
binom	1	0.8	0.2	0.11853	0.644397
binom	1	0.9	0.2	0.10957	0.665598
