binom	1	0	0.2	0.1681	0.500537
binom	1	0.01	0.2	0.16688	0.502192
binom	1	0.02	0.2	0.1651	0.503836
binom	1	0.03	0.2	0.16628	0.505465
binom	1	0.05	0.2	0.16698	0.508276
binom	1	0.07	0.2	0.16771	0.511178
binom	1	0.08	0.2	0.16425	0.513884
binom	1	0.1	0.2	0.1649	0.5166
binom	1	0.2	0.2	0.16344	0.53438
binom	1	0.3	0.2	0.15949	0.551807
binom	1	0.4	0.2	0.15159	0.569618
binom	1	0.5	0.2	0.14637	0.586949
binom	1	0.6	0.2	0.13856	0.606671
binom	1	0.7	0.2	0.12769	0.626091
binom	1	0.8	0.2	0.1183	0.646355
binom	1	0.9	0.2	0.10778	0.667283
