binom	1	0	0.2	0.1682	0.500077
binom	1	0.01	0.2	0.16878	0.501724
binom	1	0.02	0.2	0.16607	0.50345
binom	1	0.03	0.2	0.16672	0.505107
binom	1	0.05	0.2	0.16639	0.508265
binom	1	0.07	0.2	0.16757	0.511566
binom	1	0.08	0.2	0.16506	0.513357
binom	1	0.1	0.2	0.1663	0.51661
binom	1	0.2	0.2	0.16205	0.53383
binom	1	0.3	0.2	0.15889	0.550676
binom	1	0.4	0.2	0.15238	0.568448
binom	1	0.5	0.2	0.14581	0.58642
binom	1	0.6	0.2	0.1362	0.60501
binom	1	0.7	0.2	0.12772	0.624327
binom	1	0.8	0.2	0.12007	0.644316
binom	1	0.9	0.2	0.10708	0.665521
