binom	1	0	0.2	0.16766	0.499981
binom	1	0.01	0.2	0.16679	0.501464
binom	1	0.02	0.2	0.16647	0.503081
binom	1	0.03	0.2	0.16606	0.504785
binom	1	0.05	0.2	0.16545	0.508523
binom	1	0.07	0.2	0.1671	0.5118
binom	1	0.08	0.2	0.16578	0.513612
binom	1	0.1	0.2	0.16586	0.516911
binom	1	0.2	0.2	0.16507	0.53398
binom	1	0.3	0.2	0.15554	0.550845
binom	1	0.4	0.2	0.15135	0.568498
binom	1	0.5	0.2	0.14341	0.586322
binom	1	0.6	0.2	0.13686	0.605584
binom	1	0.7	0.2	0.12679	0.62453
binom	1	0.8	0.2	0.11918	0.644754
binom	1	0.9	0.2	0.10717	0.666045
