binom	1	0	0.2	0.16704	0.499981
binom	1	0.01	0.2	0.16724	0.501582
binom	1	0.02	0.2	0.16713	0.5033
binom	1	0.03	0.2	0.16623	0.504949
binom	1	0.05	0.2	0.16422	0.507973
binom	1	0.07	0.2	0.16702	0.511747
binom	1	0.08	0.2	0.16828	0.513688
binom	1	0.1	0.2	0.1646	0.516864
binom	1	0.2	0.2	0.16385	0.533994
binom	1	0.3	0.2	0.15852	0.551154
binom	1	0.4	0.2	0.15373	0.568781
binom	1	0.5	0.2	0.14288	0.586796
binom	1	0.6	0.2	0.13526	0.605619
binom	1	0.7	0.2	0.12703	0.625001
binom	1	0.8	0.2	0.11803	0.645351
binom	1	0.9	0.2	0.10694	0.666547
