binom	1	0	0.2	0.29445	0.499502
binom	1	0.01	0.2	0.2941	0.500455
binom	1	0.02	0.2	0.29683	0.500605
binom	1	0.03	0.2	0.29554	0.501292
binom	1	0.05	0.2	0.29362	0.502076
binom	1	0.07	0.2	0.29356	0.502441
binom	1	0.08	0.2	0.29426	0.502595
binom	1	0.1	0.2	0.29349	0.503128
binom	1	0.2	0.2	0.28704	0.505853
binom	1	0.3	0.2	0.28096	0.510209
binom	1	0.4	0.2	0.27286	0.512778
binom	1	0.5	0.2	0.26049	0.516034
binom	1	0.6	0.2	0.2467	0.519259
binom	1	0.7	0.2	0.22903	0.522351
binom	1	0.8	0.2	0.21317	0.526042
binom	1	0.9	0.2	0.19737	0.528749
