binom	1	0	0.2	0.29566	0.499595
binom	1	0.01	0.2	0.29116	0.500807
binom	1	0.02	0.2	0.29724	0.50116
binom	1	0.03	0.2	0.29575	0.501576
binom	1	0.05	0.2	0.29257	0.501374
binom	1	0.07	0.2	0.29477	0.502164
binom	1	0.08	0.2	0.29368	0.502649
binom	1	0.1	0.2	0.29715	0.503159
binom	1	0.2	0.2	0.29002	0.506094
binom	1	0.3	0.2	0.28167	0.5099
binom	1	0.4	0.2	0.27223	0.513183
binom	1	0.5	0.2	0.2611	0.515496
binom	1	0.6	0.2	0.24687	0.519342
binom	1	0.7	0.2	0.22995	0.522711
binom	1	0.8	0.2	0.21313	0.525655
binom	1	0.9	0.2	0.19678	0.528582
