binom	1	0	0.2	0.2935	0.500061
binom	1	0.01	0.2	0.29636	0.50094
binom	1	0.02	0.2	0.29396	0.500718
binom	1	0.03	0.2	0.29437	0.50063
binom	1	0.05	0.2	0.29629	0.502229
binom	1	0.07	0.2	0.29641	0.502896
binom	1	0.08	0.2	0.29368	0.502261
binom	1	0.1	0.2	0.29348	0.503315
binom	1	0.2	0.2	0.2906	0.507097
binom	1	0.3	0.2	0.28148	0.509594
binom	1	0.4	0.2	0.27064	0.512973
binom	1	0.5	0.2	0.25869	0.516592
binom	1	0.6	0.2	0.24526	0.518729
binom	1	0.7	0.2	0.2323	0.522733
binom	1	0.8	0.2	0.21374	0.526732
binom	1	0.9	0.2	0.19663	0.529046
