binom	1	0	0.2	0.16625	0.499714
binom	1	0.01	0.2	0.1671	0.501383
binom	1	0.02	0.2	0.16718	0.503548
binom	1	0.03	0.2	0.16631	0.505162
binom	1	0.05	0.2	0.16592	0.508225
binom	1	0.07	0.2	0.1668	0.511684
binom	1	0.08	0.2	0.16439	0.513228
binom	1	0.1	0.2	0.1648	0.517075
binom	1	0.2	0.2	0.16145	0.533548
binom	1	0.3	0.2	0.15705	0.550952
binom	1	0.4	0.2	0.15252	0.568554
binom	1	0.5	0.2	0.14397	0.586806
binom	1	0.6	0.2	0.13551	0.605334
binom	1	0.7	0.2	0.1259	0.624268
binom	1	0.8	0.2	0.11871	0.645067
binom	1	0.9	0.2	0.10927	0.665625
