binom	1	0	0.2	0.1662	0.499991
binom	1	0.01	0.2	0.16573	0.501829
binom	1	0.02	0.2	0.16902	0.503371
binom	1	0.03	0.2	0.16861	0.5049
binom	1	0.05	0.2	0.16911	0.508681
binom	1	0.07	0.2	0.16738	0.511531
binom	1	0.08	0.2	0.16631	0.513195
binom	1	0.1	0.2	0.1631	0.517055
binom	1	0.2	0.2	0.16353	0.533621
binom	1	0.3	0.2	0.15835	0.551334
binom	1	0.4	0.2	0.15231	0.56873
binom	1	0.5	0.2	0.14532	0.586601
binom	1	0.6	0.2	0.13508	0.605092
binom	1	0.7	0.2	0.12798	0.624752
binom	1	0.8	0.2	0.12022	0.644823
binom	1	0.9	0.2	0.10825	0.665816
