binom	1	0	0.2	0.1674	0.499734
binom	1	0.01	0.2	0.16575	0.501547
binom	1	0.02	0.2	0.1655	0.503186
binom	1	0.03	0.2	0.16416	0.505115
binom	1	0.05	0.2	0.16655	0.508472
binom	1	0.07	0.2	0.16503	0.511747
binom	1	0.08	0.2	0.16845	0.513066
binom	1	0.1	0.2	0.16659	0.516706
binom	1	0.2	0.2	0.16246	0.533496
binom	1	0.3	0.2	0.1608	0.550987
binom	1	0.4	0.2	0.15109	0.568592
binom	1	0.5	0.2	0.14576	0.586296
binom	1	0.6	0.2	0.13651	0.604935
binom	1	0.7	0.2	0.128	0.624086
binom	1	0.8	0.2	0.11767	0.644419
binom	1	0.9	0.2	0.11058	0.665464
