binom	1	0	0.2	0.16708	0.499997
binom	1	0.01	0.2	0.16803	0.501478
binom	1	0.02	0.2	0.166	0.503012
binom	1	0.03	0.2	0.16672	0.50481
binom	1	0.05	0.2	0.16373	0.508548
binom	1	0.07	0.2	0.16609	0.511875
binom	1	0.08	0.2	0.16558	0.513354
binom	1	0.1	0.2	0.16712	0.516517
binom	1	0.2	0.2	0.16297	0.533777
binom	1	0.3	0.2	0.15889	0.55081
binom	1	0.4	0.2	0.15482	0.568423
binom	1	0.5	0.2	0.14423	0.586078
binom	1	0.6	0.2	0.13656	0.605256
binom	1	0.7	0.2	0.12836	0.62439
binom	1	0.8	0.2	0.11753	0.644318
binom	1	0.9	0.2	0.10967	0.665333
