binom	1	0	0.2	0.16715	0.50011
binom	1	0.01	0.2	0.16667	0.501503
binom	1	0.02	0.2	0.16551	0.503252
binom	1	0.03	0.2	0.16573	0.505074
binom	1	0.05	0.2	0.16575	0.508352
binom	1	0.07	0.2	0.16599	0.511671
binom	1	0.08	0.2	0.16617	0.513207
binom	1	0.1	0.2	0.16737	0.516709
binom	1	0.2	0.2	0.16212	0.533654
binom	1	0.3	0.2	0.15737	0.550838
binom	1	0.4	0.2	0.15042	0.568533
binom	1	0.5	0.2	0.1447	0.586441
binom	1	0.6	0.2	0.13823	0.605051
binom	1	0.7	0.2	0.12794	0.624675
binom	1	0.8	0.2	0.11683	0.644401
binom	1	0.9	0.2	0.10796	0.665766
