binom	1	0	0.2	0.168	0.499641
binom	1	0.01	0.2	0.16642	0.501168
binom	1	0.02	0.2	0.16708	0.503404
binom	1	0.03	0.2	0.16523	0.504838
binom	1	0.05	0.2	0.16654	0.508356
binom	1	0.07	0.2	0.16747	0.511739
binom	1	0.08	0.2	0.16699	0.513766
binom	1	0.1	0.2	0.16576	0.516751
binom	1	0.2	0.2	0.16387	0.533554
binom	1	0.3	0.2	0.15641	0.550731
binom	1	0.4	0.2	0.15325	0.56813
binom	1	0.5	0.2	0.14316	0.586432
binom	1	0.6	0.2	0.1352	0.604612
binom	1	0.7	0.2	0.12757	0.624677
binom	1	0.8	0.2	0.11741	0.645114
binom	1	0.9	0.2	0.1083	0.665761
