binom	1	0	0.2	0.1627	0.500131
binom	1	0.01	0.2	0.16877	0.501592
binom	1	0.02	0.2	0.16704	0.503222
binom	1	0.03	0.2	0.16919	0.505232
binom	1	0.05	0.2	0.16694	0.508269
binom	1	0.07	0.2	0.16473	0.511763
binom	1	0.08	0.2	0.16434	0.513407
binom	1	0.1	0.2	0.16612	0.516797
binom	1	0.2	0.2	0.16342	0.533936
binom	1	0.3	0.2	0.15726	0.550903
binom	1	0.4	0.2	0.15346	0.568311
binom	1	0.5	0.2	0.14456	0.58648
binom	1	0.6	0.2	0.13727	0.604751
binom	1	0.7	0.2	0.12784	0.624405
binom	1	0.8	0.2	0.1169	0.643926
binom	1	0.9	0.2	0.10791	0.665244
