binom	1	0	0.2	0.1665	0.499725
binom	1	0.01	0.2	0.1665	0.501682
binom	1	0.02	0.2	0.16867	0.503638
binom	1	0.03	0.2	0.16725	0.504979
binom	1	0.05	0.2	0.16504	0.508047
binom	1	0.07	0.2	0.16853	0.511831
binom	1	0.08	0.2	0.166	0.51328
binom	1	0.1	0.2	0.16533	0.516313
binom	1	0.2	0.2	0.16422	0.533435
binom	1	0.3	0.2	0.15773	0.551364
binom	1	0.4	0.2	0.15334	0.569049
binom	1	0.5	0.2	0.14441	0.587112
binom	1	0.6	0.2	0.13706	0.605754
binom	1	0.7	0.2	0.12844	0.624837
binom	1	0.8	0.2	0.11723	0.645725
binom	1	0.9	0.2	0.10823	0.665579
