binom	1	0	0.2	0.16749	0.499608
binom	1	0.01	0.2	0.16814	0.501373
binom	1	0.02	0.2	0.16642	0.503406
binom	1	0.03	0.2	0.16898	0.504915
binom	1	0.05	0.2	0.16618	0.508324
binom	1	0.07	0.2	0.16681	0.511851
binom	1	0.08	0.2	0.16623	0.513183
binom	1	0.1	0.2	0.16392	0.516636
binom	1	0.2	0.2	0.1624	0.534298
binom	1	0.3	0.2	0.15794	0.550613
binom	1	0.4	0.2	0.15211	0.568378
binom	1	0.5	0.2	0.14448	0.586088
binom	1	0.6	0.2	0.13534	0.605319
binom	1	0.7	0.2	0.12747	0.624982
binom	1	0.8	0.2	0.11906	0.645178
binom	1	0.9	0.2	0.10791	0.666339
