binom	1	0	0.2	0.16724	0.4999
binom	1	0.01	0.2	0.16565	0.501706
binom	1	0.02	0.2	0.16572	0.503694
binom	1	0.03	0.2	0.16625	0.50505
binom	1	0.05	0.2	0.16712	0.508349
binom	1	0.07	0.2	0.16428	0.51199
binom	1	0.08	0.2	0.16524	0.513268
binom	1	0.1	0.2	0.16628	0.516607
binom	1	0.2	0.2	0.16169	0.533347
binom	1	0.3	0.2	0.15812	0.550788
binom	1	0.4	0.2	0.15367	0.568313
binom	1	0.5	0.2	0.14577	0.586746
binom	1	0.6	0.2	0.13497	0.605671
binom	1	0.7	0.2	0.12689	0.6245
binom	1	0.8	0.2	0.11991	0.644823
binom	1	0.9	0.2	0.10784	0.666233
