binom	1	0	0.2	0.16807	0.499684
binom	1	0.01	0.2	0.16581	0.501788
binom	1	0.02	0.2	0.16608	0.503353
binom	1	0.03	0.2	0.16666	0.504964
binom	1	0.05	0.2	0.16542	0.508288
binom	1	0.07	0.2	0.16554	0.512011
binom	1	0.08	0.2	0.16524	0.513491
binom	1	0.1	0.2	0.16549	0.516485
binom	1	0.2	0.2	0.1627	0.533324
binom	1	0.3	0.2	0.15706	0.550702
binom	1	0.4	0.2	0.15294	0.568245
binom	1	0.5	0.2	0.14517	0.586216
binom	1	0.6	0.2	0.13567	0.60521
binom	1	0.7	0.2	0.12719	0.624286
binom	1	0.8	0.2	0.11847	0.644639
binom	1	0.9	0.2	0.10785	0.665384
