binom	1	0	0.2	0.16672	0.500047
binom	1	0.01	0.2	0.16697	0.501731
binom	1	0.02	0.2	0.16659	0.502697
binom	1	0.03	0.2	0.1677	0.504995
binom	1	0.05	0.2	0.16788	0.508246
binom	1	0.07	0.2	0.16406	0.511889
binom	1	0.08	0.2	0.16594	0.513365
binom	1	0.1	0.2	0.16542	0.516706
binom	1	0.2	0.2	0.16248	0.533513
binom	1	0.3	0.2	0.1568	0.551366
binom	1	0.4	0.2	0.15168	0.568159
binom	1	0.5	0.2	0.14478	0.586125
binom	1	0.6	0.2	0.13514	0.604958
binom	1	0.7	0.2	0.12692	0.624596
binom	1	0.8	0.2	0.11699	0.644535
binom	1	0.9	0.2	0.10752	0.665737
