binom	1	0	0.2	0.16677	0.500142
binom	1	0.01	0.2	0.16713	0.50149
binom	1	0.02	0.2	0.16692	0.503881
binom	1	0.03	0.2	0.16678	0.505134
binom	1	0.05	0.2	0.16766	0.508219
binom	1	0.07	0.2	0.16903	0.5115
binom	1	0.08	0.2	0.16851	0.513467
binom	1	0.1	0.2	0.1647	0.516932
binom	1	0.2	0.2	0.16396	0.534154
binom	1	0.3	0.2	0.15705	0.551315
binom	1	0.4	0.2	0.15296	0.568538
binom	1	0.5	0.2	0.14717	0.586953
binom	1	0.6	0.2	0.13567	0.605015
binom	1	0.7	0.2	0.12675	0.625182
binom	1	0.8	0.2	0.1172	0.644908
binom	1	0.9	0.2	0.10792	0.665655
