binom	1	0	0.2	0.16653	0.499541
binom	1	0.01	0.2	0.16798	0.501576
binom	1	0.02	0.2	0.16632	0.503367
binom	1	0.03	0.2	0.16778	0.504905
binom	1	0.05	0.2	0.16571	0.508403
binom	1	0.07	0.2	0.16642	0.511706
binom	1	0.08	0.2	0.16532	0.513374
binom	1	0.1	0.2	0.16458	0.516701
binom	1	0.2	0.2	0.16242	0.533684
binom	1	0.3	0.2	0.1603	0.5512
binom	1	0.4	0.2	0.15208	0.568169
binom	1	0.5	0.2	0.14432	0.586712
binom	1	0.6	0.2	0.13606	0.605656
binom	1	0.7	0.2	0.12593	0.624904
binom	1	0.8	0.2	0.11815	0.645137
binom	1	0.9	0.2	0.10842	0.666615
