binom	1	0	0.2	0.16658	0.499727
binom	1	0.01	0.2	0.1667	0.50201
binom	1	0.02	0.2	0.1662	0.502964
binom	1	0.03	0.2	0.16635	0.505742
binom	1	0.05	0.2	0.16772	0.508514
binom	1	0.07	0.2	0.16563	0.511765
binom	1	0.08	0.2	0.16628	0.513472
binom	1	0.1	0.2	0.16442	0.516932
binom	1	0.2	0.2	0.16141	0.5335
binom	1	0.3	0.2	0.15841	0.551748
binom	1	0.4	0.2	0.15168	0.568402
binom	1	0.5	0.2	0.14524	0.58631
binom	1	0.6	0.2	0.13849	0.605755
binom	1	0.7	0.2	0.12795	0.624877
binom	1	0.8	0.2	0.11912	0.645186
binom	1	0.9	0.2	0.10832	0.665983
