binom	1	0	0.2	0.16615	0.500155
binom	1	0.01	0.2	0.16687	0.501668
binom	1	0.02	0.2	0.16558	0.503149
binom	1	0.03	0.2	0.16744	0.505008
binom	1	0.05	0.2	0.16671	0.508329
binom	1	0.07	0.2	0.16485	0.511826
binom	1	0.08	0.2	0.16552	0.513418
binom	1	0.1	0.2	0.1667	0.516816
binom	1	0.2	0.2	0.16408	0.533405
binom	1	0.3	0.2	0.15826	0.550872
binom	1	0.4	0.2	0.14968	0.568197
binom	1	0.5	0.2	0.1472	0.586331
binom	1	0.6	0.2	0.13588	0.604921
binom	1	0.7	0.2	0.12514	0.624314
binom	1	0.8	0.2	0.11675	0.644232
binom	1	0.9	0.2	0.10831	0.665519
