binom	1	0	0.2	0.16693	0.499764
binom	1	0.01	0.2	0.16639	0.501602
binom	1	0.02	0.2	0.16888	0.503566
binom	1	0.03	0.2	0.167	0.505137
binom	1	0.05	0.2	0.16613	0.508638
binom	1	0.07	0.2	0.16689	0.511637
binom	1	0.08	0.2	0.16488	0.513521
binom	1	0.1	0.2	0.16565	0.51738
binom	1	0.2	0.2	0.16159	0.533483
binom	1	0.3	0.2	0.1573	0.551033
binom	1	0.4	0.2	0.15109	0.568371
binom	1	0.5	0.2	0.14629	0.586705
binom	1	0.6	0.2	0.13487	0.60495
binom	1	0.7	0.2	0.12748	0.62471
binom	1	0.8	0.2	0.11782	0.644774
binom	1	0.9	0.2	0.109	0.665556
