binom	1	0	0.2	0.16672	0.499968
binom	1	0.01	0.2	0.16732	0.501512
binom	1	0.02	0.2	0.16759	0.502989
binom	1	0.03	0.2	0.16762	0.505022
binom	1	0.05	0.2	0.16575	0.508102
binom	1	0.07	0.2	0.16523	0.512069
binom	1	0.08	0.2	0.167	0.513619
binom	1	0.1	0.2	0.16473	0.516861
binom	1	0.2	0.2	0.16269	0.533581
binom	1	0.3	0.2	0.15679	0.551069
binom	1	0.4	0.2	0.15151	0.568352
binom	1	0.5	0.2	0.14596	0.586514
binom	1	0.6	0.2	0.13722	0.605349
binom	1	0.7	0.2	0.12769	0.624937
binom	1	0.8	0.2	0.11918	0.644528
binom	1	0.9	0.2	0.10935	0.665353
