binom	1	0	0.2	0.16683	0.499963
binom	1	0.01	0.2	0.16592	0.501313
binom	1	0.02	0.2	0.16581	0.503461
binom	1	0.03	0.2	0.16663	0.504991
binom	1	0.05	0.2	0.16732	0.508233
binom	1	0.07	0.2	0.16609	0.512217
binom	1	0.08	0.2	0.16622	0.513838
binom	1	0.1	0.2	0.16353	0.516874
binom	1	0.2	0.2	0.16265	0.533803
binom	1	0.3	0.2	0.15974	0.550663
binom	1	0.4	0.2	0.15251	0.568133
binom	1	0.5	0.2	0.14401	0.58659
binom	1	0.6	0.2	0.13667	0.605326
binom	1	0.7	0.2	0.12669	0.624339
binom	1	0.8	0.2	0.12118	0.644299
binom	1	0.9	0.2	0.10858	0.665927
