binom	1	0	0.2	0.16568	0.500178
binom	1	0.01	0.2	0.16809	0.501857
binom	1	0.02	0.2	0.16801	0.503143
binom	1	0.03	0.2	0.16654	0.504862
binom	1	0.05	0.2	0.16706	0.508149
binom	1	0.07	0.2	0.16597	0.511731
binom	1	0.08	0.2	0.16605	0.513367
binom	1	0.1	0.2	0.166	0.516581
binom	1	0.2	0.2	0.16268	0.533864
binom	1	0.3	0.2	0.15775	0.550737
binom	1	0.4	0.2	0.15286	0.568261
binom	1	0.5	0.2	0.14373	0.58637
binom	1	0.6	0.2	0.13621	0.60485
binom	1	0.7	0.2	0.1274	0.624064
binom	1	0.8	0.2	0.11756	0.644443
binom	1	0.9	0.2	0.10773	0.665337
