binom	1	0	0.2	0.16489	0.499869
binom	1	0.01	0.2	0.16535	0.501524
binom	1	0.02	0.2	0.16835	0.50354
binom	1	0.03	0.2	0.16344	0.505287
binom	1	0.05	0.2	0.16514	0.508288
binom	1	0.07	0.2	0.16556	0.511629
binom	1	0.08	0.2	0.16658	0.513412
binom	1	0.1	0.2	0.16631	0.517012
binom	1	0.2	0.2	0.16238	0.534043
binom	1	0.3	0.2	0.15656	0.551317
binom	1	0.4	0.2	0.15304	0.568213
binom	1	0.5	0.2	0.14382	0.586295
binom	1	0.6	0.2	0.13565	0.604942
binom	1	0.7	0.2	0.12862	0.62436
binom	1	0.8	0.2	0.11793	0.644789
binom	1	0.9	0.2	0.10812	0.665984
