binom	1	0	0.2	0.16728	0.499581
binom	1	0.01	0.2	0.16691	0.501413
binom	1	0.02	0.2	0.16598	0.503158
binom	1	0.03	0.2	0.16618	0.504578
binom	1	0.05	0.2	0.16701	0.50865
binom	1	0.07	0.2	0.1679	0.512495
binom	1	0.08	0.2	0.16556	0.513402
binom	1	0.1	0.2	0.16567	0.517066
binom	1	0.2	0.2	0.16332	0.534418
binom	1	0.3	0.2	0.15809	0.551748
binom	1	0.4	0.2	0.15199	0.569022
binom	1	0.5	0.2	0.14634	0.587206
binom	1	0.6	0.2	0.13572	0.607009
binom	1	0.7	0.2	0.12786	0.625269
binom	1	0.8	0.2	0.11534	0.645528
binom	1	0.9	0.2	0.10868	0.667186
