binom	1	0	0	0.0088
binom	1	0.1	0	0.009
binom	1	0.2	0	0.0112
binom	1	0.3	0	0.01
binom	1	0.4	0	0.009
binom	1	0.5	0	0.011
binom	1	0.6	0	0.0128
binom	1	0.7	0	0.009
binom	1	0.8	0	0.0136
binom	1	0.9	0	0.0094
binom	1	1	0	0.0098
binom	1	0	0.05	0.0886
binom	1	0.1	0.05	0.0912
binom	1	0.2	0.05	0.0848
binom	1	0.3	0.05	0.086
binom	1	0.4	0.05	0.086
binom	1	0.5	0.05	0.0774
binom	1	0.6	0.05	0.0648
binom	1	0.7	0.05	0.068
binom	1	0.8	0.05	0.0604
binom	1	0.9	0.05	0.057
binom	1	1	0.05	0.0446
binom	1	0	0.1	0.1692
binom	1	0.1	0.1	0.1728
binom	1	0.2	0.1	0.166
binom	1	0.3	0.1	0.1544
binom	1	0.4	0.1	0.1486
binom	1	0.5	0.1	0.1466
binom	1	0.6	0.1	0.143
binom	1	0.7	0.1	0.1244
binom	1	0.8	0.1	0.1116
binom	1	0.9	0.1	0.1116
binom	1	1	0.1	0.0984
binom	1	0	0.2	0.303
binom	1	0.1	0.2	0.295
binom	1	0.2	0.2	0.2998
binom	1	0.3	0.2	0.29
binom	1	0.4	0.2	0.2888
binom	1	0.5	0.2	0.2692
binom	1	0.6	0.2	0.2602
binom	1	0.7	0.2	0.2446
binom	1	0.8	0.2	0.2178
binom	1	0.9	0.2	0.2
binom	1	1	0.2	0.175
