binom	1	0	0	0.01
binom	1	0.1	0	0.0106
binom	1	0.2	0	0.0092
binom	1	0.3	0	0.0094
binom	1	0.4	0	0.0092
binom	1	0.5	0	0.0084
binom	1	0.6	0	0.0096
binom	1	0.7	0	0.0098
binom	1	0.8	0	0.009
binom	1	0.9	0	0.011
binom	1	1	0	0.0098
binom	1	0	0.05	0.0838
binom	1	0.1	0.05	0.0892
binom	1	0.2	0.05	0.0866
binom	1	0.3	0.05	0.0846
binom	1	0.4	0.05	0.077
binom	1	0.5	0.05	0.0718
binom	1	0.6	0.05	0.0722
binom	1	0.7	0.05	0.0636
binom	1	0.8	0.05	0.0638
binom	1	0.9	0.05	0.0554
binom	1	1	0.05	0.048
binom	1	0	0.1	0.1666
binom	1	0.1	0.1	0.1548
binom	1	0.2	0.1	0.1652
binom	1	0.3	0.1	0.1592
binom	1	0.4	0.1	0.1526
binom	1	0.5	0.1	0.1422
binom	1	0.6	0.1	0.1332
binom	1	0.7	0.1	0.129
binom	1	0.8	0.1	0.1152
binom	1	0.9	0.1	0.1004
binom	1	1	0.1	0.099
binom	1	0	0.2	0.3068
binom	1	0.1	0.2	0.306
binom	1	0.2	0.2	0.3046
binom	1	0.3	0.2	0.2976
binom	1	0.4	0.2	0.296
binom	1	0.5	0.2	0.2824
binom	1	0.6	0.2	0.2446
binom	1	0.7	0.2	0.2326
binom	1	0.8	0.2	0.2066
binom	1	0.9	0.2	0.2026
binom	1	1	0.2	0.1818
