7 72
7 17
7 37
7 57
7 3
72 24
72 67
72 70
72 11
17 2
17 19
17 5
17 37
54 77
54 33
54 76
54 52
54 56
77 74
77 63
77 5
77 73
42 57
42 37
42 59
42 76
42 46
57 4
57 69
57 12
33 56
33 58
33 4
33 0
22 26
22 23
22 62
22 55
22 18
26 66
26 10
26 61
26 56
30 73
30 36
30 3
30 23
30 21
73 53
73 78
73 67
39 51
39 8
39 28
39 47
39 29
51 50
51 21
51 69
51 49
49 62
49 40
49 74
49 78
62 75
62 63
62 29
37 13
37 69
24 28
24 23
24 66
24 41
12 61
12 5
12 38
12 6
61 46
61 59
61 18
55 59
55 9
55 60
55 50
59 79
59 48
4 38
4 31
4 5
8 63
8 29
8 23
8 5
27 52
27 11
27 15
27 18
27 48
52 32
52 63
52 44
13 35
13 50
13 63
13 10
35 14
35 71
35 41
35 21
25 34
25 15
25 53
25 46
25 64
34 2
34 69
34 19
34 15
19 48
19 70
19 31
48 11
48 79
36 64
36 75
36 45
36 0
64 75
64 16
64 20
0 44
0 15
0 28
0 50
44 58
44 67
44 60
56 47
56 14
11 71
11 68
71 31
71 65
71 40
6 50
6 10
6 1
6 32
50 68
28 68
28 40
15 43
53 41
53 65
53 76
2 20
2 38
2 78
69 40
75 1
75 3
46 41
46 74
74 68
74 43
9 21
9 14
9 20
9 47
21 47
14 32
14 45
38 70
38 76
78 58
78 65
23 10
70 66
70 43
1 67
1 16
1 68
67 20
66 10
66 65
20 18
76 3
3 60
40 79
16 58
16 60
16 45
58 47
29 65
29 18
45 32
45 43
79 43
79 60
41 31
32 31
83 84
83 81
83 89
83 91
83 88
84 89
84 91
84 93
84 81
81 94
81 95
81 97
89 94
89 92
89 86
91 85
91 87
91 88
88 96
88 92
88 98
93 87
93 90
93 82
93 95
94 99
94 86
94 92
92 85
92 98
86 96
86 99
86 97
85 87
85 90
85 96
87 99
87 98
90 95
90 80
90 97
96 99
96 97
99 80
98 80
98 82
95 80
95 82
80 82
97 82
