15 21
15 14
15 2
15 8
15 38
15 11
15 0
21 57
21 41
21 50
21 61
21 16
21 47
36 62
36 57
36 25
36 4
36 0
36 40
36 28
62 38
62 11
62 35
62 1
62 14
62 19
52 58
52 27
52 8
52 53
52 5
52 3
52 63
58 13
58 53
58 42
58 59
58 56
58 11
8 55
8 50
8 20
8 49
8 60
55 11
55 43
55 5
55 54
55 27
55 25
29 32
29 10
29 45
29 19
29 51
29 35
29 39
32 22
32 17
32 20
32 7
32 24
32 13
46 48
46 1
46 54
46 9
46 27
46 14
46 60
48 63
48 38
48 37
48 57
48 10
48 40
25 59
25 61
25 17
25 49
25 37
59 28
59 37
59 41
59 1
59 31
31 38
31 3
31 47
31 42
31 17
31 18
38 19
38 7
38 1
3 49
3 14
3 18
3 4
3 27
47 12
47 50
47 30
47 24
47 60
63 10
63 26
63 5
63 18
63 0
22 44
22 16
22 28
22 37
22 39
22 49
44 39
44 51
44 57
44 42
44 43
44 61
11 23
11 34
11 7
23 17
23 16
23 9
23 30
23 12
23 39
20 56
20 35
20 0
20 18
20 34
56 27
56 2
56 19
56 17
56 4
13 17
13 12
13 41
13 50
13 24
17 53
49 2
49 5
49 7
7 10
7 19
7 28
10 42
10 12
10 6
1 24
1 33
1 26
24 28
24 12
24 61
16 35
16 51
16 34
16 54
19 61
19 2
27 51
27 0
33 35
33 37
33 30
33 39
33 41
33 34
28 39
28 0
2 50
2 6
2 12
50 4
50 45
50 0
14 6
14 61
14 54
39 41
61 57
37 30
37 26
26 53
26 57
26 34
26 43
53 34
53 4
53 43
4 41
4 6
41 30
57 18
45 60
45 40
45 42
45 34
45 51
60 9
60 40
60 42
30 43
30 6
42 5
40 54
40 12
40 18
54 9
54 35
18 51
51 43
43 9
35 6
9 5
9 0
5 6
80 84
80 88
80 81
80 89
80 98
80 82
80 68
84 86
84 66
84 81
84 71
84 77
84 98
88 90
88 94
88 64
88 69
88 91
88 79
81 94
81 96
81 76
81 93
81 92
89 96
89 98
89 64
89 78
89 71
89 70
98 83
98 86
98 79
98 68
82 99
82 72
82 79
82 87
82 75
82 64
68 69
68 74
68 91
68 87
68 78
86 67
86 74
86 87
86 76
86 93
66 96
66 95
66 71
66 67
66 79
66 70
71 97
71 99
71 64
71 93
77 97
77 85
77 69
77 75
77 91
77 74
97 95
97 76
97 70
97 72
97 69
85 65
85 99
85 64
85 72
85 67
85 76
69 64
69 83
69 73
75 65
75 95
75 83
75 67
75 73
91 65
91 72
91 74
91 92
74 72
74 73
74 93
95 94
95 65
95 70
95 73
76 72
76 67
76 93
70 83
70 79
70 87
72 78
90 94
90 96
90 78
90 93
90 99
90 92
94 65
94 99
94 83
96 65
96 78
96 99
78 67
78 73
93 92
99 87
92 83
92 87
92 73
65 73
83 79
64 67
87 79
