1 31
1 23
1 48
1 34
31 16
31 12
31 39
16 29
16 39
16 54
29 47
29 7
29 48
42 57
42 9
42 40
42 55
57 4
57 3
57 14
24 51
24 20
24 45
24 22
51 17
51 14
51 32
6 48
6 50
6 47
6 8
48 53
28 30
28 41
28 19
28 49
30 41
30 36
30 21
0 23
0 39
0 26
0 49
0 50
23 3
23 19
10 27
10 56
10 26
10 50
27 8
27 15
27 37
4 13
4 17
4 46
15 32
15 41
15 8
32 14
32 7
25 34
25 54
25 11
25 9
34 21
34 43
17 50
17 33
13 44
13 55
13 22
44 9
44 55
44 5
22 37
22 12
37 56
37 49
50 5
14 5
41 45
2 43
2 54
2 26
2 18
43 54
43 18
56 47
56 11
20 21
20 53
20 36
5 11
46 52
46 35
46 33
52 38
52 9
52 33
39 7
12 40
12 11
21 53
40 47
40 38
8 19
36 26
36 18
53 33
38 45
38 35
35 19
35 45
3 7
3 55
18 49
91 94
91 98
91 85
91 76
94 99
94 80
94 82
98 72
98 70
98 58
85 60
85 76
85 86
76 70
76 96
99 75
99 96
99 65
80 63
80 86
80 59
82 70
82 74
82 69
83 90
83 62
83 89
83 69
90 60
90 86
90 78
62 95
62 64
62 92
89 75
89 73
89 65
69 95
69 93
60 66
60 81
86 92
78 71
78 66
78 68
61 71
61 64
61 79
61 92
71 88
71 66
64 96
64 58
79 75
79 67
79 87
92 87
88 72
88 68
88 81
66 97
75 97
97 74
97 81
67 77
67 65
67 73
87 68
87 65
72 63
72 59
63 95
63 59
59 93
70 77
58 93
58 84
95 77
77 73
74 73
74 84
81 96
68 84
84 93
