binom	1	0	0.2	0.29492	0.500497
binom	1	0.01	0.2	0.29409	0.499834
binom	1	0.02	0.2	0.29466	0.499888
binom	1	0.03	0.2	0.29487	0.500909
binom	1	0.05	0.2	0.29166	0.501636
binom	1	0.07	0.2	0.29402	0.502437
binom	1	0.08	0.2	0.29442	0.502577
binom	1	0.1	0.2	0.29514	0.503602
binom	1	0.2	0.2	0.28729	0.506563
binom	1	0.3	0.2	0.282	0.510087
binom	1	0.4	0.2	0.27077	0.513433
binom	1	0.5	0.2	0.25884	0.516269
binom	1	0.6	0.2	0.24786	0.519552
binom	1	0.7	0.2	0.23362	0.522551
binom	1	0.8	0.2	0.21382	0.525866
binom	1	0.9	0.2	0.19733	0.528388
