binom	1	0	0.2	0.29153	0.499496
binom	1	0.01	0.2	0.29654	0.500717
binom	1	0.02	0.2	0.29468	0.500856
binom	1	0.03	0.2	0.29401	0.501271
binom	1	0.05	0.2	0.29359	0.501312
binom	1	0.07	0.2	0.29539	0.502281
binom	1	0.08	0.2	0.29284	0.501705
binom	1	0.1	0.2	0.292	0.502779
binom	1	0.2	0.2	0.28917	0.505567
binom	1	0.3	0.2	0.28165	0.509273
binom	1	0.4	0.2	0.27331	0.51321
binom	1	0.5	0.2	0.26284	0.516137
binom	1	0.6	0.2	0.24548	0.519433
binom	1	0.7	0.2	0.22976	0.522413
binom	1	0.8	0.2	0.21175	0.525916
binom	1	0.9	0.2	0.19684	0.528076
