binom	1	0	0.2	0.29411	0.499851
binom	1	0.01	0.2	0.29301	0.499534
binom	1	0.02	0.2	0.29452	0.501236
binom	1	0.03	0.2	0.29477	0.500918
binom	1	0.05	0.2	0.29578	0.501524
binom	1	0.07	0.2	0.29109	0.503183
binom	1	0.08	0.2	0.29365	0.502706
binom	1	0.1	0.2	0.2935	0.503141
binom	1	0.2	0.2	0.28963	0.506034
binom	1	0.3	0.2	0.28021	0.50938
binom	1	0.4	0.2	0.27095	0.512842
binom	1	0.5	0.2	0.25889	0.516284
binom	1	0.6	0.2	0.24629	0.51906
binom	1	0.7	0.2	0.23208	0.522508
binom	1	0.8	0.2	0.21592	0.526033
binom	1	0.9	0.2	0.19793	0.5287
