binom	1	0	0.2	0.29528	0.500259
binom	1	0.01	0.2	0.293	0.50016
binom	1	0.02	0.2	0.29538	0.500314
binom	1	0.03	0.2	0.29703	0.501183
binom	1	0.05	0.2	0.29336	0.501551
binom	1	0.07	0.2	0.29399	0.501667
binom	1	0.08	0.2	0.29558	0.502164
binom	1	0.1	0.2	0.29376	0.503351
binom	1	0.2	0.2	0.28739	0.506857
binom	1	0.3	0.2	0.27988	0.509969
binom	1	0.4	0.2	0.2735	0.512844
binom	1	0.5	0.2	0.25889	0.516952
binom	1	0.6	0.2	0.24581	0.519219
binom	1	0.7	0.2	0.22997	0.522056
binom	1	0.8	0.2	0.21493	0.526325
binom	1	0.9	0.2	0.19712	0.528686
