binom	1	0	0.15	0.14934	0.500346
binom	1	0.01	0.15	0.1489	0.50139
binom	1	0.02	0.15	0.14859	0.502607
binom	1	0.03	0.15	0.14965	0.50395
binom	1	0.05	0.15	0.14641	0.506146
binom	1	0.07	0.15	0.14768	0.508488
binom	1	0.08	0.15	0.14901	0.509089
binom	1	0.1	0.15	0.14919	0.51216
binom	1	0.2	0.15	0.14662	0.525678
binom	1	0.3	0.15	0.14156	0.536666
binom	1	0.4	0.15	0.13608	0.54975
binom	1	0.5	0.15	0.12929	0.561635
binom	1	0.6	0.15	0.12203	0.575497
binom	1	0.7	0.15	0.11296	0.588669
binom	1	0.8	0.15	0.10436	0.601002
binom	1	0.9	0.15	0.09476	0.616628
