binom	1	0	0.15	0.15198	0.500491
binom	1	0.01	0.15	0.15044	0.501703
binom	1	0.02	0.15	0.1501	0.50233
binom	1	0.03	0.15	0.15068	0.503877
binom	1	0.05	0.15	0.14975	0.505454
binom	1	0.07	0.15	0.14894	0.50804
binom	1	0.08	0.15	0.1493	0.508482
binom	1	0.1	0.15	0.14732	0.512129
binom	1	0.2	0.15	0.14971	0.522418
binom	1	0.3	0.15	0.14207	0.533741
binom	1	0.4	0.15	0.1366	0.545663
binom	1	0.5	0.15	0.1289	0.557209
binom	1	0.6	0.15	0.12042	0.569416
binom	1	0.7	0.15	0.11299	0.581714
binom	1	0.8	0.15	0.10329	0.594023
binom	1	0.9	0.15	0.09678	0.606545
