binom	1	0	0.15	0.14928	0.499924
binom	1	0.01	0.15	0.14869	0.501209
binom	1	0.02	0.15	0.14955	0.501521
binom	1	0.03	0.15	0.1501	0.503536
binom	1	0.05	0.15	0.14895	0.505874
binom	1	0.07	0.15	0.14904	0.507277
binom	1	0.08	0.15	0.14816	0.508266
binom	1	0.1	0.15	0.15026	0.511116
binom	1	0.2	0.15	0.14369	0.521627
binom	1	0.3	0.15	0.14214	0.533024
binom	1	0.4	0.15	0.13511	0.544023
binom	1	0.5	0.15	0.12863	0.554999
binom	1	0.6	0.15	0.12119	0.56668
binom	1	0.7	0.15	0.11242	0.578141
binom	1	0.8	0.15	0.10235	0.590539
binom	1	0.9	0.15	0.09431	0.603046
