binom	1	0	0.15	0.13647	0.49974
binom	1	0.01	0.15	0.13459	0.500676
binom	1	0.02	0.15	0.13579	0.501321
binom	1	0.03	0.15	0.13668	0.501356
binom	1	0.05	0.15	0.13512	0.501983
binom	1	0.07	0.15	0.13553	0.504232
binom	1	0.08	0.15	0.13331	0.505644
binom	1	0.1	0.15	0.13594	0.506195
binom	1	0.2	0.15	0.13131	0.512541
binom	1	0.3	0.15	0.12717	0.518642
binom	1	0.4	0.15	0.1214	0.524785
binom	1	0.5	0.15	0.11624	0.531561
binom	1	0.6	0.15	0.10877	0.537569
binom	1	0.7	0.15	0.09977	0.544518
binom	1	0.8	0.15	0.09259	0.549932
binom	1	0.9	0.15	0.08542	0.557067
