binom	1	0	0.15	0.13273	0.500069
binom	1	0.01	0.15	0.12944	0.502577
binom	1	0.02	0.15	0.13025	0.50496
binom	1	0.03	0.15	0.13174	0.506526
binom	1	0.05	0.15	0.12968	0.511431
binom	1	0.07	0.15	0.13032	0.516064
binom	1	0.08	0.15	0.13016	0.517999
binom	1	0.1	0.15	0.12918	0.521539
binom	1	0.2	0.15	0.12719	0.543664
binom	1	0.3	0.15	0.12343	0.566976
binom	1	0.4	0.15	0.11791	0.589309
binom	1	0.5	0.15	0.11036	0.611189
binom	1	0.6	0.15	0.10541	0.634416
binom	1	0.7	0.15	0.09647	0.656948
binom	1	0.8	0.15	0.09043	0.67863
binom	1	0.9	0.15	0.0822	0.70094
