binom	1	0	0.15	0.13568	0.500057
binom	1	0.01	0.15	0.13466	0.501626
binom	1	0.02	0.15	0.1375	0.502393
binom	1	0.03	0.15	0.13493	0.504167
binom	1	0.05	0.15	0.13459	0.506093
binom	1	0.07	0.15	0.13804	0.50969
binom	1	0.08	0.15	0.13576	0.511392
binom	1	0.1	0.15	0.13669	0.51426
binom	1	0.2	0.15	0.13275	0.528164
binom	1	0.3	0.15	0.12849	0.54256
binom	1	0.4	0.15	0.12483	0.5569
binom	1	0.5	0.15	0.11553	0.571976
binom	1	0.6	0.15	0.10977	0.586941
binom	1	0.7	0.15	0.10016	0.60262
binom	1	0.8	0.15	0.09274	0.618017
binom	1	0.9	0.15	0.08735	0.634093
