binom	1	0	0.15	0.14755	0.499589
binom	1	0.01	0.15	0.14802	0.501365
binom	1	0.02	0.15	0.15014	0.503134
binom	1	0.03	0.15	0.14842	0.503806
binom	1	0.05	0.15	0.14597	0.507384
binom	1	0.07	0.15	0.14703	0.510655
binom	1	0.08	0.15	0.14506	0.51209
binom	1	0.1	0.15	0.14654	0.514959
binom	1	0.2	0.15	0.14292	0.529386
binom	1	0.3	0.15	0.14067	0.545094
binom	1	0.4	0.15	0.13563	0.559585
binom	1	0.5	0.15	0.12735	0.575576
binom	1	0.6	0.15	0.11875	0.591683
binom	1	0.7	0.15	0.10998	0.607628
binom	1	0.8	0.15	0.10526	0.623559
binom	1	0.9	0.15	0.094	0.641938
