binom	1	0	0.15	0.13557	0.49936
binom	1	0.01	0.15	0.13506	0.501288
binom	1	0.02	0.15	0.13215	0.503651
binom	1	0.03	0.15	0.13551	0.505434
binom	1	0.05	0.15	0.13695	0.509265
binom	1	0.07	0.15	0.13311	0.513652
binom	1	0.08	0.15	0.13499	0.514968
binom	1	0.1	0.15	0.13373	0.518455
binom	1	0.2	0.15	0.13167	0.538069
binom	1	0.3	0.15	0.12707	0.557756
binom	1	0.4	0.15	0.12145	0.576854
binom	1	0.5	0.15	0.11126	0.597794
binom	1	0.6	0.15	0.1033	0.619931
binom	1	0.7	0.15	0.09359	0.642024
binom	1	0.8	0.15	0.08349	0.664842
binom	1	0.9	0.15	0.07486	0.689308
