binom	1	0	0.15	0.15329	0.5003
binom	1	0.01	0.15	0.15381	0.502802
binom	1	0.02	0.15	0.15418	0.503173
binom	1	0.03	0.15	0.15372	0.504081
binom	1	0.05	0.15	0.15593	0.5075
binom	1	0.07	0.15	0.15438	0.510771
binom	1	0.08	0.15	0.15427	0.512983
binom	1	0.1	0.15	0.1515	0.516251
binom	1	0.2	0.15	0.14895	0.532818
binom	1	0.3	0.15	0.1466	0.549224
binom	1	0.4	0.15	0.14054	0.564806
binom	1	0.5	0.15	0.13177	0.582249
binom	1	0.6	0.15	0.12491	0.599153
binom	1	0.7	0.15	0.1149	0.616967
binom	1	0.8	0.15	0.1083	0.635102
binom	1	0.9	0.15	0.09892	0.654471
