binom	1	0	0.15	0.21272	0.499702
binom	1	0.01	0.15	0.21297	0.50142
binom	1	0.02	0.15	0.21171	0.501731
binom	1	0.03	0.15	0.21243	0.5025
binom	1	0.05	0.15	0.20906	0.505103
binom	1	0.07	0.15	0.21035	0.506616
binom	1	0.08	0.15	0.21066	0.507455
binom	1	0.1	0.15	0.21271	0.509099
binom	1	0.2	0.15	0.20738	0.518328
binom	1	0.3	0.15	0.20056	0.528512
binom	1	0.4	0.15	0.19413	0.537249
binom	1	0.5	0.15	0.18409	0.547428
binom	1	0.6	0.15	0.17024	0.558605
binom	1	0.7	0.15	0.16042	0.569157
binom	1	0.8	0.15	0.14732	0.58073
binom	1	0.9	0.15	0.13514	0.593225
