binom	1	0	0.01	0.02031	0.503343
binom	1	0.01	0.01	0.01965	0.503898
binom	1	0.02	0.01	0.01971	0.504531
binom	1	0.03	0.01	0.02027	0.506206
binom	1	0.05	0.01	0.02003	0.510799
binom	1	0.07	0.01	0.01929	0.512888
binom	1	0.08	0.01	0.02051	0.514276
binom	1	0.1	0.01	0.02006	0.517607
binom	1	0.2	0.01	0.01922	0.536046
binom	1	0.3	0.01	0.01909	0.551812
binom	1	0.4	0.01	0.01819	0.572452
binom	1	0.5	0.01	0.01828	0.589847
binom	1	0.6	0.01	0.01649	0.60872
binom	1	0.7	0.01	0.01468	0.626376
binom	1	0.8	0.01	0.01444	0.643414
binom	1	0.9	0.01	0.01282	0.66702
