binom	1	0	0.15	0.1798	0.500032
binom	1	0.01	0.15	0.1789	0.501819
binom	1	0.02	0.15	0.17823	0.503981
binom	1	0.03	0.15	0.1796	0.504378
binom	1	0.05	0.15	0.17864	0.50815
binom	1	0.07	0.15	0.17766	0.511126
binom	1	0.08	0.15	0.17809	0.512896
binom	1	0.1	0.15	0.17995	0.51575
binom	1	0.2	0.15	0.17533	0.53188
binom	1	0.3	0.15	0.16922	0.547901
binom	1	0.4	0.15	0.1631	0.564029
binom	1	0.5	0.15	0.155	0.58042
binom	1	0.6	0.15	0.14668	0.59708
binom	1	0.7	0.15	0.13561	0.614098
binom	1	0.8	0.15	0.12602	0.632408
binom	1	0.9	0.15	0.11488	0.650223
