binom	1	0	0.15	0.12869	0.500913
binom	1	0.01	0.15	0.12652	0.499597
binom	1	0.02	0.15	0.12703	0.50049
binom	1	0.03	0.15	0.12912	0.501291
binom	1	0.05	0.15	0.12855	0.501312
binom	1	0.07	0.15	0.129	0.50187
binom	1	0.08	0.15	0.12774	0.502155
binom	1	0.1	0.15	0.12741	0.503381
binom	1	0.2	0.15	0.12497	0.506875
binom	1	0.3	0.15	0.12136	0.510171
binom	1	0.4	0.15	0.11403	0.512101
binom	1	0.5	0.15	0.10873	0.515979
binom	1	0.6	0.15	0.10216	0.519829
binom	1	0.7	0.15	0.09501	0.522146
binom	1	0.8	0.15	0.08783	0.52455
binom	1	0.9	0.15	0.08099	0.526997
