24 66
24 63
24 4
66 63
66 4
63 4
88 66
88 24
88 4
83 88
83 4
83 63
9 4
9 88
9 66
99 4
99 63
99 9
68 83
68 4
68 66
36 88
36 99
36 66
35 68
35 24
35 99
0 9
0 88
0 36
72 36
72 24
72 4
86 83
86 4
86 24
14 35
14 24
14 72
64 9
64 72
64 36
18 0
18 64
18 83
23 18
23 88
23 4
65 24
65 83
65 88
52 65
52 83
52 0
73 4
73 64
73 86
32 64
32 24
32 68
96 35
96 64
96 63
40 68
40 14
40 73
97 72
97 0
97 63
45 73
45 64
45 0
75 36
75 66
75 83
1 68
1 96
1 72
17 96
17 88
17 73
12 4
12 24
12 73
3 64
3 68
3 88
8 64
8 24
8 97
51 72
51 64
51 4
55 24
55 65
55 23
46 4
46 36
46 55
11 65
11 18
11 83
25 9
25 64
25 40
33 46
33 4
33 45
31 86
31 36
31 75
98 51
98 72
98 14
69 0
69 66
69 17
93 88
93 35
93 40
71 4
71 45
71 66
54 3
54 73
54 98
50 66
50 45
50 75
60 52
60 24
60 45
2 1
2 86
2 3
13 93
13 64
13 83
28 17
28 11
28 24
87 97
87 65
87 28
94 96
94 51
94 28
77 66
77 36
77 18
5 69
5 2
5 71
42 54
42 3
42 75
56 77
56 65
56 66
79 24
79 8
79 68
27 97
27 56
27 96
76 63
76 24
76 77
39 36
39 98
39 24
81 97
81 83
81 56
44 55
44 12
44 66
49 97
49 79
49 54
57 64
57 27
57 51
38 39
38 24
38 42
21 12
21 54
21 17
53 76
53 66
53 28
85 44
85 83
85 35
26 97
26 4
26 64
70 40
70 50
70 73
92 72
92 63
92 8
10 11
10 73
10 79
34 39
34 2
34 18
90 52
90 55
90 4
67 51
67 99
67 32
89 83
89 45
89 90
22 85
22 50
22 99
15 98
15 65
15 72
80 4
80 11
80 21
30 97
30 10
30 2
6 64
6 75
6 99
7 12
7 27
7 69
95 35
95 6
95 71
20 53
20 13
20 69
78 89
78 18
78 7
19 96
19 15
19 93
43 34
43 24
43 86
37 3
37 6
37 4
58 6
58 0
58 37
82 69
82 33
82 30
59 20
59 5
59 11
29 64
29 68
29 69
48 10
48 83
48 75
16 32
16 10
16 24
62 59
62 70
62 97
84 77
84 11
84 86
91 99
91 75
91 51
47 55
47 31
47 14
41 66
41 9
41 91
61 24
61 65
61 45
74 61
74 14
74 35
