89 77
89 24
89 32
77 24
77 32
24 32
95 89
95 24
95 32
22 32
22 77
22 95
58 24
58 89
58 95
86 89
86 22
86 58
19 89
19 58
19 32
64 58
64 32
64 86
25 24
25 95
25 22
12 22
12 95
12 32
72 19
72 95
72 77
29 32
29 12
29 64
56 22
56 95
56 77
28 58
28 32
28 64
34 77
34 29
34 28
53 95
53 32
53 77
14 95
14 34
14 58
2 77
2 72
2 19
91 77
91 72
91 86
7 58
7 95
7 53
9 95
9 12
9 24
96 19
96 29
96 77
8 77
8 91
8 56
0 24
0 32
0 12
83 22
83 12
83 24
5 86
5 25
5 12
46 29
46 28
46 22
23 53
23 32
23 91
38 23
38 53
38 77
20 24
20 72
20 64
87 24
87 95
87 32
66 77
66 89
66 24
11 32
11 95
11 38
62 87
62 77
62 22
50 77
50 24
50 32
81 53
81 2
81 12
1 23
1 77
1 32
85 89
85 58
85 72
60 50
60 89
60 95
41 64
41 32
41 77
71 5
71 23
71 58
27 23
27 56
27 64
42 32
42 56
42 8
36 32
36 20
36 38
40 89
40 46
40 24
59 91
59 96
59 7
52 29
52 91
52 95
35 95
35 32
35 50
88 8
88 72
88 22
43 19
43 29
43 77
70 32
70 22
70 95
37 22
37 20
37 52
73 29
73 87
73 7
63 87
63 88
63 7
57 73
57 24
57 86
99 32
99 50
99 53
98 83
98 58
98 23
55 89
55 37
55 99
92 95
92 50
92 22
33 55
33 53
33 40
94 29
94 56
94 58
18 0
18 95
18 2
21 24
21 32
21 66
4 58
4 27
4 92
45 19
45 40
45 35
17 95
17 29
17 2
67 23
67 24
67 32
90 21
90 27
90 58
48 95
48 29
48 8
44 72
44 35
44 56
79 0
79 89
79 66
84 12
84 53
84 43
6 55
6 87
6 46
31 33
31 58
31 14
15 53
15 18
15 95
75 31
75 25
75 50
51 36
51 57
51 32
10 62
10 94
10 50
30 87
30 46
30 34
49 20
49 17
49 34
97 23
97 10
97 34
69 32
69 10
69 34
54 99
54 92
54 42
26 58
26 77
26 36
82 36
82 35
82 18
47 22
47 87
47 32
74 77
74 49
74 79
80 38
80 32
80 45
39 95
39 36
39 59
68 46
68 95
68 39
93 32
93 55
93 31
65 34
65 37
65 66
61 72
61 99
61 22
3 99
3 20
3 58
78 55
78 32
78 10
13 77
13 32
13 6
16 95
16 36
16 32
76 86
76 38
76 85
