56 50
56 9
56 55
56 54
56 79
56 48
56 47
56 91
56 92
56 27
56 20
56 88
56 94
56 28
56 35
56 67
56 87
56 44
56 61
56 7
50 9
50 55
50 54
50 79
50 48
50 47
50 91
50 92
50 27
50 20
50 88
50 94
50 28
50 35
50 67
50 87
50 44
50 61
50 7
9 55
9 54
9 79
9 48
9 47
9 91
9 92
9 27
9 20
9 88
9 94
9 28
9 35
9 67
9 87
9 44
9 61
9 7
55 54
55 79
55 48
55 47
55 91
55 92
55 27
55 20
55 88
55 94
55 28
55 35
55 67
55 87
55 44
55 61
55 7
54 79
54 48
54 47
54 91
54 92
54 27
54 20
54 88
54 94
54 28
54 35
54 67
54 87
54 44
54 61
54 7
79 48
79 47
79 91
79 92
79 27
79 20
79 88
79 94
79 28
79 35
79 67
79 87
79 44
79 61
79 7
48 47
48 91
48 92
48 27
48 20
48 88
48 94
48 28
48 35
48 67
48 87
48 44
48 61
48 7
47 91
47 92
47 27
47 20
47 88
47 94
47 28
47 35
47 67
47 87
47 44
47 61
47 7
91 92
91 27
91 20
91 88
91 94
91 28
91 35
91 67
91 87
91 44
91 61
91 7
92 27
92 20
92 88
92 94
92 28
92 35
92 67
92 87
92 44
92 61
92 7
27 20
27 88
27 94
27 28
27 35
27 67
27 87
27 44
27 61
27 7
20 88
20 94
20 28
20 35
20 67
20 87
20 44
20 61
20 7
88 94
88 28
88 35
88 67
88 87
88 44
88 61
88 7
94 28
94 35
94 67
94 87
94 44
94 61
94 7
28 35
28 67
28 87
28 44
28 61
28 7
35 67
35 87
35 44
35 61
35 7
67 87
67 44
67 61
67 7
87 44
87 61
87 7
44 61
44 7
61 7
16 54
16 92
16 67
16 20
16 28
16 79
16 50
16 88
16 47
16 9
16 61
16 27
16 94
16 87
16 56
16 44
16 35
16 55
16 7
16 91
64 56
64 67
64 94
64 16
64 87
64 61
64 27
64 79
64 88
64 92
64 20
64 44
64 50
64 91
64 28
64 35
64 48
64 9
64 54
64 47
5 92
5 35
5 50
5 54
5 20
5 91
5 88
5 7
5 47
5 44
5 27
5 9
5 79
5 56
5 55
5 87
5 16
5 48
5 94
5 61
51 9
51 44
51 48
51 56
51 92
51 94
51 35
51 55
51 87
51 7
51 64
51 54
51 61
51 88
51 5
51 20
51 27
51 28
51 50
51 79
59 87
59 16
59 27
59 50
59 55
59 67
59 35
59 61
59 7
59 9
59 88
59 5
59 28
59 20
59 92
59 91
59 94
59 48
59 44
59 56
23 48
23 9
23 20
23 5
23 54
23 61
23 44
23 56
23 27
23 88
23 92
23 87
23 94
23 47
23 67
23 55
23 16
23 59
23 91
23 28
45 27
45 92
45 51
45 20
45 23
45 79
45 94
45 56
45 88
45 44
45 54
45 48
45 35
45 91
45 28
45 64
45 50
45 87
45 59
45 5
60 92
60 94
60 59
60 27
60 50
60 56
60 16
60 54
60 5
60 79
60 23
60 45
60 51
60 35
60 28
60 67
60 48
60 47
60 91
60 87
26 59
26 79
26 54
26 23
26 87
26 67
26 48
26 47
26 35
26 45
26 44
26 92
26 94
26 60
26 27
26 51
26 61
26 20
26 56
26 91
86 59
86 88
86 94
86 91
86 35
86 7
86 92
86 47
86 87
86 55
86 60
86 16
86 44
86 9
86 61
86 64
86 28
86 48
86 54
86 56
72 87
72 47
72 20
72 91
72 45
72 64
72 26
72 44
72 48
72 50
72 61
72 51
72 9
72 16
72 54
72 67
72 79
72 94
72 56
72 88
1 27
1 88
1 79
1 23
1 61
1 28
1 54
1 67
1 60
1 7
1 92
1 26
1 59
1 35
1 47
1 91
1 56
1 87
1 86
1 20
84 27
84 1
84 16
84 59
84 44
84 48
84 26
84 67
84 47
84 56
84 50
84 86
84 45
84 28
84 72
84 92
84 5
84 61
84 54
84 51
65 44
65 20
65 23
65 88
65 1
65 48
65 51
65 92
65 86
65 35
65 47
65 94
65 91
65 54
65 16
65 28
65 50
65 5
65 84
65 67
42 54
42 87
42 47
42 65
42 61
42 79
42 56
42 7
42 27
42 35
42 1
42 16
42 59
42 9
42 72
42 64
42 20
42 92
42 84
42 26
24 61
24 91
24 72
24 42
24 55
24 47
24 92
24 87
24 94
24 1
24 56
24 60
24 48
24 45
24 16
24 26
24 5
24 9
24 64
24 23
46 1
46 54
46 50
46 23
46 9
46 28
46 27
46 88
46 65
46 55
46 84
46 20
46 94
46 59
46 7
46 92
46 72
46 61
46 5
46 87
98 59
98 9
98 50
98 20
98 54
98 88
98 65
98 61
98 86
98 48
98 92
98 5
98 45
98 35
98 51
98 87
98 26
98 16
98 94
98 56
11 44
11 42
11 20
11 67
11 54
11 35
11 26
11 48
11 27
11 65
11 98
11 51
11 55
11 1
11 91
11 92
11 45
11 84
11 7
11 50
40 91
40 48
40 54
40 94
40 72
40 87
40 28
40 7
40 35
40 61
40 42
40 51
40 88
40 55
40 79
40 56
40 47
40 20
40 9
40 67
75 50
75 54
75 92
75 7
75 56
75 45
75 24
75 48
75 94
75 47
75 55
75 5
75 88
75 59
75 1
75 11
75 16
75 28
75 84
75 67
95 9
95 94
95 27
95 35
95 1
95 98
95 23
95 54
95 59
95 16
95 48
95 51
95 67
95 42
95 75
95 50
95 92
95 55
95 87
95 45
73 87
73 59
73 88
73 11
73 27
73 9
73 7
73 35
73 54
73 50
73 40
73 98
73 56
73 67
73 92
73 45
73 86
73 20
73 48
73 61
63 28
63 20
63 84
63 64
63 16
63 1
63 46
63 87
63 9
63 91
63 35
63 92
63 50
63 7
63 48
63 67
63 98
63 55
63 59
63 27
89 20
89 24
89 28
89 44
89 91
89 7
89 94
89 9
89 92
89 72
89 86
89 87
89 67
89 5
89 16
89 1
89 95
89 61
89 48
89 56
69 50
69 9
69 59
69 55
69 54
69 16
69 92
69 51
69 26
69 35
69 47
69 94
69 45
69 91
69 27
69 63
69 48
69 7
69 23
69 87
77 7
77 9
77 5
77 94
77 75
77 45
77 46
77 35
77 67
77 92
77 59
77 28
77 98
77 64
77 42
77 86
77 20
77 63
77 40
77 87
15 77
15 61
15 72
15 92
15 26
15 84
15 35
15 16
15 87
15 44
15 88
15 65
15 67
15 20
15 55
15 91
15 51
15 63
15 24
15 95
25 60
25 88
25 11
25 84
25 50
25 9
25 59
25 48
25 27
25 5
25 40
25 15
25 73
25 45
25 91
25 35
25 92
25 56
25 23
25 44
36 67
36 94
36 16
36 23
36 92
36 45
36 87
36 91
36 47
36 44
36 48
36 88
36 35
36 59
36 61
36 25
36 40
36 7
36 51
36 54
10 84
10 79
10 5
10 7
10 98
10 94
10 87
10 88
10 89
10 24
10 48
10 1
10 59
10 35
10 54
10 91
10 20
10 73
10 95
10 47
0 88
0 9
0 35
0 47
0 55
0 23
0 45
0 87
0 36
0 20
0 92
0 94
0 75
0 84
0 61
0 48
0 67
0 25
0 59
0 28
52 35
52 23
52 54
52 94
52 9
52 63
52 61
52 87
52 92
52 67
52 55
52 48
52 47
52 28
52 50
52 75
52 0
52 77
52 84
52 98
22 84
22 64
22 56
22 54
22 9
22 87
22 27
22 46
22 72
22 10
22 91
22 48
22 50
22 61
22 28
22 23
22 59
22 35
22 94
22 95
83 56
83 67
83 26
83 95
83 48
83 55
83 15
83 22
83 7
83 11
83 45
83 61
83 65
83 60
83 94
83 54
83 27
83 9
83 50
83 73
37 15
37 91
37 28
37 88
37 61
37 77
37 50
37 48
37 26
37 86
37 9
37 24
37 55
37 95
37 23
37 92
37 94
37 98
37 84
37 5
34 7
34 54
34 87
34 59
34 1
34 92
34 26
34 63
34 36
34 15
34 24
34 9
34 61
34 35
34 56
34 75
34 20
34 47
34 79
34 42
39 45
39 88
39 55
39 67
39 54
39 61
39 5
39 91
39 28
39 23
39 36
39 87
39 59
39 35
39 79
39 92
39 42
39 94
39 44
39 56
96 91
96 35
96 50
96 20
96 87
96 61
96 42
96 7
96 55
96 84
96 94
96 56
96 11
96 59
96 79
96 26
96 9
96 86
96 27
96 72
85 92
85 11
85 7
85 23
85 50
85 89
85 88
85 67
85 87
85 1
85 54
85 79
85 20
85 64
85 73
85 26
85 83
85 5
85 27
85 45
14 92
14 23
14 16
14 35
14 65
14 54
14 72
14 1
14 48
14 0
14 88
14 84
14 51
14 86
14 10
14 91
14 67
14 15
14 5
14 27
18 16
18 67
18 84
18 87
18 20
18 79
18 61
18 9
18 91
18 47
18 55
18 96
18 45
18 92
18 73
18 94
18 44
18 69
18 54
18 46
57 67
57 20
57 7
57 94
57 48
57 88
57 45
57 72
57 92
57 56
57 55
57 11
57 50
57 91
57 61
57 63
57 25
57 15
57 87
57 27
90 51
90 96
90 98
90 79
90 9
90 67
90 28
90 94
90 5
90 16
90 48
90 26
90 47
90 95
90 86
90 15
90 87
90 91
90 44
90 73
3 86
3 65
3 48
3 88
3 94
3 84
3 55
3 35
3 7
3 36
3 92
3 20
3 79
3 87
3 91
3 56
3 1
3 73
3 98
3 44
62 16
62 56
62 87
62 91
62 50
62 45
62 65
62 67
62 94
62 92
62 9
62 61
62 28
62 35
62 95
62 24
62 59
62 51
62 96
62 36
66 92
66 45
66 63
66 54
66 77
66 60
66 1
66 9
66 7
66 11
66 61
66 94
66 59
66 50
66 16
66 88
66 10
66 55
66 69
66 27
6 50
6 26
6 5
6 35
6 0
6 56
6 52
6 84
6 91
6 42
6 23
6 51
6 86
6 67
6 7
6 61
6 63
6 94
6 73
6 27
29 39
29 75
29 16
29 61
29 22
29 9
29 35
29 7
29 20
29 63
29 44
29 55
29 59
29 88
29 28
29 11
29 87
29 96
29 50
29 84
68 60
68 88
68 54
68 35
68 67
68 34
68 11
68 15
68 79
68 59
68 10
68 48
68 92
68 87
68 28
68 94
68 56
68 61
68 27
68 5
93 16
93 34
93 54
93 50
93 25
93 60
93 88
93 87
93 23
93 45
93 64
93 48
93 86
93 94
93 59
93 1
93 55
93 26
93 91
93 67
76 44
76 48
76 87
76 36
76 52
76 61
76 65
76 98
76 92
76 35
76 16
76 14
76 59
76 67
76 20
76 50
76 7
76 93
76 91
76 94
2 16
2 90
2 28
2 10
2 92
2 60
2 23
2 40
2 87
2 42
2 94
2 20
2 9
2 1
2 24
2 5
2 15
2 44
2 67
2 56
78 65
78 35
78 14
78 55
78 61
78 88
78 28
78 92
78 44
78 45
78 66
78 75
78 67
78 59
78 47
78 51
78 50
78 94
78 64
78 20
43 9
43 48
43 60
43 96
43 67
43 85
43 98
43 83
43 55
43 54
43 61
43 75
43 87
43 34
43 65
43 94
43 59
43 72
43 35
43 91
32 85
32 28
32 59
32 22
32 35
32 84
32 55
32 96
32 44
32 61
32 51
32 11
32 0
32 1
32 67
32 89
32 87
32 56
32 69
32 92
97 42
97 67
97 5
97 48
97 9
97 75
97 35
97 84
97 50
97 60
97 28
97 32
97 94
97 73
97 46
97 55
97 11
97 63
97 51
97 1
33 88
33 35
33 56
33 87
33 67
33 59
33 27
33 92
33 48
33 61
33 26
33 10
33 54
33 72
33 44
33 94
33 91
33 47
33 29
33 23
80 67
80 7
80 45
80 73
80 97
80 33
80 32
80 96
80 60
80 92
80 40
80 50
80 26
80 3
80 87
80 79
80 28
80 61
80 35
80 11
19 23
19 84
19 48
19 91
19 50
19 94
19 16
19 92
19 98
19 0
19 35
19 55
19 56
19 45
19 68
19 44
19 59
19 7
19 61
19 36
30 60
30 23
30 7
30 50
30 35
30 94
30 15
30 72
30 96
30 55
30 57
30 37
30 87
30 5
30 51
30 88
30 9
30 47
30 56
30 45
13 51
13 91
13 84
13 36
13 92
13 48
13 2
13 94
13 89
13 28
13 55
13 0
13 61
13 27
13 1
13 16
13 20
13 50
13 76
13 35
21 94
21 61
21 26
21 16
21 36
21 11
21 33
21 45
21 9
21 98
21 87
21 86
21 35
21 20
21 7
21 44
21 59
21 72
21 3
21 46
49 98
49 19
49 28
49 35
49 27
49 94
49 92
49 21
49 55
49 0
49 44
49 15
49 86
49 42
49 67
49 1
49 59
49 87
49 5
49 90
38 88
38 3
38 75
38 48
38 61
38 45
38 6
38 85
38 35
38 87
38 7
38 14
38 56
38 94
38 91
38 65
38 42
38 47
38 59
38 92
82 35
82 16
82 23
82 61
82 54
82 87
82 37
82 59
82 29
82 5
82 67
82 11
82 20
82 60
82 55
82 27
82 98
82 94
82 95
82 85
70 75
70 22
70 20
70 91
70 61
70 50
70 54
70 35
70 67
70 72
70 82
70 98
70 33
70 2
70 65
70 83
70 7
70 55
70 28
70 16
17 5
17 54
17 39
17 35
17 23
17 66
17 91
17 61
17 87
17 67
17 9
17 94
17 72
17 48
17 20
17 24
17 2
17 92
17 62
17 95
99 68
99 56
99 87
99 94
99 28
99 85
99 23
99 86
99 95
99 61
99 88
99 20
99 7
99 79
99 9
99 51
99 26
99 5
99 92
99 50
71 59
71 36
71 93
71 91
71 1
71 16
71 87
71 38
71 35
71 55
71 25
71 92
71 88
71 28
71 65
71 56
71 9
71 44
71 69
71 94
4 48
4 23
4 59
4 47
4 9
4 72
4 27
4 73
4 67
4 50
4 68
4 11
4 35
4 65
4 76
4 29
4 7
4 25
4 91
4 15
81 94
81 2
81 28
81 84
81 26
81 69
81 16
81 35
81 6
81 86
81 48
81 88
81 61
81 98
81 67
81 11
81 54
81 80
81 23
81 49
12 98
12 59
12 35
12 84
12 54
12 88
12 55
12 92
12 87
12 75
12 21
12 91
12 23
12 45
12 11
12 44
12 66
12 36
12 14
12 72
74 50
74 14
74 71
74 66
74 23
74 7
74 35
74 55
74 79
74 64
74 61
74 91
74 24
74 15
74 0
74 84
74 26
74 47
74 27
74 44
41 28
41 97
41 50
41 94
41 61
41 9
41 92
41 96
41 55
41 75
41 16
41 23
41 14
41 81
41 52
41 35
41 25
41 1
41 88
41 27
58 16
58 56
58 9
58 20
58 11
58 59
58 12
58 63
58 44
58 38
58 87
58 10
58 51
58 84
58 35
58 94
58 74
58 92
58 40
58 80
31 91
31 23
31 92
31 60
31 38
31 94
31 16
31 69
31 85
31 20
31 35
31 98
31 5
31 66
31 48
31 47
31 87
31 79
31 2
31 45
53 84
53 47
53 48
53 26
53 72
53 60
53 92
53 20
53 44
53 23
53 28
53 61
53 11
53 35
53 45
53 55
53 49
53 27
53 59
53 9
8 73
8 67
8 9
8 85
8 87
8 77
8 69
8 44
8 78
8 61
8 55
8 63
8 90
8 26
8 94
8 27
8 28
8 56
8 35
8 47
