49 8
49 40
49 42
49 46
49 39
49 68
49 18
49 15
49 81
49 9
49 78
49 5
49 60
49 0
49 79
49 76
49 3
49 83
49 26
49 43
49 57
49 94
49 95
49 19
49 48
49 7
49 92
49 45
49 88
49 36
8 40
8 42
8 46
8 39
8 68
8 18
8 15
8 81
8 9
8 78
8 5
8 60
8 0
8 79
8 76
8 3
8 83
8 26
8 43
8 57
8 94
8 95
8 19
8 48
8 7
8 92
8 45
8 88
8 36
40 42
40 46
40 39
40 68
40 18
40 15
40 81
40 9
40 78
40 5
40 60
40 0
40 79
40 76
40 3
40 83
40 26
40 43
40 57
40 94
40 95
40 19
40 48
40 7
40 92
40 45
40 88
40 36
42 46
42 39
42 68
42 18
42 15
42 81
42 9
42 78
42 5
42 60
42 0
42 79
42 76
42 3
42 83
42 26
42 43
42 57
42 94
42 95
42 19
42 48
42 7
42 92
42 45
42 88
42 36
46 39
46 68
46 18
46 15
46 81
46 9
46 78
46 5
46 60
46 0
46 79
46 76
46 3
46 83
46 26
46 43
46 57
46 94
46 95
46 19
46 48
46 7
46 92
46 45
46 88
46 36
39 68
39 18
39 15
39 81
39 9
39 78
39 5
39 60
39 0
39 79
39 76
39 3
39 83
39 26
39 43
39 57
39 94
39 95
39 19
39 48
39 7
39 92
39 45
39 88
39 36
68 18
68 15
68 81
68 9
68 78
68 5
68 60
68 0
68 79
68 76
68 3
68 83
68 26
68 43
68 57
68 94
68 95
68 19
68 48
68 7
68 92
68 45
68 88
68 36
18 15
18 81
18 9
18 78
18 5
18 60
18 0
18 79
18 76
18 3
18 83
18 26
18 43
18 57
18 94
18 95
18 19
18 48
18 7
18 92
18 45
18 88
18 36
15 81
15 9
15 78
15 5
15 60
15 0
15 79
15 76
15 3
15 83
15 26
15 43
15 57
15 94
15 95
15 19
15 48
15 7
15 92
15 45
15 88
15 36
81 9
81 78
81 5
81 60
81 0
81 79
81 76
81 3
81 83
81 26
81 43
81 57
81 94
81 95
81 19
81 48
81 7
81 92
81 45
81 88
81 36
9 78
9 5
9 60
9 0
9 79
9 76
9 3
9 83
9 26
9 43
9 57
9 94
9 95
9 19
9 48
9 7
9 92
9 45
9 88
9 36
78 5
78 60
78 0
78 79
78 76
78 3
78 83
78 26
78 43
78 57
78 94
78 95
78 19
78 48
78 7
78 92
78 45
78 88
78 36
5 60
5 0
5 79
5 76
5 3
5 83
5 26
5 43
5 57
5 94
5 95
5 19
5 48
5 7
5 92
5 45
5 88
5 36
60 0
60 79
60 76
60 3
60 83
60 26
60 43
60 57
60 94
60 95
60 19
60 48
60 7
60 92
60 45
60 88
60 36
0 79
0 76
0 3
0 83
0 26
0 43
0 57
0 94
0 95
0 19
0 48
0 7
0 92
0 45
0 88
0 36
79 76
79 3
79 83
79 26
79 43
79 57
79 94
79 95
79 19
79 48
79 7
79 92
79 45
79 88
79 36
76 3
76 83
76 26
76 43
76 57
76 94
76 95
76 19
76 48
76 7
76 92
76 45
76 88
76 36
3 83
3 26
3 43
3 57
3 94
3 95
3 19
3 48
3 7
3 92
3 45
3 88
3 36
83 26
83 43
83 57
83 94
83 95
83 19
83 48
83 7
83 92
83 45
83 88
83 36
26 43
26 57
26 94
26 95
26 19
26 48
26 7
26 92
26 45
26 88
26 36
43 57
43 94
43 95
43 19
43 48
43 7
43 92
43 45
43 88
43 36
57 94
57 95
57 19
57 48
57 7
57 92
57 45
57 88
57 36
94 95
94 19
94 48
94 7
94 92
94 45
94 88
94 36
95 19
95 48
95 7
95 92
95 45
95 88
95 36
19 48
19 7
19 92
19 45
19 88
19 36
48 7
48 92
48 45
48 88
48 36
7 92
7 45
7 88
7 36
92 45
92 88
92 36
45 88
45 36
88 36
17 83
17 81
17 26
17 79
17 7
17 46
17 8
17 92
17 0
17 68
17 42
17 88
17 76
17 5
17 19
17 3
17 48
17 78
17 45
17 39
17 95
17 43
17 94
17 15
17 36
17 18
17 9
17 57
17 60
17 40
41 0
41 40
41 81
41 9
41 57
41 39
41 48
41 17
41 49
41 88
41 95
41 42
41 94
41 15
41 7
41 45
41 83
41 3
41 79
41 18
41 43
41 5
41 46
41 36
41 76
41 8
41 60
41 78
41 19
41 68
69 0
69 8
69 95
69 18
69 49
69 92
69 39
69 68
69 76
69 41
69 57
69 40
69 9
69 3
69 79
69 45
69 94
69 48
69 7
69 78
69 42
69 36
69 5
69 88
69 26
69 81
69 60
69 19
69 46
69 17
12 0
12 76
12 49
12 15
12 88
12 39
12 81
12 3
12 41
12 83
12 68
12 26
12 48
12 7
12 8
12 45
12 18
12 17
12 60
12 40
12 94
12 57
12 95
12 9
12 36
12 19
12 42
12 5
12 46
12 92
16 48
16 42
16 15
16 41
16 5
16 40
16 26
16 46
16 3
16 78
16 8
16 81
16 39
16 0
16 18
16 68
16 43
16 79
16 94
16 57
16 17
16 19
16 83
16 45
16 7
16 69
16 76
16 95
16 49
16 60
35 39
35 40
35 46
35 81
35 7
35 45
35 8
35 0
35 3
35 88
35 78
35 60
35 43
35 36
35 5
35 95
35 68
35 94
35 16
35 83
35 9
35 69
35 76
35 17
35 19
35 18
35 42
35 57
35 79
35 48
97 95
97 3
97 94
97 9
97 17
97 81
97 19
97 15
97 46
97 7
97 79
97 76
97 49
97 48
97 42
97 69
97 83
97 68
97 5
97 45
97 40
97 88
97 18
97 12
97 26
97 60
97 36
97 8
97 35
97 41
50 15
50 88
50 94
50 39
50 18
50 78
50 42
50 9
50 79
50 7
50 68
50 17
50 45
50 41
50 3
50 81
50 35
50 83
50 92
50 40
50 36
50 60
50 0
50 76
50 26
50 19
50 49
50 16
50 43
50 12
38 76
38 41
38 45
38 8
38 97
38 5
38 79
38 94
38 49
38 81
38 46
38 16
38 68
38 95
38 9
38 40
38 12
38 19
38 3
38 39
38 92
38 35
38 88
38 48
38 26
38 42
38 57
38 0
38 15
38 60
20 45
20 5
20 35
20 8
20 60
20 39
20 48
20 17
20 81
20 57
20 49
20 92
20 3
20 43
20 69
20 95
20 36
20 7
20 88
20 12
20 68
20 19
20 18
20 26
20 76
20 15
20 94
20 40
20 83
20 78
54 3
54 8
54 94
54 7
54 20
54 68
54 81
54 95
54 79
54 78
54 19
54 88
54 57
54 18
54 39
54 15
54 9
54 0
54 83
54 38
54 92
54 35
54 97
54 76
54 48
54 60
54 40
54 49
54 46
54 41
86 19
86 8
86 15
86 79
86 60
86 92
86 49
86 40
86 43
86 3
86 18
86 57
86 0
86 35
86 26
86 5
86 36
86 7
86 9
86 46
86 97
86 17
86 76
86 42
86 83
86 88
86 78
86 12
86 45
86 81
71 7
71 95
71 26
71 88
71 69
71 50
71 8
71 57
71 36
71 12
71 46
71 92
71 45
71 78
71 39
71 83
71 41
71 0
71 5
71 35
71 81
71 68
71 18
71 3
71 15
71 19
71 60
71 79
71 9
71 76
1 78
1 5
1 19
1 3
1 48
1 79
1 68
1 26
1 8
1 36
1 83
1 94
1 92
1 88
1 7
1 60
1 76
1 57
1 50
1 97
1 18
1 45
1 20
1 95
1 43
1 46
1 15
1 9
1 35
1 0
63 35
63 45
63 41
63 15
63 39
63 92
63 26
63 1
63 0
63 9
63 50
63 95
63 68
63 18
63 16
63 7
63 36
63 3
63 83
63 49
63 60
63 76
63 57
63 54
63 8
63 94
63 19
63 88
63 38
63 48
85 3
85 42
85 12
85 26
85 19
85 18
85 48
85 7
85 5
85 94
85 69
85 88
85 60
85 92
85 17
85 36
85 78
85 81
85 86
85 79
85 83
85 20
85 35
85 45
85 9
85 76
85 38
85 0
85 95
85 63
66 83
66 88
66 17
66 43
66 42
66 78
66 81
66 3
66 68
66 20
66 76
66 18
66 7
66 97
66 41
66 19
66 57
66 9
66 5
66 60
66 95
66 26
66 0
66 39
66 36
66 40
66 79
66 12
66 63
66 48
27 46
27 3
27 54
27 7
27 45
27 95
27 60
27 17
27 40
27 85
27 39
27 94
27 92
27 88
27 48
27 42
27 43
27 1
27 81
27 26
27 36
27 18
27 19
27 83
27 38
27 8
27 71
27 15
27 76
27 50
34 41
34 88
34 3
34 60
34 81
34 76
34 94
34 15
34 17
34 35
34 92
34 50
34 45
34 9
34 16
34 0
34 26
34 83
34 79
34 48
34 46
34 8
34 95
34 5
34 19
34 71
34 18
34 49
34 20
34 68
99 8
99 79
99 12
99 68
99 83
99 95
99 76
99 18
99 92
99 17
99 81
99 15
99 43
99 78
99 38
99 94
99 48
99 3
99 49
99 42
99 57
99 39
99 41
99 86
99 66
99 40
99 36
99 46
99 60
99 88
44 18
44 35
44 26
44 9
44 5
44 68
44 0
44 36
44 45
44 40
44 43
44 69
44 76
44 7
44 20
44 17
44 49
44 79
44 60
44 3
44 88
44 95
44 81
44 83
44 57
44 8
44 46
44 15
44 94
44 48
47 57
47 50
47 18
47 71
47 79
47 36
47 42
47 8
47 76
47 3
47 78
47 94
47 83
47 92
47 19
47 95
47 41
47 9
47 0
47 99
47 39
47 88
47 40
47 35
47 7
47 15
47 60
47 49
47 54
47 86
31 35
31 40
31 0
31 15
31 92
31 39
31 54
31 57
31 83
31 1
31 17
31 99
31 16
31 9
31 88
31 36
31 18
31 49
31 8
31 76
31 19
31 79
31 41
31 26
31 60
31 5
31 42
31 48
31 97
31 7
98 9
98 79
98 78
98 88
98 17
98 39
98 94
98 50
98 81
98 3
98 76
98 95
98 41
98 46
98 26
98 27
98 18
98 48
98 57
98 34
98 0
98 7
98 15
98 5
98 68
98 36
98 54
98 42
98 49
98 40
72 76
72 79
72 19
72 60
72 68
72 3
72 16
72 92
72 39
72 35
72 38
72 86
72 57
72 49
72 54
72 46
72 48
72 81
72 8
72 83
72 95
72 26
72 18
72 17
72 0
72 63
72 9
72 20
72 7
72 47
4 48
4 35
4 78
4 88
4 7
4 54
4 3
4 39
4 9
4 12
4 60
4 83
4 72
4 45
4 95
4 92
4 36
4 68
4 94
4 26
4 76
4 79
4 49
4 17
4 41
4 18
4 8
4 15
4 19
4 31
25 48
25 18
25 98
25 92
25 76
25 94
25 0
25 36
25 49
25 57
25 17
25 40
25 7
25 3
25 79
25 15
25 5
25 8
25 50
25 39
25 19
25 68
25 97
25 16
25 54
25 60
25 26
25 42
25 46
25 95
67 36
67 95
67 88
67 63
67 60
67 76
67 68
67 42
67 15
67 39
67 12
67 48
67 17
67 50
67 78
67 81
67 3
67 19
67 26
67 0
67 43
67 79
67 8
67 45
67 40
67 18
67 69
67 7
67 49
67 16
65 18
65 43
65 57
65 40
65 50
65 83
65 49
65 88
65 9
65 98
65 26
65 38
65 92
65 68
65 15
65 8
65 86
65 46
65 63
65 17
65 16
65 39
65 0
65 79
65 95
65 5
65 35
65 36
65 3
65 54
96 86
96 12
96 8
96 7
96 57
96 79
96 68
96 49
96 71
96 15
96 72
96 3
96 17
96 60
96 5
96 26
96 9
96 81
96 63
96 0
96 76
96 83
96 43
96 88
96 18
96 97
96 34
96 40
96 95
96 94
24 18
24 36
24 48
24 42
24 45
24 54
24 60
24 57
24 8
24 94
24 46
24 81
24 86
24 5
24 49
24 0
24 76
24 50
24 69
24 40
24 19
24 17
24 39
24 3
24 98
24 68
24 88
24 44
24 83
24 92
53 39
53 83
53 19
53 15
53 18
53 5
53 95
53 8
53 3
53 42
53 92
53 7
53 57
53 26
53 17
53 36
53 41
53 38
53 69
53 94
53 48
53 49
53 60
53 81
53 0
53 72
53 54
53 68
53 50
53 9
80 57
80 42
80 76
80 26
80 19
80 81
80 45
80 17
80 97
80 92
80 60
80 43
80 36
80 48
80 0
80 35
80 50
80 8
80 95
80 5
80 46
80 83
80 3
80 68
80 94
80 18
80 88
80 15
80 54
80 63
32 0
32 83
32 17
32 81
32 18
32 49
32 35
32 5
32 60
32 8
32 76
32 26
32 92
32 94
32 39
32 45
32 68
32 78
32 86
32 42
32 85
32 95
32 9
32 99
32 7
32 41
32 88
32 19
32 57
32 48
73 3
73 26
73 60
73 79
73 18
73 63
73 48
73 57
73 83
73 15
73 76
73 95
73 49
73 41
73 0
73 9
73 36
73 42
73 5
73 38
73 78
73 68
73 92
73 99
73 17
73 81
73 85
73 19
73 94
73 7
29 3
29 42
29 60
29 83
29 7
29 45
29 94
29 86
29 68
29 15
29 17
29 20
29 39
29 40
29 81
29 48
29 8
29 19
29 54
29 88
29 76
29 95
29 26
29 47
29 0
29 18
29 36
29 79
29 44
29 72
93 7
93 46
93 83
93 26
93 18
93 49
93 3
93 0
93 36
93 19
93 15
93 81
93 76
93 41
93 40
93 8
93 5
93 27
93 63
93 66
93 35
93 98
93 92
93 48
93 78
93 60
93 45
93 9
93 39
93 69
59 18
59 7
59 39
59 5
59 36
59 42
59 26
59 57
59 8
59 95
59 3
59 94
59 9
59 60
59 45
59 17
59 54
59 16
59 68
59 46
59 41
59 15
59 83
59 43
59 49
59 73
59 19
59 0
59 50
59 35
91 3
91 40
91 25
91 43
91 5
91 9
91 18
91 36
91 76
91 39
91 19
91 26
91 78
91 83
91 69
91 68
91 42
91 50
91 94
91 17
91 88
91 60
91 45
91 95
91 35
91 49
91 57
91 41
91 72
91 97
33 7
33 18
33 88
33 26
33 19
33 3
33 35
33 95
33 79
33 50
33 57
33 99
33 15
33 76
33 66
33 71
33 38
33 43
33 5
33 17
33 92
33 40
33 42
33 39
33 0
33 94
33 46
33 68
33 8
33 69
62 79
62 60
62 48
62 35
62 95
62 5
62 92
62 50
62 88
62 7
62 3
62 49
62 17
62 94
62 76
62 15
62 16
62 83
62 38
62 39
62 18
62 69
62 45
62 54
62 41
62 68
62 81
62 8
62 36
62 0
51 68
51 92
51 94
51 15
51 36
51 18
51 79
51 93
51 8
51 43
51 39
51 57
51 83
51 5
51 48
51 49
51 33
51 60
51 69
51 41
51 12
51 7
51 45
51 98
51 76
51 19
51 42
51 0
51 17
51 9
13 50
13 3
13 39
13 0
13 40
13 1
13 19
13 57
13 92
13 8
13 43
13 18
13 7
13 60
13 5
13 15
13 83
13 26
13 45
13 76
13 9
13 17
13 94
13 62
13 95
13 42
13 68
13 78
13 46
13 88
75 83
75 68
75 76
75 7
75 92
75 49
75 39
75 36
75 15
75 17
75 54
75 60
75 78
75 57
75 38
75 9
75 25
75 41
75 94
75 95
75 45
75 8
75 20
75 18
75 16
75 35
75 19
75 5
75 88
75 26
64 60
64 76
64 42
64 0
64 57
64 32
64 35
64 92
64 39
64 3
64 26
64 5
64 18
64 8
64 36
64 68
64 15
64 94
64 72
64 95
64 85
64 33
64 7
64 20
64 43
64 46
64 79
64 83
64 81
64 38
70 20
70 18
70 83
70 9
70 39
70 3
70 8
70 42
70 26
70 7
70 60
70 36
70 19
70 49
70 95
70 81
70 94
70 73
70 76
70 92
70 15
70 57
70 79
70 35
70 63
70 45
70 59
70 98
70 0
70 17
37 60
37 94
37 43
37 7
37 95
37 18
37 0
37 26
37 15
37 68
37 92
37 39
37 19
37 38
37 57
37 8
37 49
37 83
37 27
37 40
37 45
37 80
37 50
37 81
37 9
37 36
37 41
37 42
37 86
37 17
87 76
87 42
87 43
87 93
87 0
87 7
87 49
87 57
87 40
87 95
87 39
87 8
87 5
87 36
87 81
87 9
87 68
87 47
87 3
87 26
87 79
87 46
87 88
87 17
87 83
87 94
87 92
87 18
87 50
87 41
61 83
61 79
61 40
61 18
61 94
61 95
61 57
61 88
61 26
61 16
61 45
61 42
61 76
61 19
61 9
61 36
61 81
61 15
61 12
61 51
61 17
61 39
61 3
61 46
61 68
61 53
61 86
61 43
61 0
61 60
74 36
74 60
74 8
74 19
74 95
74 0
74 45
74 86
74 39
74 17
74 83
74 88
74 92
74 68
74 16
74 63
74 49
74 69
74 15
74 79
74 31
74 9
74 38
74 41
74 81
74 94
74 7
74 26
74 3
74 70
90 60
90 48
90 19
90 17
90 5
90 26
90 8
90 79
90 45
90 9
90 0
90 39
90 95
90 76
90 7
90 68
90 57
90 49
90 43
90 94
90 18
90 92
90 81
90 42
90 40
90 36
90 86
90 12
90 15
90 88
22 81
22 96
22 9
22 18
22 8
22 95
22 42
22 57
22 88
22 5
22 41
22 79
22 19
22 3
22 94
22 92
22 54
22 35
22 99
22 68
22 43
22 50
22 36
22 1
22 25
22 63
22 83
22 45
22 46
22 60
14 15
14 49
14 88
14 8
14 45
14 68
14 42
14 54
14 3
14 18
14 79
14 7
14 60
14 43
14 26
14 51
14 78
14 35
14 83
14 0
14 91
14 94
14 66
14 76
14 19
14 17
14 81
14 97
14 50
14 57
58 43
58 95
58 9
58 83
58 88
58 79
58 48
58 19
58 18
58 57
58 40
58 15
58 3
58 54
58 45
58 76
58 68
58 50
58 94
58 8
58 49
58 36
58 38
58 78
58 39
58 26
58 60
58 81
58 7
58 92
77 17
77 60
77 92
77 0
77 26
77 40
77 7
77 48
77 41
77 79
77 43
77 81
77 36
77 94
77 83
77 45
77 22
77 18
77 68
77 69
77 12
77 19
77 49
77 57
77 53
77 5
77 42
77 88
77 8
77 66
23 5
23 18
23 83
23 9
23 43
23 88
23 76
23 45
23 38
23 79
23 19
23 39
23 78
23 48
23 60
23 95
23 15
23 3
23 50
23 17
23 40
23 16
23 81
23 0
23 7
23 8
23 42
23 72
23 94
23 97
82 7
82 49
82 8
82 19
82 48
82 81
82 36
82 57
82 92
82 35
82 76
82 68
82 88
82 18
82 45
82 3
82 97
82 5
82 83
82 9
82 26
82 79
82 60
82 15
82 17
82 95
82 58
82 50
82 80
82 38
84 0
84 97
84 83
84 15
84 18
84 68
84 40
84 39
84 88
84 94
84 5
84 60
84 8
84 81
84 19
84 20
84 49
84 95
84 36
84 78
84 93
84 99
84 26
84 45
84 7
84 46
84 79
84 57
84 92
84 17
30 95
30 9
30 15
30 94
30 35
30 78
30 81
30 92
30 3
30 68
30 7
30 49
30 5
30 42
30 18
30 39
30 73
30 88
30 14
30 57
30 8
30 79
30 83
30 24
30 46
30 31
30 48
30 54
30 36
30 25
11 15
11 83
11 26
11 82
11 18
11 5
11 95
11 94
11 38
11 19
11 76
11 79
11 57
11 35
11 45
11 44
11 22
11 39
11 3
11 0
11 48
11 97
11 9
11 68
11 78
11 73
11 53
11 36
11 49
11 88
56 18
56 43
56 95
56 54
56 41
56 46
56 5
56 39
56 79
56 68
56 3
56 64
56 49
56 60
56 81
56 57
56 76
56 7
56 26
56 19
56 92
56 17
56 15
56 48
56 8
56 83
56 94
56 9
56 85
56 78
10 18
10 81
10 68
10 19
10 17
10 41
10 94
10 95
10 42
10 7
10 49
10 43
10 60
10 9
10 36
10 67
10 76
10 5
10 92
10 48
10 3
10 20
10 57
10 83
10 79
10 40
10 8
10 35
10 88
10 71
28 19
28 76
28 68
28 36
28 3
28 8
28 16
28 26
28 79
28 9
28 43
28 18
28 83
28 48
28 46
28 66
28 15
28 81
28 92
28 38
28 40
28 5
28 94
28 95
28 88
28 93
28 57
28 42
28 7
28 35
2 92
2 19
2 26
2 45
2 78
2 7
2 95
2 76
2 83
2 5
2 39
2 94
2 81
2 60
2 77
2 40
2 49
2 15
2 8
2 79
2 50
2 46
2 9
2 57
2 0
2 68
2 17
2 18
2 14
2 42
89 19
89 60
89 57
89 92
89 45
89 8
89 79
89 3
89 88
89 42
89 68
89 36
89 94
89 5
89 30
89 15
89 9
89 81
89 95
89 18
89 39
89 7
89 17
89 78
89 29
89 48
89 76
89 0
89 54
89 43
21 70
21 26
21 68
21 39
21 18
21 94
21 17
21 95
21 9
21 49
21 57
21 81
21 36
21 48
21 45
21 15
21 28
21 83
21 8
21 50
21 93
21 73
21 40
21 31
21 76
21 60
21 7
21 3
21 78
21 41
52 3
52 19
52 60
52 40
52 81
52 42
52 83
52 11
52 20
52 76
52 9
52 0
52 79
52 15
52 5
52 48
52 7
52 68
52 17
52 92
52 8
52 39
52 88
52 49
52 28
52 94
52 46
52 70
52 33
52 16
55 48
55 88
55 49
55 45
55 5
55 19
55 83
55 9
55 79
55 18
55 38
55 57
55 43
55 0
55 95
55 60
55 47
55 36
55 15
55 40
55 92
55 8
55 17
55 26
55 4
55 42
55 3
55 46
55 78
55 7
6 3
6 54
6 83
6 9
6 0
6 57
6 15
6 8
6 95
6 48
6 49
6 94
6 17
6 45
6 19
6 18
6 36
6 39
6 7
6 60
6 69
6 74
6 88
6 81
6 26
6 68
6 46
6 40
6 92
6 76
