56 11
56 70
56 12
56 83
56 59
56 99
56 9
56 74
56 57
56 34
56 80
56 85
56 93
56 4
56 65
56 75
56 78
56 28
56 18
56 52
56 98
56 16
56 49
56 10
56 0
56 82
56 87
56 45
56 39
56 58
11 70
11 12
11 83
11 59
11 99
11 9
11 74
11 57
11 34
11 80
11 85
11 93
11 4
11 65
11 75
11 78
11 28
11 18
11 52
11 98
11 16
11 49
11 10
11 0
11 82
11 87
11 45
11 39
11 58
70 12
70 83
70 59
70 99
70 9
70 74
70 57
70 34
70 80
70 85
70 93
70 4
70 65
70 75
70 78
70 28
70 18
70 52
70 98
70 16
70 49
70 10
70 0
70 82
70 87
70 45
70 39
70 58
12 83
12 59
12 99
12 9
12 74
12 57
12 34
12 80
12 85
12 93
12 4
12 65
12 75
12 78
12 28
12 18
12 52
12 98
12 16
12 49
12 10
12 0
12 82
12 87
12 45
12 39
12 58
83 59
83 99
83 9
83 74
83 57
83 34
83 80
83 85
83 93
83 4
83 65
83 75
83 78
83 28
83 18
83 52
83 98
83 16
83 49
83 10
83 0
83 82
83 87
83 45
83 39
83 58
59 99
59 9
59 74
59 57
59 34
59 80
59 85
59 93
59 4
59 65
59 75
59 78
59 28
59 18
59 52
59 98
59 16
59 49
59 10
59 0
59 82
59 87
59 45
59 39
59 58
99 9
99 74
99 57
99 34
99 80
99 85
99 93
99 4
99 65
99 75
99 78
99 28
99 18
99 52
99 98
99 16
99 49
99 10
99 0
99 82
99 87
99 45
99 39
99 58
9 74
9 57
9 34
9 80
9 85
9 93
9 4
9 65
9 75
9 78
9 28
9 18
9 52
9 98
9 16
9 49
9 10
9 0
9 82
9 87
9 45
9 39
9 58
74 57
74 34
74 80
74 85
74 93
74 4
74 65
74 75
74 78
74 28
74 18
74 52
74 98
74 16
74 49
74 10
74 0
74 82
74 87
74 45
74 39
74 58
57 34
57 80
57 85
57 93
57 4
57 65
57 75
57 78
57 28
57 18
57 52
57 98
57 16
57 49
57 10
57 0
57 82
57 87
57 45
57 39
57 58
34 80
34 85
34 93
34 4
34 65
34 75
34 78
34 28
34 18
34 52
34 98
34 16
34 49
34 10
34 0
34 82
34 87
34 45
34 39
34 58
80 85
80 93
80 4
80 65
80 75
80 78
80 28
80 18
80 52
80 98
80 16
80 49
80 10
80 0
80 82
80 87
80 45
80 39
80 58
85 93
85 4
85 65
85 75
85 78
85 28
85 18
85 52
85 98
85 16
85 49
85 10
85 0
85 82
85 87
85 45
85 39
85 58
93 4
93 65
93 75
93 78
93 28
93 18
93 52
93 98
93 16
93 49
93 10
93 0
93 82
93 87
93 45
93 39
93 58
4 65
4 75
4 78
4 28
4 18
4 52
4 98
4 16
4 49
4 10
4 0
4 82
4 87
4 45
4 39
4 58
65 75
65 78
65 28
65 18
65 52
65 98
65 16
65 49
65 10
65 0
65 82
65 87
65 45
65 39
65 58
75 78
75 28
75 18
75 52
75 98
75 16
75 49
75 10
75 0
75 82
75 87
75 45
75 39
75 58
78 28
78 18
78 52
78 98
78 16
78 49
78 10
78 0
78 82
78 87
78 45
78 39
78 58
28 18
28 52
28 98
28 16
28 49
28 10
28 0
28 82
28 87
28 45
28 39
28 58
18 52
18 98
18 16
18 49
18 10
18 0
18 82
18 87
18 45
18 39
18 58
52 98
52 16
52 49
52 10
52 0
52 82
52 87
52 45
52 39
52 58
98 16
98 49
98 10
98 0
98 82
98 87
98 45
98 39
98 58
16 49
16 10
16 0
16 82
16 87
16 45
16 39
16 58
49 10
49 0
49 82
49 87
49 45
49 39
49 58
10 0
10 82
10 87
10 45
10 39
10 58
0 82
0 87
0 45
0 39
0 58
82 87
82 45
82 39
82 58
87 45
87 39
87 58
45 39
45 58
39 58
31 52
31 39
31 65
31 93
31 9
31 16
31 0
31 98
31 11
31 56
31 75
31 34
31 74
31 49
31 57
31 80
31 82
31 4
31 58
31 83
31 59
31 85
31 12
31 87
31 18
31 78
31 45
31 99
31 10
31 28
69 18
69 70
69 65
69 85
69 99
69 93
69 78
69 31
69 9
69 87
69 52
69 11
69 82
69 39
69 74
69 75
69 58
69 49
69 80
69 56
69 12
69 10
69 59
69 34
69 45
69 98
69 57
69 16
69 83
69 0
22 52
22 39
22 99
22 18
22 83
22 57
22 65
22 16
22 59
22 87
22 10
22 80
22 34
22 82
22 45
22 98
22 28
22 58
22 12
22 70
22 74
22 4
22 75
22 49
22 0
22 31
22 56
22 93
22 11
22 85
41 31
41 28
41 49
41 57
41 69
41 78
41 87
41 70
41 0
41 82
41 83
41 12
41 52
41 11
41 74
41 75
41 45
41 59
41 56
41 99
41 58
41 85
41 34
41 18
41 4
41 9
41 39
41 80
41 16
41 10
27 18
27 75
27 45
27 4
27 80
27 69
27 78
27 98
27 65
27 70
27 93
27 16
27 74
27 83
27 34
27 56
27 31
27 52
27 28
27 99
27 57
27 11
27 22
27 59
27 49
27 9
27 41
27 0
27 10
27 58
26 28
26 4
26 87
26 10
26 83
26 11
26 45
26 41
26 78
26 9
26 22
26 56
26 75
26 82
26 52
26 58
26 12
26 49
26 98
26 27
26 99
26 18
26 80
26 59
26 69
26 65
26 57
26 70
26 31
26 74
88 27
88 56
88 22
88 41
88 26
88 34
88 74
88 98
88 28
88 31
88 12
88 85
88 87
88 75
88 78
88 39
88 83
88 4
88 11
88 16
88 70
88 49
88 80
88 69
88 10
88 99
88 59
88 65
88 93
88 82
81 18
81 98
81 39
81 27
81 65
81 87
81 70
81 69
81 49
81 82
81 88
81 58
81 0
81 59
81 31
81 41
81 26
81 12
81 80
81 99
81 9
81 10
81 74
81 34
81 22
81 28
81 52
81 16
81 11
81 4
62 75
62 39
62 9
62 83
62 88
62 12
62 58
62 49
62 82
62 18
62 45
62 0
62 26
62 41
62 16
62 31
62 78
62 74
62 56
62 93
62 85
62 69
62 81
62 52
62 4
62 27
62 59
62 80
62 65
62 57
53 18
53 45
53 80
53 41
53 22
53 26
53 93
53 82
53 27
53 0
53 78
53 59
53 87
53 85
53 9
53 81
53 83
53 62
53 70
53 65
53 49
53 39
53 34
53 58
53 88
53 10
53 56
53 12
53 11
53 31
97 26
97 62
97 27
97 39
97 52
97 53
97 80
97 11
97 93
97 9
97 88
97 81
97 58
97 83
97 31
97 87
97 4
97 34
97 0
97 57
97 56
97 18
97 65
97 98
97 75
97 12
97 85
97 49
97 74
97 82
50 0
50 62
50 99
50 34
50 9
50 22
50 18
50 88
50 93
50 27
50 58
50 26
50 74
50 78
50 82
50 69
50 41
50 97
50 57
50 11
50 31
50 39
50 10
50 52
50 83
50 70
50 81
50 12
50 85
50 49
6 69
6 9
6 27
6 10
6 53
6 58
6 62
6 57
6 78
6 80
6 83
6 65
6 0
6 85
6 97
6 59
6 75
6 87
6 39
6 18
6 26
6 34
6 98
6 50
6 88
6 41
6 28
6 81
6 31
6 22
21 50
21 28
21 26
21 53
21 99
21 41
21 78
21 97
21 18
21 16
21 75
21 22
21 49
21 62
21 69
21 82
21 85
21 83
21 88
21 45
21 57
21 52
21 6
21 93
21 4
21 81
21 12
21 65
21 27
21 56
76 97
76 80
76 65
76 9
76 21
76 87
76 82
76 85
76 45
76 6
76 69
76 26
76 62
76 75
76 12
76 31
76 28
76 18
76 11
76 50
76 0
76 52
76 16
76 70
76 88
76 34
76 78
76 22
76 99
76 74
29 21
29 27
29 50
29 45
29 81
29 76
29 99
29 56
29 57
29 18
29 52
29 87
29 0
29 97
29 69
29 58
29 4
29 6
29 98
29 85
29 83
29 26
29 62
29 22
29 82
29 80
29 28
29 31
29 74
29 11
15 39
15 88
15 80
15 4
15 97
15 28
15 57
15 16
15 74
15 83
15 29
15 26
15 56
15 76
15 21
15 11
15 53
15 65
15 58
15 85
15 52
15 59
15 22
15 93
15 0
15 98
15 75
15 45
15 6
15 50
37 85
37 10
37 74
37 6
37 93
37 81
37 21
37 29
37 39
37 62
37 50
37 80
37 78
37 53
37 28
37 87
37 15
37 12
37 76
37 49
37 31
37 9
37 59
37 27
37 4
37 11
37 58
37 0
37 18
37 52
23 31
23 6
23 15
23 37
23 87
23 41
23 78
23 52
23 28
23 81
23 56
23 21
23 76
23 29
23 18
23 59
23 45
23 27
23 93
23 0
23 10
23 9
23 65
23 4
23 50
23 26
23 80
23 57
23 11
23 69
36 18
36 15
36 97
36 41
36 37
36 23
36 31
36 52
36 11
36 10
36 26
36 53
36 99
36 9
36 45
36 62
36 65
36 22
36 75
36 88
36 28
36 82
36 29
36 70
36 16
36 80
36 76
36 50
36 4
36 87
54 27
54 21
54 69
54 10
54 81
54 28
54 6
54 36
54 29
54 37
54 45
54 15
54 98
54 53
54 70
54 50
54 88
54 23
54 99
54 62
54 59
54 74
54 56
54 22
54 80
54 4
54 75
54 78
54 58
54 26
73 23
73 65
73 27
73 76
73 62
73 36
73 4
73 49
73 15
73 37
73 80
73 57
73 34
73 69
73 97
73 98
73 54
73 29
73 39
73 9
73 82
73 6
73 50
73 83
73 93
73 28
73 12
73 58
73 45
73 88
32 26
32 54
32 49
32 21
32 58
32 10
32 15
32 83
32 97
32 73
32 23
32 93
32 34
32 62
32 36
32 41
32 39
32 11
32 16
32 53
32 31
32 57
32 85
32 29
32 6
32 52
32 81
32 87
32 75
32 59
64 88
64 28
64 23
64 36
64 37
64 32
64 50
64 75
64 73
64 10
64 15
64 69
64 49
64 54
64 85
64 29
64 21
64 58
64 59
64 16
64 70
64 82
64 62
64 53
64 9
64 81
64 27
64 87
64 22
64 56
3 11
3 29
3 10
3 73
3 18
3 70
3 41
3 52
3 54
3 34
3 58
3 76
3 88
3 6
3 64
3 36
3 53
3 69
3 0
3 50
3 21
3 4
3 39
3 23
3 65
3 37
3 85
3 99
3 15
3 57
7 70
7 64
7 37
7 62
7 57
7 56
7 23
7 58
7 88
7 29
7 15
7 99
7 3
7 52
7 9
7 6
7 10
7 73
7 28
7 11
7 36
7 97
7 82
7 22
7 83
7 41
7 98
7 80
7 0
7 59
38 3
38 54
38 7
38 97
38 87
38 23
38 50
38 78
38 64
38 74
38 21
38 32
38 37
38 85
38 76
38 59
38 41
38 82
38 73
38 56
38 65
38 99
38 62
38 39
38 9
38 70
38 58
38 49
38 93
38 15
72 87
72 38
72 27
72 29
72 37
72 73
72 32
72 7
72 15
72 23
72 54
72 36
72 41
72 93
72 56
72 0
72 82
72 76
72 6
72 3
72 64
72 45
72 9
72 62
72 97
72 10
72 85
72 21
72 34
72 53
67 22
67 38
67 4
67 75
67 54
67 21
67 7
67 81
67 76
67 32
67 45
67 72
67 64
67 36
67 10
67 49
67 37
67 9
67 99
67 28
67 53
67 69
67 3
67 73
67 87
67 50
67 74
67 83
67 70
67 62
51 53
51 58
51 50
51 38
51 87
51 65
51 52
51 73
51 16
51 70
51 7
51 67
51 32
51 72
51 83
51 78
51 0
51 4
51 88
51 9
51 21
51 3
51 18
51 41
51 6
51 54
51 29
51 76
51 34
51 27
2 51
2 64
2 15
2 6
2 32
2 67
2 7
2 31
2 74
2 4
2 28
2 38
2 54
2 93
2 3
2 49
2 59
2 80
2 50
2 97
2 26
2 29
2 72
2 81
2 41
2 18
2 11
2 23
2 21
2 37
24 39
24 23
24 2
24 29
24 34
24 51
24 6
24 81
24 38
24 15
24 78
24 73
24 70
24 82
24 9
24 4
24 67
24 32
24 50
24 37
24 72
24 45
24 10
24 80
24 59
24 12
24 18
24 83
24 52
24 53
96 26
96 39
96 99
96 62
96 29
96 9
96 72
96 21
96 7
96 24
96 54
96 36
96 34
96 22
96 73
96 67
96 23
96 51
96 31
96 56
96 18
96 37
96 81
96 49
96 58
96 3
96 74
96 64
96 97
96 59
89 69
89 54
89 78
89 88
89 24
89 37
89 85
89 82
89 21
89 98
89 41
89 29
89 53
89 16
89 73
89 3
89 96
89 64
89 65
89 38
89 2
89 56
89 32
89 93
89 67
89 39
89 51
89 34
89 6
89 99
48 2
48 73
48 26
48 54
48 51
48 89
48 96
48 7
48 38
48 4
48 82
48 32
48 22
48 15
48 67
48 80
48 24
48 21
48 16
48 70
48 78
48 88
48 97
48 34
48 98
48 53
48 76
48 27
48 6
48 93
19 89
19 12
19 78
19 2
19 67
19 27
19 62
19 48
19 32
19 24
19 49
19 31
19 70
19 51
19 64
19 54
19 85
19 3
19 69
19 56
19 37
19 16
19 96
19 36
19 72
19 65
19 75
19 0
19 23
19 11
20 96
20 2
20 31
20 51
20 88
20 54
20 37
20 89
20 67
20 28
20 3
20 19
20 53
20 99
20 16
20 7
20 64
20 80
20 27
20 48
20 58
20 38
20 39
20 72
20 22
20 50
20 26
20 78
20 93
20 24
47 20
47 2
47 73
47 67
47 48
47 93
47 19
47 36
47 7
47 76
47 72
47 96
47 75
47 3
47 39
47 52
47 34
47 89
47 59
47 45
47 64
47 24
47 51
47 9
47 41
47 37
47 12
47 31
47 62
47 50
40 72
40 48
40 4
40 89
40 73
40 36
40 51
40 19
40 20
40 37
40 54
40 53
40 50
40 41
40 38
40 70
40 7
40 34
40 93
40 21
40 12
40 2
40 47
40 64
40 67
40 24
40 62
40 9
40 80
40 52
46 89
46 76
46 96
46 98
46 29
46 26
46 20
46 51
46 19
46 49
46 40
46 57
46 4
46 88
46 36
46 47
46 99
46 37
46 15
46 97
46 6
46 32
46 2
46 3
46 22
46 56
46 69
46 23
46 72
46 7
90 20
90 59
90 31
90 78
90 46
90 53
90 40
90 89
90 47
90 19
90 51
90 16
90 64
90 26
90 38
90 73
90 69
90 96
90 99
90 67
90 49
90 32
90 23
90 76
90 7
90 29
90 36
90 6
90 85
90 48
1 90
1 24
1 20
1 46
1 89
1 47
1 96
1 21
1 19
1 69
1 45
1 70
1 28
1 38
1 12
1 40
1 82
1 7
1 51
1 22
1 32
1 48
1 2
1 49
1 37
1 29
1 64
1 27
1 3
1 67
79 46
79 75
79 58
79 72
79 47
79 18
79 78
79 1
79 53
79 88
79 37
79 54
79 38
79 83
79 32
79 2
79 90
79 24
79 19
79 96
79 93
79 4
79 48
79 9
79 67
79 89
79 20
79 97
79 15
79 39
55 40
55 24
55 72
55 34
55 79
55 49
55 26
55 96
55 90
55 19
55 48
55 53
55 38
55 83
55 51
55 23
55 93
55 32
55 1
55 97
55 57
55 65
55 82
55 50
55 47
55 54
55 78
55 46
55 37
55 28
13 11
13 20
13 39
13 1
13 79
13 56
13 59
13 55
13 48
13 76
13 96
13 7
13 89
13 46
13 34
13 0
13 47
13 78
13 19
13 26
13 80
13 64
13 16
13 40
13 90
13 73
13 98
13 38
13 72
13 53
61 3
61 40
61 2
61 29
61 50
61 57
61 79
61 62
61 13
61 47
61 28
61 1
61 99
61 90
61 18
61 81
61 46
61 96
61 11
61 87
61 67
61 89
61 98
61 73
61 88
61 12
61 53
61 32
61 51
61 23
68 80
68 16
68 11
68 13
68 47
68 96
68 51
68 65
68 36
68 79
68 75
68 82
68 48
68 89
68 40
68 53
68 2
68 46
68 64
68 55
68 29
68 6
68 61
68 90
68 81
68 28
68 88
68 20
68 7
68 98
92 15
92 90
92 62
92 13
92 68
92 39
92 79
92 32
92 40
92 98
92 47
92 61
92 36
92 67
92 7
92 1
92 73
92 22
92 24
92 48
92 0
92 46
92 93
92 6
92 3
92 45
92 55
92 89
92 26
92 76
25 87
25 61
25 7
25 18
25 59
25 55
25 62
25 92
25 90
25 79
25 13
25 21
25 97
25 46
25 38
25 82
25 68
25 20
25 41
25 40
25 39
25 27
25 1
25 24
25 0
25 54
25 98
25 78
25 76
25 12
42 92
42 81
42 2
42 58
42 47
42 53
42 79
42 68
42 96
42 25
42 89
42 55
42 7
42 1
42 69
42 61
42 51
42 13
42 45
42 40
42 20
42 19
42 72
42 97
42 4
42 28
42 6
42 62
42 34
42 37
30 64
30 48
30 90
30 57
30 15
30 42
30 40
30 61
30 68
30 74
30 55
30 25
30 20
30 92
30 12
30 89
30 46
30 13
30 1
30 70
30 79
30 81
30 24
30 67
30 38
30 99
30 56
30 22
30 72
30 29
44 13
44 42
44 1
44 30
44 92
44 47
44 15
44 90
44 20
44 51
44 67
44 64
44 79
44 87
44 68
44 40
44 25
44 37
44 26
44 89
44 82
44 19
44 32
44 69
44 2
44 55
44 6
44 49
44 81
44 41
35 30
35 23
35 46
35 98
35 0
35 54
35 44
35 25
35 81
35 19
35 21
35 68
35 88
35 11
35 42
35 79
35 15
35 1
35 56
35 13
35 93
35 96
35 38
35 18
35 36
35 2
35 61
35 74
35 40
35 48
8 75
8 47
8 68
8 55
8 25
8 23
8 92
8 44
8 61
8 48
8 24
8 20
8 3
8 74
8 57
8 35
8 67
8 73
8 10
8 32
8 16
8 70
8 9
8 96
8 54
8 42
8 13
8 30
8 59
8 85
95 24
95 22
95 96
95 35
95 99
95 25
95 42
95 68
95 2
95 36
95 62
95 8
95 7
95 67
95 61
95 79
95 40
95 55
95 89
95 75
95 90
95 44
95 30
95 11
95 64
95 73
95 92
95 47
95 20
95 23
5 15
5 61
5 45
5 87
5 20
5 41
5 3
5 44
5 99
5 19
5 75
5 52
5 95
5 26
5 69
5 96
5 68
5 56
5 55
5 47
5 57
5 1
5 2
5 13
5 98
5 25
5 8
5 92
5 49
5 76
84 90
84 30
84 42
84 11
84 92
84 16
84 65
84 61
84 69
84 96
84 85
84 35
84 5
84 95
84 74
84 31
84 24
84 8
84 54
84 73
84 97
84 13
84 38
84 29
84 20
84 40
84 68
84 32
84 44
84 15
33 61
33 92
33 30
33 96
33 35
33 15
33 76
33 2
33 12
33 68
33 98
33 10
33 26
33 70
33 5
33 25
33 48
33 84
33 44
33 82
33 51
33 13
33 62
33 95
33 46
33 36
33 8
33 42
33 50
33 55
86 9
86 95
86 46
86 41
86 44
86 5
86 1
86 33
86 90
86 38
86 79
86 73
86 45
86 68
86 55
86 47
86 61
86 13
86 2
86 48
86 35
86 84
86 28
86 50
86 20
86 89
86 74
86 8
86 58
86 59
77 80
77 64
77 86
77 35
77 90
77 48
77 8
77 33
77 40
77 42
77 61
77 84
77 89
77 19
77 21
77 1
77 83
77 25
77 39
77 5
77 57
77 15
77 30
77 58
77 44
77 76
77 32
77 68
77 69
77 38
91 79
91 47
91 48
91 30
91 95
91 77
91 24
91 86
91 67
91 20
91 12
91 84
91 55
91 33
91 96
91 44
91 68
91 54
91 73
91 98
91 31
91 32
91 61
91 35
91 59
91 10
91 42
91 25
91 5
91 51
14 84
14 92
14 1
14 5
14 90
14 35
14 91
14 33
14 95
14 77
14 53
14 36
14 6
14 24
14 61
14 86
14 44
14 46
14 8
14 20
14 0
14 16
14 23
14 62
14 93
14 51
14 18
14 25
14 15
14 70
63 46
63 14
63 35
63 68
63 86
63 72
63 91
63 84
63 42
63 55
63 7
63 92
63 23
63 27
63 25
63 57
63 21
63 5
63 64
63 34
63 87
63 24
63 33
63 79
63 30
63 69
63 62
63 61
63 73
63 90
43 86
43 73
43 77
43 91
43 33
43 1
43 40
43 53
43 74
43 14
43 98
43 63
43 85
43 79
43 99
43 31
43 29
43 65
43 95
43 69
43 25
43 5
43 35
43 84
43 10
43 15
43 30
43 92
43 44
43 83
66 8
66 13
66 72
66 90
66 44
66 43
66 14
66 37
66 77
66 61
66 86
66 63
66 30
66 42
66 21
66 75
66 67
66 40
66 19
66 84
66 5
66 7
66 97
66 35
66 24
66 91
66 62
66 95
66 47
66 49
94 47
94 95
94 90
94 35
94 61
94 5
94 45
94 42
94 13
94 64
94 92
94 63
94 11
94 86
94 46
94 74
94 23
94 14
94 54
94 84
94 76
94 89
94 41
94 8
94 33
94 66
94 50
94 77
94 43
94 16
71 28
71 75
71 43
71 33
71 66
71 68
71 64
71 22
71 35
71 98
71 80
71 74
71 94
71 55
71 34
71 89
71 48
71 3
71 13
71 77
71 14
71 84
71 95
71 8
71 26
71 56
71 30
71 92
71 36
71 67
17 22
17 66
17 32
17 71
17 43
17 74
17 42
17 92
17 48
17 30
17 63
17 46
17 5
17 40
17 14
17 23
17 94
17 35
17 44
17 36
17 79
17 27
17 68
17 62
17 33
17 85
17 77
17 53
17 91
17 50
60 77
60 14
60 61
60 46
60 84
60 5
60 66
60 86
60 47
60 91
60 39
60 68
60 71
60 98
60 42
60 94
60 30
60 44
60 95
60 20
60 29
60 26
60 72
60 17
60 25
60 33
60 62
60 9
60 21
60 35
