binom	1	0	0.1	0.0907	0.500436
binom	1	0.01	0.1	0.09	0.500498
binom	1	0.02	0.1	0.0919	0.501965
binom	1	0.03	0.1	0.08922	0.502808
binom	1	0.05	0.1	0.08914	0.505339
binom	1	0.07	0.1	0.0907	0.505467
binom	1	0.08	0.1	0.09131	0.507242
binom	1	0.1	0.1	0.08926	0.509031
binom	1	0.2	0.1	0.08727	0.517542
binom	1	0.3	0.1	0.08278	0.527812
binom	1	0.4	0.1	0.07834	0.536575
binom	1	0.5	0.1	0.07249	0.545415
binom	1	0.6	0.1	0.06576	0.554244
binom	1	0.7	0.1	0.05984	0.56294
binom	1	0.8	0.1	0.05191	0.572988
binom	1	0.9	0.1	0.04576	0.582159
