binom	1	0	0.1	0.09432	0.499439
binom	1	0.01	0.1	0.09327	0.5003
binom	1	0.02	0.1	0.09486	0.501262
binom	1	0.03	0.1	0.09184	0.501866
binom	1	0.05	0.1	0.0953	0.503697
binom	1	0.07	0.1	0.09416	0.504753
binom	1	0.08	0.1	0.09296	0.506202
binom	1	0.1	0.1	0.09389	0.50783
binom	1	0.2	0.1	0.08998	0.513936
binom	1	0.3	0.1	0.0866	0.520715
binom	1	0.4	0.1	0.08265	0.528115
binom	1	0.5	0.1	0.07685	0.535591
binom	1	0.6	0.1	0.07115	0.542956
binom	1	0.7	0.1	0.0652	0.549692
binom	1	0.8	0.1	0.05781	0.556893
binom	1	0.9	0.1	0.05159	0.562642
