binom	1	0	0.1	0.10955	0.500001
binom	1	0.01	0.1	0.10944	0.503199
binom	1	0.02	0.1	0.1135	0.504346
binom	1	0.03	0.1	0.11231	0.505335
binom	1	0.05	0.1	0.11041	0.510314
binom	1	0.07	0.1	0.11057	0.512944
binom	1	0.08	0.1	0.11269	0.515541
binom	1	0.1	0.1	0.10925	0.519432
binom	1	0.2	0.1	0.10736	0.540121
binom	1	0.3	0.1	0.10346	0.560085
binom	1	0.4	0.1	0.10029	0.580295
binom	1	0.5	0.1	0.09613	0.601233
binom	1	0.6	0.1	0.08896	0.621585
binom	1	0.7	0.1	0.08166	0.642594
binom	1	0.8	0.1	0.07378	0.663441
binom	1	0.9	0.1	0.06865	0.685044
