binom	1	0	0.1	0.10171	0.499376
binom	1	0.01	0.1	0.10136	0.500868
binom	1	0.02	0.1	0.10063	0.502778
binom	1	0.03	0.1	0.10175	0.502921
binom	1	0.05	0.1	0.10261	0.505737
binom	1	0.07	0.1	0.101	0.508382
binom	1	0.08	0.1	0.10038	0.510527
binom	1	0.1	0.1	0.10245	0.512844
binom	1	0.2	0.1	0.09728	0.52506
binom	1	0.3	0.1	0.09507	0.537625
binom	1	0.4	0.1	0.09241	0.550149
binom	1	0.5	0.1	0.0862	0.56343
binom	1	0.6	0.1	0.07847	0.576632
binom	1	0.7	0.1	0.07468	0.590765
binom	1	0.8	0.1	0.06658	0.603985
binom	1	0.9	0.1	0.06308	0.618152
