binom	1	0	0.1	0.09979	0.499419
binom	1	0.01	0.1	0.10288	0.5021
binom	1	0.02	0.1	0.10238	0.502482
binom	1	0.03	0.1	0.10187	0.503554
binom	1	0.05	0.1	0.10235	0.507047
binom	1	0.07	0.1	0.10194	0.509573
binom	1	0.08	0.1	0.10227	0.509653
binom	1	0.1	0.1	0.10135	0.513583
binom	1	0.2	0.1	0.09851	0.526444
binom	1	0.3	0.1	0.09399	0.539458
binom	1	0.4	0.1	0.09043	0.552885
binom	1	0.5	0.1	0.08669	0.567706
binom	1	0.6	0.1	0.08091	0.580446
binom	1	0.7	0.1	0.07428	0.595172
binom	1	0.8	0.1	0.06908	0.609896
binom	1	0.9	0.1	0.06264	0.624114
