binom	1	0	0.1	0.09563	0.499608
binom	1	0.01	0.1	0.09696	0.500891
binom	1	0.02	0.1	0.09693	0.502017
binom	1	0.03	0.1	0.09682	0.502235
binom	1	0.05	0.1	0.09452	0.503613
binom	1	0.07	0.1	0.09585	0.506088
binom	1	0.08	0.1	0.09644	0.506339
binom	1	0.1	0.1	0.09463	0.508826
binom	1	0.2	0.1	0.09292	0.517817
binom	1	0.3	0.1	0.08945	0.52693
binom	1	0.4	0.1	0.08556	0.534551
binom	1	0.5	0.1	0.08126	0.544228
binom	1	0.6	0.1	0.07647	0.55332
binom	1	0.7	0.1	0.0692	0.562512
binom	1	0.8	0.1	0.06487	0.571851
binom	1	0.9	0.1	0.05872	0.581121
