binom	1	0	0.1	0.10433	0.500286
binom	1	0.01	0.1	0.10586	0.501391
binom	1	0.02	0.1	0.10511	0.503115
binom	1	0.03	0.1	0.10435	0.504874
binom	1	0.05	0.1	0.10632	0.508354
binom	1	0.07	0.1	0.10589	0.511529
binom	1	0.08	0.1	0.10469	0.513861
binom	1	0.1	0.1	0.10325	0.51764
binom	1	0.2	0.1	0.10145	0.533609
binom	1	0.3	0.1	0.0993	0.551259
binom	1	0.4	0.1	0.09421	0.568818
binom	1	0.5	0.1	0.08806	0.586827
binom	1	0.6	0.1	0.08325	0.604011
binom	1	0.7	0.1	0.07751	0.621629
binom	1	0.8	0.1	0.07013	0.639716
binom	1	0.9	0.1	0.06424	0.659714
