binom	1	0	0.1	0.14061	0.499381
binom	1	0.01	0.1	0.14371	0.500186
binom	1	0.02	0.1	0.1435	0.500662
binom	1	0.03	0.1	0.14127	0.500916
binom	1	0.05	0.1	0.13937	0.501688
binom	1	0.07	0.1	0.14179	0.503017
binom	1	0.08	0.1	0.13998	0.502558
binom	1	0.1	0.1	0.14046	0.50317
binom	1	0.2	0.1	0.1372	0.50545
binom	1	0.3	0.1	0.13278	0.509361
binom	1	0.4	0.1	0.12558	0.511214
binom	1	0.5	0.1	0.11804	0.514126
binom	1	0.6	0.1	0.111	0.516875
binom	1	0.7	0.1	0.10304	0.519513
binom	1	0.8	0.1	0.09407	0.521693
binom	1	0.9	0.1	0.08545	0.524066
