binom	1	0	0.1	0.10887	0.500283
binom	1	0.01	0.1	0.10777	0.500298
binom	1	0.02	0.1	0.10741	0.500434
binom	1	0.03	0.1	0.10818	0.500193
binom	1	0.05	0.1	0.10826	0.501781
binom	1	0.07	0.1	0.10663	0.502256
binom	1	0.08	0.1	0.10767	0.502839
binom	1	0.1	0.1	0.1074	0.50323
binom	1	0.2	0.1	0.10629	0.506737
binom	1	0.3	0.1	0.10226	0.509155
binom	1	0.4	0.1	0.09657	0.512049
binom	1	0.5	0.1	0.09035	0.516177
binom	1	0.6	0.1	0.08533	0.518017
binom	1	0.7	0.1	0.07874	0.520484
binom	1	0.8	0.1	0.07254	0.523431
binom	1	0.9	0.1	0.06548	0.526294
