binom	1	0	0.2	0.16757	0.499501
binom	1	0.01	0.2	0.16914	0.502142
binom	1	0.02	0.2	0.16748	0.503517
binom	1	0.03	0.2	0.16678	0.506071
binom	1	0.05	0.2	0.16488	0.510389
binom	1	0.07	0.2	0.16545	0.51293
binom	1	0.08	0.2	0.1684	0.515589
binom	1	0.1	0.2	0.16669	0.519053
binom	1	0.2	0.2	0.16249	0.539353
binom	1	0.3	0.2	0.15902	0.558806
binom	1	0.4	0.2	0.1518	0.578765
binom	1	0.5	0.2	0.14454	0.598337
binom	1	0.6	0.2	0.13583	0.618589
binom	1	0.7	0.2	0.12795	0.638782
binom	1	0.8	0.2	0.11825	0.659973
binom	1	0.9	0.2	0.10967	0.679457
