binom	1	0	0.1	0.08356	0.500184
binom	1	0.01	0.1	0.08319	0.502999
binom	1	0.02	0.1	0.083	0.504234
binom	1	0.03	0.1	0.08359	0.506195
binom	1	0.05	0.1	0.08452	0.510799
binom	1	0.07	0.1	0.08312	0.516014
binom	1	0.08	0.1	0.08315	0.518635
binom	1	0.1	0.1	0.08164	0.522025
binom	1	0.2	0.1	0.0808	0.545092
binom	1	0.3	0.1	0.07626	0.569052
binom	1	0.4	0.1	0.07073	0.591384
binom	1	0.5	0.1	0.06607	0.617348
binom	1	0.6	0.1	0.05919	0.640867
binom	1	0.7	0.1	0.05366	0.668272
binom	1	0.8	0.1	0.0474	0.695146
binom	1	0.9	0.1	0.04213	0.721823
