binom	1	0	0.1	0.09314	0.500348
binom	1	0.01	0.1	0.09261	0.501127
binom	1	0.02	0.1	0.09328	0.502679
binom	1	0.03	0.1	0.09494	0.503708
binom	1	0.05	0.1	0.09358	0.506426
binom	1	0.07	0.1	0.09185	0.508322
binom	1	0.08	0.1	0.09179	0.510115
binom	1	0.1	0.1	0.09422	0.513027
binom	1	0.2	0.1	0.09017	0.524287
binom	1	0.3	0.1	0.08605	0.537747
binom	1	0.4	0.1	0.08092	0.549417
binom	1	0.5	0.1	0.07353	0.562139
binom	1	0.6	0.1	0.06581	0.575955
binom	1	0.7	0.1	0.05874	0.590366
binom	1	0.8	0.1	0.04985	0.603747
binom	1	0.9	0.1	0.04351	0.619283
