binom	1	0	0.1	0.10604	0.499397
binom	1	0.01	0.1	0.10555	0.502307
binom	1	0.02	0.1	0.10688	0.50291
binom	1	0.03	0.1	0.10814	0.505814
binom	1	0.05	0.1	0.1058	0.509288
binom	1	0.07	0.1	0.1074	0.513033
binom	1	0.08	0.1	0.10558	0.514325
binom	1	0.1	0.1	0.10791	0.517273
binom	1	0.2	0.1	0.10422	0.535875
binom	1	0.3	0.1	0.09936	0.55351
binom	1	0.4	0.1	0.09433	0.572308
binom	1	0.5	0.1	0.09065	0.589498
binom	1	0.6	0.1	0.08424	0.608064
binom	1	0.7	0.1	0.0769	0.627208
binom	1	0.8	0.1	0.07095	0.646006
binom	1	0.9	0.1	0.06606	0.665672
