binom	1	0	0.1	0.15386	0.499772
binom	1	0.01	0.1	0.15594	0.500606
binom	1	0.02	0.1	0.15502	0.50223
binom	1	0.03	0.1	0.15447	0.502936
binom	1	0.05	0.1	0.15374	0.504389
binom	1	0.07	0.1	0.15249	0.507007
binom	1	0.08	0.1	0.15626	0.507983
binom	1	0.1	0.1	0.15263	0.50979
binom	1	0.2	0.1	0.1516	0.520038
binom	1	0.3	0.1	0.14642	0.529073
binom	1	0.4	0.1	0.13892	0.539631
binom	1	0.5	0.1	0.1321	0.549508
binom	1	0.6	0.1	0.12035	0.560972
binom	1	0.7	0.1	0.11294	0.570722
binom	1	0.8	0.1	0.10344	0.5825
binom	1	0.9	0.1	0.09546	0.59509
