binom	1	0	0.1	0.10169	0.499615
binom	1	0.01	0.1	0.10142	0.501209
binom	1	0.02	0.1	0.10289	0.50308
binom	1	0.03	0.1	0.10297	0.505193
binom	1	0.05	0.1	0.10087	0.50784
binom	1	0.07	0.1	0.10037	0.510505
binom	1	0.08	0.1	0.09993	0.511436
binom	1	0.1	0.1	0.10179	0.514247
binom	1	0.2	0.1	0.09758	0.528897
binom	1	0.3	0.1	0.09446	0.541861
binom	1	0.4	0.1	0.08997	0.557266
binom	1	0.5	0.1	0.08468	0.57137
binom	1	0.6	0.1	0.08086	0.587289
binom	1	0.7	0.1	0.07475	0.602503
binom	1	0.8	0.1	0.06778	0.619386
binom	1	0.9	0.1	0.06058	0.634393
