binom	1	0	0.1	0.11433	0.499692
binom	1	0.01	0.1	0.11276	0.501592
binom	1	0.02	0.1	0.11345	0.503725
binom	1	0.03	0.1	0.11206	0.504712
binom	1	0.05	0.1	0.11171	0.50947
binom	1	0.07	0.1	0.11338	0.513525
binom	1	0.08	0.1	0.11213	0.515516
binom	1	0.1	0.1	0.11332	0.518402
binom	1	0.2	0.1	0.10889	0.537743
binom	1	0.3	0.1	0.10542	0.555627
binom	1	0.4	0.1	0.10096	0.575001
binom	1	0.5	0.1	0.09395	0.594492
binom	1	0.6	0.1	0.08799	0.61421
binom	1	0.7	0.1	0.08222	0.63328
binom	1	0.8	0.1	0.07491	0.65486
binom	1	0.9	0.1	0.06944	0.675071
