binom	1	0	0.1	0.09207	0.500206
binom	1	0.01	0.1	0.09111	0.500464
binom	1	0.02	0.1	0.09031	0.501436
binom	1	0.03	0.1	0.09147	0.500877
binom	1	0.05	0.1	0.0898	0.504215
binom	1	0.07	0.1	0.09142	0.504809
binom	1	0.08	0.1	0.09124	0.50688
binom	1	0.1	0.1	0.09132	0.506816
binom	1	0.2	0.1	0.08752	0.514138
binom	1	0.3	0.1	0.08461	0.521805
binom	1	0.4	0.1	0.08193	0.530381
binom	1	0.5	0.1	0.07714	0.535962
binom	1	0.6	0.1	0.0712	0.542636
binom	1	0.7	0.1	0.06488	0.549105
binom	1	0.8	0.1	0.06073	0.555384
binom	1	0.9	0.1	0.05587	0.56237
