binom	1	0	0.1	0.0844	0.499679
binom	1	0.01	0.1	0.08384	0.500934
binom	1	0.02	0.1	0.08526	0.502414
binom	1	0.03	0.1	0.0831	0.504338
binom	1	0.05	0.1	0.08553	0.505462
binom	1	0.07	0.1	0.08352	0.50893
binom	1	0.08	0.1	0.08321	0.509683
binom	1	0.1	0.1	0.08375	0.512952
binom	1	0.2	0.1	0.08146	0.52479
binom	1	0.3	0.1	0.07543	0.536979
binom	1	0.4	0.1	0.0734	0.551177
binom	1	0.5	0.1	0.06814	0.563092
binom	1	0.6	0.1	0.05966	0.575362
binom	1	0.7	0.1	0.05541	0.589634
binom	1	0.8	0.1	0.04837	0.601495
binom	1	0.9	0.1	0.0436	0.614647
