binom	1	0	0.1	0.08966	0.499277
binom	1	0.01	0.1	0.09083	0.501894
binom	1	0.02	0.1	0.08989	0.502865
binom	1	0.03	0.1	0.08776	0.506171
binom	1	0.05	0.1	0.08728	0.510194
binom	1	0.07	0.1	0.0897	0.513828
binom	1	0.08	0.1	0.08774	0.515319
binom	1	0.1	0.1	0.08831	0.519215
binom	1	0.2	0.1	0.08669	0.538296
binom	1	0.3	0.1	0.08377	0.559796
binom	1	0.4	0.1	0.07885	0.578287
binom	1	0.5	0.1	0.07502	0.598947
binom	1	0.6	0.1	0.06968	0.61848
binom	1	0.7	0.1	0.06381	0.639536
binom	1	0.8	0.1	0.05823	0.661051
binom	1	0.9	0.1	0.05373	0.683451
