binom	1	0	0.1	0.08452	0.500742
binom	1	0.01	0.1	0.0829	0.502573
binom	1	0.02	0.1	0.08441	0.502991
binom	1	0.03	0.1	0.08389	0.505072
binom	1	0.05	0.1	0.08391	0.508349
binom	1	0.07	0.1	0.08426	0.512314
binom	1	0.08	0.1	0.0839	0.51435
binom	1	0.1	0.1	0.08404	0.518243
binom	1	0.2	0.1	0.08237	0.536552
binom	1	0.3	0.1	0.078	0.55369
binom	1	0.4	0.1	0.07527	0.573309
binom	1	0.5	0.1	0.06894	0.59163
binom	1	0.6	0.1	0.06546	0.610173
binom	1	0.7	0.1	0.05877	0.62894
binom	1	0.8	0.1	0.05529	0.646869
binom	1	0.9	0.1	0.0492	0.667285
