binom	1	0	0.1	0.08053	0.499202
binom	1	0.01	0.1	0.08088	0.501647
binom	1	0.02	0.1	0.08045	0.50376
binom	1	0.03	0.1	0.08016	0.503394
binom	1	0.05	0.1	0.08138	0.507262
binom	1	0.07	0.1	0.08021	0.509966
binom	1	0.08	0.1	0.07975	0.510942
binom	1	0.1	0.1	0.08046	0.513113
binom	1	0.2	0.1	0.07681	0.5263
binom	1	0.3	0.1	0.07551	0.540346
binom	1	0.4	0.1	0.06922	0.555101
binom	1	0.5	0.1	0.06364	0.568723
binom	1	0.6	0.1	0.05759	0.582672
binom	1	0.7	0.1	0.05321	0.595546
binom	1	0.8	0.1	0.04825	0.609391
binom	1	0.9	0.1	0.04291	0.625043
