binom	1	0	0.1	0.09023	0.500706
binom	1	0.01	0.1	0.08857	0.502111
binom	1	0.02	0.1	0.09004	0.504821
binom	1	0.03	0.1	0.08943	0.506413
binom	1	0.05	0.1	0.08926	0.510855
binom	1	0.07	0.1	0.08963	0.514997
binom	1	0.08	0.1	0.08995	0.518108
binom	1	0.1	0.1	0.08927	0.520889
binom	1	0.2	0.1	0.08516	0.543007
binom	1	0.3	0.1	0.08312	0.565745
binom	1	0.4	0.1	0.08011	0.587164
binom	1	0.5	0.1	0.07457	0.608898
binom	1	0.6	0.1	0.06984	0.632035
binom	1	0.7	0.1	0.06323	0.654299
binom	1	0.8	0.1	0.05944	0.677354
binom	1	0.9	0.1	0.0552	0.70054
