binom	1	0	0.1	0.08204	0.499878
binom	1	0.01	0.1	0.08309	0.501516
binom	1	0.02	0.1	0.08284	0.502704
binom	1	0.03	0.1	0.08122	0.504724
binom	1	0.05	0.1	0.08306	0.507923
binom	1	0.07	0.1	0.08134	0.512234
binom	1	0.08	0.1	0.08243	0.514206
binom	1	0.1	0.1	0.08021	0.51667
binom	1	0.2	0.1	0.07944	0.534335
binom	1	0.3	0.1	0.07489	0.550433
binom	1	0.4	0.1	0.07153	0.566101
binom	1	0.5	0.1	0.06706	0.583109
binom	1	0.6	0.1	0.06101	0.599402
binom	1	0.7	0.1	0.05449	0.617455
binom	1	0.8	0.1	0.04929	0.633508
binom	1	0.9	0.1	0.04619	0.65053
