binom	1	0	0.1	0.10955	0.500246
binom	1	0.01	0.1	0.10866	0.50183
binom	1	0.02	0.1	0.1118	0.50267
binom	1	0.03	0.1	0.1088	0.50524
binom	1	0.05	0.1	0.10838	0.509189
binom	1	0.07	0.1	0.10971	0.511846
binom	1	0.08	0.1	0.1084	0.513985
binom	1	0.1	0.1	0.10855	0.517535
binom	1	0.2	0.1	0.10547	0.535049
binom	1	0.3	0.1	0.10458	0.552781
binom	1	0.4	0.1	0.09841	0.570184
binom	1	0.5	0.1	0.09244	0.588622
binom	1	0.6	0.1	0.08779	0.606557
binom	1	0.7	0.1	0.07884	0.625108
binom	1	0.8	0.1	0.07448	0.644577
binom	1	0.9	0.1	0.06716	0.663947
