binom	1	0	0.01	0.01661	0.501981
binom	1	0.01	0.01	0.0166	0.501843
binom	1	0.02	0.01	0.01602	0.50264
binom	1	0.03	0.01	0.01727	0.506647
binom	1	0.05	0.01	0.01713	0.507957
binom	1	0.07	0.01	0.01691	0.511413
binom	1	0.08	0.01	0.01602	0.513059
binom	1	0.1	0.01	0.01657	0.514387
binom	1	0.2	0.01	0.01714	0.529854
binom	1	0.3	0.01	0.01543	0.545314
binom	1	0.4	0.01	0.01528	0.557912
binom	1	0.5	0.01	0.01447	0.574865
binom	1	0.6	0.01	0.01423	0.590724
binom	1	0.7	0.01	0.01315	0.605186
binom	1	0.8	0.01	0.01252	0.616837
binom	1	0.9	0.01	0.01142	0.633039
