binom	1	0	0.01	0.01589	0.500057
binom	1	0.01	0.01	0.01631	0.499148
binom	1	0.02	0.01	0.01606	0.502497
binom	1	0.03	0.01	0.01631	0.500932
binom	1	0.05	0.01	0.01609	0.505867
binom	1	0.07	0.01	0.01565	0.50839
binom	1	0.08	0.01	0.01555	0.510244
binom	1	0.1	0.01	0.01616	0.511745
binom	1	0.2	0.01	0.01605	0.523963
binom	1	0.3	0.01	0.01504	0.532979
binom	1	0.4	0.01	0.01498	0.544326
binom	1	0.5	0.01	0.0138	0.555
binom	1	0.6	0.01	0.01441	0.563907
binom	1	0.7	0.01	0.01346	0.574562
binom	1	0.8	0.01	0.01237	0.586209
binom	1	0.9	0.01	0.01159	0.595617
