binom	1	0	0.01	0.016	0.501188
binom	1	0.01	0.01	0.01538	0.499668
binom	1	0.02	0.01	0.01606	0.50137
binom	1	0.03	0.01	0.01598	0.502503
binom	1	0.05	0.01	0.01557	0.502999
binom	1	0.07	0.01	0.01535	0.507316
binom	1	0.08	0.01	0.01628	0.506204
binom	1	0.1	0.01	0.01639	0.508243
binom	1	0.2	0.01	0.01475	0.517003
binom	1	0.3	0.01	0.01526	0.526022
binom	1	0.4	0.01	0.01576	0.535647
binom	1	0.5	0.01	0.01364	0.543849
binom	1	0.6	0.01	0.01435	0.553805
binom	1	0.7	0.01	0.01236	0.560307
binom	1	0.8	0.01	0.01337	0.569088
binom	1	0.9	0.01	0.01256	0.578527
