binom	1	0	0.01	0.01559	0.500661
binom	1	0.01	0.01	0.01537	0.502225
binom	1	0.02	0.01	0.01518	0.502819
binom	1	0.03	0.01	0.01614	0.503216
binom	1	0.05	0.01	0.01592	0.503957
binom	1	0.07	0.01	0.01527	0.508101
binom	1	0.08	0.01	0.01599	0.506629
binom	1	0.1	0.01	0.0155	0.507574
binom	1	0.2	0.01	0.01566	0.518231
binom	1	0.3	0.01	0.01544	0.527027
binom	1	0.4	0.01	0.01463	0.536712
binom	1	0.5	0.01	0.01437	0.545943
binom	1	0.6	0.01	0.01381	0.552723
binom	1	0.7	0.01	0.01266	0.559961
binom	1	0.8	0.01	0.01312	0.568971
binom	1	0.9	0.01	0.01187	0.578677
