binom	1	0	0.05	0.05546	0.49925
binom	1	0.01	0.05	0.058	0.500924
binom	1	0.02	0.05	0.0566	0.504947
binom	1	0.03	0.05	0.05665	0.505762
binom	1	0.05	0.05	0.0573	0.508506
binom	1	0.07	0.05	0.05492	0.512201
binom	1	0.08	0.05	0.05622	0.514612
binom	1	0.1	0.05	0.05605	0.518658
binom	1	0.2	0.05	0.05374	0.538124
binom	1	0.3	0.05	0.05353	0.557443
binom	1	0.4	0.05	0.04864	0.575021
binom	1	0.5	0.05	0.04629	0.593428
binom	1	0.6	0.05	0.04407	0.613268
binom	1	0.7	0.05	0.04014	0.632232
binom	1	0.8	0.05	0.03571	0.650599
binom	1	0.9	0.05	0.03291	0.670644
