binom	1	0	0.05	0.0566	0.499535
binom	1	0.01	0.05	0.05589	0.502678
binom	1	0.02	0.05	0.05665	0.503384
binom	1	0.03	0.05	0.05454	0.504677
binom	1	0.05	0.05	0.0558	0.508839
binom	1	0.07	0.05	0.05449	0.513142
binom	1	0.08	0.05	0.05532	0.514675
binom	1	0.1	0.05	0.05602	0.517574
binom	1	0.2	0.05	0.05415	0.535873
binom	1	0.3	0.05	0.05199	0.555041
binom	1	0.4	0.05	0.04883	0.572163
binom	1	0.5	0.05	0.04659	0.590663
binom	1	0.6	0.05	0.0418	0.609175
binom	1	0.7	0.05	0.03969	0.62778
binom	1	0.8	0.05	0.03601	0.647015
binom	1	0.9	0.05	0.03466	0.665026
