binom	1	0	0.01	0.016	0.498538
binom	1	0.01	0.01	0.01559	0.501539
binom	1	0.02	0.01	0.01655	0.501378
binom	1	0.03	0.01	0.01614	0.503618
binom	1	0.05	0.01	0.01619	0.503879
binom	1	0.07	0.01	0.01515	0.507802
binom	1	0.08	0.01	0.01584	0.508352
binom	1	0.1	0.01	0.01556	0.509904
binom	1	0.2	0.01	0.01546	0.518706
binom	1	0.3	0.01	0.01531	0.526604
binom	1	0.4	0.01	0.01547	0.535591
binom	1	0.5	0.01	0.01407	0.545295
binom	1	0.6	0.01	0.01371	0.554303
binom	1	0.7	0.01	0.01321	0.561332
binom	1	0.8	0.01	0.01228	0.571531
binom	1	0.9	0.01	0.01227	0.5789
