binom	1	0	0.01	0.01624	0.497438
binom	1	0.01	0.01	0.01628	0.502611
binom	1	0.02	0.01	0.01584	0.502854
binom	1	0.03	0.01	0.01504	0.504342
binom	1	0.05	0.01	0.01616	0.508868
binom	1	0.07	0.01	0.01577	0.512511
binom	1	0.08	0.01	0.01614	0.515948
binom	1	0.1	0.01	0.01614	0.52005
binom	1	0.2	0.01	0.01594	0.537917
binom	1	0.3	0.01	0.01573	0.554997
binom	1	0.4	0.01	0.01488	0.575175
binom	1	0.5	0.01	0.01428	0.593088
binom	1	0.6	0.01	0.01373	0.61008
binom	1	0.7	0.01	0.01227	0.626618
binom	1	0.8	0.01	0.01154	0.645633
binom	1	0.9	0.01	0.011	0.665318
