binom	1	0	0.01	0.0127	0.500559
binom	1	0.01	0.01	0.01325	0.501902
binom	1	0.02	0.01	0.01349	0.504655
binom	1	0.03	0.01	0.01235	0.506194
binom	1	0.05	0.01	0.0134	0.513224
binom	1	0.07	0.01	0.01255	0.513888
binom	1	0.08	0.01	0.01287	0.517265
binom	1	0.1	0.01	0.01307	0.524346
binom	1	0.2	0.01	0.01248	0.544623
binom	1	0.3	0.01	0.01164	0.564854
binom	1	0.4	0.01	0.01117	0.586455
binom	1	0.5	0.01	0.01096	0.60604
binom	1	0.6	0.01	0.00949	0.631454
binom	1	0.7	0.01	0.00926	0.651976
binom	1	0.8	0.01	0.00797	0.677453
binom	1	0.9	0.01	0.00757	0.70103
