binom	1	0	0.01	0.01257	0.499507
binom	1	0.01	0.01	0.01327	0.500339
binom	1	0.02	0.01	0.01352	0.503698
binom	1	0.03	0.01	0.01221	0.506568
binom	1	0.05	0.01	0.01295	0.509421
binom	1	0.07	0.01	0.0122	0.510049
binom	1	0.08	0.01	0.013	0.515015
binom	1	0.1	0.01	0.01232	0.519399
binom	1	0.2	0.01	0.01284	0.534891
binom	1	0.3	0.01	0.01221	0.554758
binom	1	0.4	0.01	0.01107	0.571581
binom	1	0.5	0.01	0.00999	0.58969
binom	1	0.6	0.01	0.0094	0.610926
binom	1	0.7	0.01	0.00878	0.627973
binom	1	0.8	0.01	0.00798	0.648446
binom	1	0.9	0.01	0.00679	0.668454
