binom	1	0	0.05	0.05671	0.499266
binom	1	0.01	0.05	0.05749	0.50216
binom	1	0.02	0.05	0.05706	0.503938
binom	1	0.03	0.05	0.05716	0.506205
binom	1	0.05	0.05	0.05586	0.510465
binom	1	0.07	0.05	0.05725	0.513373
binom	1	0.08	0.05	0.05737	0.515159
binom	1	0.1	0.05	0.05689	0.518177
binom	1	0.2	0.05	0.05598	0.537126
binom	1	0.3	0.05	0.05265	0.556501
binom	1	0.4	0.05	0.05106	0.574873
binom	1	0.5	0.05	0.04665	0.594133
binom	1	0.6	0.05	0.04369	0.612081
binom	1	0.7	0.05	0.04059	0.633181
binom	1	0.8	0.05	0.03757	0.650964
binom	1	0.9	0.05	0.03328	0.670646
