binom	1	0	0.01	0.01561	0.500922
binom	1	0.01	0.01	0.01572	0.496889
binom	1	0.02	0.01	0.01617	0.500829
binom	1	0.03	0.01	0.01555	0.504206
binom	1	0.05	0.01	0.0155	0.504471
binom	1	0.07	0.01	0.01569	0.506386
binom	1	0.08	0.01	0.01612	0.506849
binom	1	0.1	0.01	0.01506	0.509183
binom	1	0.2	0.01	0.01516	0.517922
binom	1	0.3	0.01	0.01462	0.526368
binom	1	0.4	0.01	0.01384	0.53401
binom	1	0.5	0.01	0.01382	0.541006
binom	1	0.6	0.01	0.01338	0.551203
binom	1	0.7	0.01	0.01311	0.558482
binom	1	0.8	0.01	0.01211	0.566053
binom	1	0.9	0.01	0.01158	0.571934
