binom	1	0	0.2	0.17132	0.499831
binom	1	0.01	0.2	0.16921	0.500953
binom	1	0.02	0.2	0.17049	0.502495
binom	1	0.03	0.2	0.16901	0.503406
binom	1	0.05	0.2	0.16791	0.506732
binom	1	0.07	0.2	0.16876	0.507933
binom	1	0.08	0.2	0.17054	0.509935
binom	1	0.1	0.2	0.1704	0.511612
binom	1	0.2	0.2	0.16653	0.523172
binom	1	0.3	0.2	0.16217	0.535333
binom	1	0.4	0.2	0.15412	0.54715
binom	1	0.5	0.2	0.14896	0.558758
binom	1	0.6	0.2	0.13598	0.571045
binom	1	0.7	0.2	0.13142	0.583318
binom	1	0.8	0.2	0.12038	0.596381
binom	1	0.9	0.2	0.10892	0.608061
