binom	1	0	0.2	0.16878	0.500091
binom	1	0.01	0.2	0.17013	0.501094
binom	1	0.02	0.2	0.1695	0.501699
binom	1	0.03	0.2	0.16886	0.501833
binom	1	0.05	0.2	0.16798	0.503877
binom	1	0.07	0.2	0.16758	0.504433
binom	1	0.08	0.2	0.16881	0.505441
binom	1	0.1	0.2	0.16995	0.506493
binom	1	0.2	0.2	0.16556	0.513819
binom	1	0.3	0.2	0.16095	0.519858
binom	1	0.4	0.2	0.15632	0.527101
binom	1	0.5	0.2	0.14826	0.533941
binom	1	0.6	0.2	0.13863	0.540649
binom	1	0.7	0.2	0.12873	0.547478
binom	1	0.8	0.2	0.12149	0.555258
binom	1	0.9	0.2	0.11192	0.562169
