binom	1	0	0.2	0.16995	0.500643
binom	1	0.01	0.2	0.17168	0.501165
binom	1	0.02	0.2	0.17168	0.50086
binom	1	0.03	0.2	0.16948	0.501331
binom	1	0.05	0.2	0.17064	0.502721
binom	1	0.07	0.2	0.16925	0.503527
binom	1	0.08	0.2	0.17021	0.503818
binom	1	0.1	0.2	0.16886	0.504918
binom	1	0.2	0.2	0.1643	0.509667
binom	1	0.3	0.2	0.15908	0.514986
binom	1	0.4	0.2	0.15486	0.52065
binom	1	0.5	0.2	0.14757	0.525404
binom	1	0.6	0.2	0.13844	0.530514
binom	1	0.7	0.2	0.12923	0.536466
binom	1	0.8	0.2	0.12035	0.540479
binom	1	0.9	0.2	0.11126	0.546178
