binom	1	0	0.2	0.18334	0.500242
binom	1	0.01	0.2	0.18492	0.501913
binom	1	0.02	0.2	0.18506	0.502367
binom	1	0.03	0.2	0.18481	0.503218
binom	1	0.05	0.2	0.1835	0.505106
binom	1	0.07	0.2	0.17951	0.508071
binom	1	0.08	0.2	0.1838	0.508654
binom	1	0.1	0.2	0.1826	0.510499
binom	1	0.2	0.2	0.18013	0.520384
binom	1	0.3	0.2	0.1766	0.532834
binom	1	0.4	0.2	0.17086	0.542386
binom	1	0.5	0.2	0.16271	0.554047
binom	1	0.6	0.2	0.15386	0.565523
binom	1	0.7	0.2	0.14148	0.577923
binom	1	0.8	0.2	0.13196	0.58894
binom	1	0.9	0.2	0.12324	0.602214
