binom	1	0	0.2	0.18679	0.500096
binom	1	0.01	0.2	0.18937	0.500899
binom	1	0.02	0.2	0.18615	0.502097
binom	1	0.03	0.2	0.1858	0.503284
binom	1	0.05	0.2	0.18792	0.50541
binom	1	0.07	0.2	0.18826	0.506924
binom	1	0.08	0.2	0.19025	0.508264
binom	1	0.1	0.2	0.18683	0.510052
binom	1	0.2	0.2	0.184	0.520778
binom	1	0.3	0.2	0.18161	0.530619
binom	1	0.4	0.2	0.17301	0.541222
binom	1	0.5	0.2	0.16583	0.551392
binom	1	0.6	0.2	0.15562	0.561859
binom	1	0.7	0.2	0.14489	0.573456
binom	1	0.8	0.2	0.13638	0.584433
binom	1	0.9	0.2	0.12523	0.597167
