binom	1	0	0.2	0.18678	0.499877
binom	1	0.01	0.2	0.18617	0.50076
binom	1	0.02	0.2	0.18814	0.501984
binom	1	0.03	0.2	0.18553	0.503154
binom	1	0.05	0.2	0.18623	0.50517
binom	1	0.07	0.2	0.18515	0.507807
binom	1	0.08	0.2	0.18596	0.508705
binom	1	0.1	0.2	0.18364	0.511041
binom	1	0.2	0.2	0.18214	0.521218
binom	1	0.3	0.2	0.17833	0.531444
binom	1	0.4	0.2	0.17173	0.542777
binom	1	0.5	0.2	0.16336	0.553216
binom	1	0.6	0.2	0.15388	0.565452
binom	1	0.7	0.2	0.14522	0.576576
binom	1	0.8	0.2	0.13597	0.588534
binom	1	0.9	0.2	0.12188	0.601494
