binom	1	0	0.2	0.17461	0.499959
binom	1	0.01	0.2	0.17606	0.500762
binom	1	0.02	0.2	0.17384	0.502178
binom	1	0.03	0.2	0.17641	0.501739
binom	1	0.05	0.2	0.175	0.503666
binom	1	0.07	0.2	0.17525	0.504756
binom	1	0.08	0.2	0.17351	0.505251
binom	1	0.1	0.2	0.1736	0.507006
binom	1	0.2	0.2	0.17334	0.514772
binom	1	0.3	0.2	0.16623	0.520268
binom	1	0.4	0.2	0.16401	0.52851
binom	1	0.5	0.2	0.15255	0.535798
binom	1	0.6	0.2	0.14422	0.542862
binom	1	0.7	0.2	0.13507	0.55121
binom	1	0.8	0.2	0.12693	0.558834
binom	1	0.9	0.2	0.11619	0.567237
