binom	1	0	0.2	0.18033	0.500016
binom	1	0.01	0.2	0.17914	0.500219
binom	1	0.02	0.2	0.17756	0.501452
binom	1	0.03	0.2	0.18067	0.500989
binom	1	0.05	0.2	0.17852	0.502627
binom	1	0.07	0.2	0.17982	0.50471
binom	1	0.08	0.2	0.17656	0.504988
binom	1	0.1	0.2	0.17806	0.506542
binom	1	0.2	0.2	0.17592	0.51198
binom	1	0.3	0.2	0.1702	0.516895
binom	1	0.4	0.2	0.1628	0.522773
binom	1	0.5	0.2	0.15526	0.528098
binom	1	0.6	0.2	0.14555	0.535443
binom	1	0.7	0.2	0.13725	0.540254
binom	1	0.8	0.2	0.12744	0.546778
binom	1	0.9	0.2	0.11673	0.55308
