binom	1	0	0.2	0.17565	0.500062
binom	1	0.01	0.2	0.17465	0.500368
binom	1	0.02	0.2	0.17475	0.501095
binom	1	0.03	0.2	0.17468	0.501867
binom	1	0.05	0.2	0.17331	0.502908
binom	1	0.07	0.2	0.1727	0.503748
binom	1	0.08	0.2	0.17349	0.504576
binom	1	0.1	0.2	0.17267	0.504879
binom	1	0.2	0.2	0.1691	0.511167
binom	1	0.3	0.2	0.16528	0.51615
binom	1	0.4	0.2	0.16053	0.522045
binom	1	0.5	0.2	0.15109	0.527341
binom	1	0.6	0.2	0.14331	0.533371
binom	1	0.7	0.2	0.13494	0.539683
binom	1	0.8	0.2	0.12292	0.545384
binom	1	0.9	0.2	0.11341	0.551024
