binom	1	0	0.2	0.22729	0.500196
binom	1	0.01	0.2	0.22376	0.50053
binom	1	0.02	0.2	0.22688	0.500234
binom	1	0.03	0.2	0.22694	0.500479
binom	1	0.05	0.2	0.2265	0.501043
binom	1	0.07	0.2	0.22528	0.501267
binom	1	0.08	0.2	0.22687	0.501627
binom	1	0.1	0.2	0.22561	0.502384
binom	1	0.2	0.2	0.22053	0.503512
binom	1	0.3	0.2	0.21631	0.505727
binom	1	0.4	0.2	0.20923	0.50764
binom	1	0.5	0.2	0.19735	0.509847
binom	1	0.6	0.2	0.18565	0.511678
binom	1	0.7	0.2	0.17408	0.514271
binom	1	0.8	0.2	0.16131	0.515223
binom	1	0.9	0.2	0.15002	0.517399
