binom	1	0	0.2	0.19569	0.500046
binom	1	0.01	0.2	0.19674	0.501953
binom	1	0.02	0.2	0.19836	0.503524
binom	1	0.03	0.2	0.19617	0.505141
binom	1	0.05	0.2	0.19619	0.507911
binom	1	0.07	0.2	0.19592	0.510565
binom	1	0.08	0.2	0.19764	0.513127
binom	1	0.1	0.2	0.19797	0.515686
binom	1	0.2	0.2	0.19475	0.53254
binom	1	0.3	0.2	0.18879	0.548359
binom	1	0.4	0.2	0.1801	0.566453
binom	1	0.5	0.2	0.17135	0.583283
binom	1	0.6	0.2	0.16322	0.600819
binom	1	0.7	0.2	0.15045	0.619262
binom	1	0.8	0.2	0.14129	0.637102
binom	1	0.9	0.2	0.1308	0.656485
