binom	1	0	0.2	0.16849	0.499841
binom	1	0.01	0.2	0.17052	0.501634
binom	1	0.02	0.2	0.16893	0.503753
binom	1	0.03	0.2	0.16927	0.505476
binom	1	0.05	0.2	0.16835	0.50851
binom	1	0.07	0.2	0.16681	0.5115
binom	1	0.08	0.2	0.16579	0.514185
binom	1	0.1	0.2	0.16657	0.517082
binom	1	0.2	0.2	0.16625	0.533965
binom	1	0.3	0.2	0.15874	0.550627
binom	1	0.4	0.2	0.15325	0.568112
binom	1	0.5	0.2	0.14701	0.585885
binom	1	0.6	0.2	0.14014	0.603394
binom	1	0.7	0.2	0.12793	0.620711
binom	1	0.8	0.2	0.11941	0.637625
binom	1	0.9	0.2	0.1099	0.656498
