binom	1	0	0.2	0.16865	0.500283
binom	1	0.01	0.2	0.16896	0.5015
binom	1	0.02	0.2	0.16928	0.502735
binom	1	0.03	0.2	0.16897	0.503757
binom	1	0.05	0.2	0.17026	0.506999
binom	1	0.07	0.2	0.17166	0.51117
binom	1	0.08	0.2	0.16845	0.512965
binom	1	0.1	0.2	0.16817	0.515799
binom	1	0.2	0.2	0.16563	0.531253
binom	1	0.3	0.2	0.16094	0.547563
binom	1	0.4	0.2	0.15313	0.56388
binom	1	0.5	0.2	0.14654	0.580172
binom	1	0.6	0.2	0.13892	0.59642
binom	1	0.7	0.2	0.13007	0.61333
binom	1	0.8	0.2	0.12226	0.629387
binom	1	0.9	0.2	0.11207	0.647078
