binom	1	0	0.2	0.16485	0.500142
binom	1	0.01	0.2	0.1658	0.500651
binom	1	0.02	0.2	0.16626	0.501626
binom	1	0.03	0.2	0.16688	0.501816
binom	1	0.05	0.2	0.16462	0.502648
binom	1	0.07	0.2	0.16743	0.503892
binom	1	0.08	0.2	0.16571	0.504377
binom	1	0.1	0.2	0.16517	0.504969
binom	1	0.2	0.2	0.16336	0.511178
binom	1	0.3	0.2	0.15648	0.516107
binom	1	0.4	0.2	0.15206	0.521457
binom	1	0.5	0.2	0.14262	0.526285
binom	1	0.6	0.2	0.13559	0.532517
binom	1	0.7	0.2	0.12539	0.537601
binom	1	0.8	0.2	0.1173	0.542197
binom	1	0.9	0.2	0.11047	0.548114
