binom	1	0	0.2	0.16156	0.499613
binom	1	0.01	0.2	0.16101	0.501419
binom	1	0.02	0.2	0.15963	0.502973
binom	1	0.03	0.2	0.16285	0.504289
binom	1	0.05	0.2	0.16059	0.508131
binom	1	0.07	0.2	0.16083	0.510752
binom	1	0.08	0.2	0.16045	0.512402
binom	1	0.1	0.2	0.16244	0.515463
binom	1	0.2	0.2	0.15843	0.530737
binom	1	0.3	0.2	0.15171	0.546681
binom	1	0.4	0.2	0.14653	0.562041
binom	1	0.5	0.2	0.13711	0.577917
binom	1	0.6	0.2	0.13233	0.594939
binom	1	0.7	0.2	0.12235	0.611881
binom	1	0.8	0.2	0.11137	0.629419
binom	1	0.9	0.2	0.10299	0.64703
