binom	1	0	0.2	0.16563	0.499653
binom	1	0.01	0.2	0.16745	0.502514
binom	1	0.02	0.2	0.16419	0.503776
binom	1	0.03	0.2	0.16621	0.507073
binom	1	0.05	0.2	0.16527	0.511179
binom	1	0.07	0.2	0.16768	0.514751
binom	1	0.08	0.2	0.16455	0.517187
binom	1	0.1	0.2	0.16462	0.521521
binom	1	0.2	0.2	0.1611	0.543849
binom	1	0.3	0.2	0.15835	0.566104
binom	1	0.4	0.2	0.15208	0.589024
binom	1	0.5	0.2	0.14428	0.611332
binom	1	0.6	0.2	0.13826	0.634588
binom	1	0.7	0.2	0.12717	0.658142
binom	1	0.8	0.2	0.11697	0.683072
binom	1	0.9	0.2	0.10892	0.707521
