binom	1	0	0.2	0.16273	0.499714
binom	1	0.01	0.2	0.16494	0.501663
binom	1	0.02	0.2	0.16439	0.503627
binom	1	0.03	0.2	0.16433	0.504632
binom	1	0.05	0.2	0.16234	0.507433
binom	1	0.07	0.2	0.16244	0.511466
binom	1	0.08	0.2	0.16566	0.512834
binom	1	0.1	0.2	0.16441	0.515666
binom	1	0.2	0.2	0.16053	0.53087
binom	1	0.3	0.2	0.15448	0.547319
binom	1	0.4	0.2	0.14714	0.563257
binom	1	0.5	0.2	0.14053	0.580185
binom	1	0.6	0.2	0.1318	0.597077
binom	1	0.7	0.2	0.12145	0.613378
binom	1	0.8	0.2	0.11449	0.631643
binom	1	0.9	0.2	0.10621	0.649974
