binom	1	0	0.15	0.14749	0.500348
binom	1	0.01	0.15	0.1471	0.500917
binom	1	0.02	0.15	0.14512	0.502652
binom	1	0.03	0.15	0.14556	0.503228
binom	1	0.05	0.15	0.14714	0.505777
binom	1	0.07	0.15	0.14682	0.507626
binom	1	0.08	0.15	0.14733	0.509113
binom	1	0.1	0.15	0.14652	0.511261
binom	1	0.2	0.15	0.14344	0.521164
binom	1	0.3	0.15	0.1407	0.532953
binom	1	0.4	0.15	0.13337	0.545051
binom	1	0.5	0.15	0.12664	0.557036
binom	1	0.6	0.15	0.11807	0.569283
binom	1	0.7	0.15	0.1127	0.58075
binom	1	0.8	0.15	0.10257	0.593645
binom	1	0.9	0.15	0.0931	0.607095
