binom	1	0	0.15	0.14787	0.500335
binom	1	0.01	0.15	0.14681	0.500787
binom	1	0.02	0.15	0.14774	0.501788
binom	1	0.03	0.15	0.14754	0.503752
binom	1	0.05	0.15	0.14687	0.506488
binom	1	0.07	0.15	0.14696	0.507935
binom	1	0.08	0.15	0.14613	0.510092
binom	1	0.1	0.15	0.14752	0.510878
binom	1	0.2	0.15	0.14379	0.522763
binom	1	0.3	0.15	0.1386	0.535032
binom	1	0.4	0.15	0.13467	0.54669
binom	1	0.5	0.15	0.12695	0.55982
binom	1	0.6	0.15	0.11882	0.57166
binom	1	0.7	0.15	0.10823	0.584654
binom	1	0.8	0.15	0.10291	0.597841
binom	1	0.9	0.15	0.09231	0.611271
