binom	1	0	0.15	0.14454	0.50077
binom	1	0.01	0.15	0.14605	0.501561
binom	1	0.02	0.15	0.14577	0.501734
binom	1	0.03	0.15	0.14433	0.503792
binom	1	0.05	0.15	0.14577	0.50613
binom	1	0.07	0.15	0.14608	0.508293
binom	1	0.08	0.15	0.14446	0.509225
binom	1	0.1	0.15	0.14484	0.511215
binom	1	0.2	0.15	0.14279	0.522934
binom	1	0.3	0.15	0.13787	0.533809
binom	1	0.4	0.15	0.13331	0.545411
binom	1	0.5	0.15	0.12501	0.557527
binom	1	0.6	0.15	0.1183	0.570292
binom	1	0.7	0.15	0.10892	0.581789
binom	1	0.8	0.15	0.10019	0.594463
binom	1	0.9	0.15	0.09331	0.608596
