binom	1	0	0.15	0.15191	0.499777
binom	1	0.01	0.15	0.15037	0.502058
binom	1	0.02	0.15	0.15293	0.504724
binom	1	0.03	0.15	0.15084	0.504954
binom	1	0.05	0.15	0.15313	0.508793
binom	1	0.07	0.15	0.15313	0.512062
binom	1	0.08	0.15	0.15119	0.513868
binom	1	0.1	0.15	0.15184	0.516962
binom	1	0.2	0.15	0.15177	0.534448
binom	1	0.3	0.15	0.14305	0.550782
binom	1	0.4	0.15	0.1384	0.569326
binom	1	0.5	0.15	0.13298	0.587526
binom	1	0.6	0.15	0.1239	0.606035
binom	1	0.7	0.15	0.11611	0.624353
binom	1	0.8	0.15	0.10766	0.643486
binom	1	0.9	0.15	0.09887	0.662493
