binom	1	0	0.15	0.1389	0.499774
binom	1	0.01	0.15	0.13888	0.500838
binom	1	0.02	0.15	0.13666	0.501146
binom	1	0.03	0.15	0.13781	0.501817
binom	1	0.05	0.15	0.13753	0.50402
binom	1	0.07	0.15	0.13743	0.504469
binom	1	0.08	0.15	0.13755	0.504301
binom	1	0.1	0.15	0.13763	0.506792
binom	1	0.2	0.15	0.13306	0.513329
binom	1	0.3	0.15	0.13111	0.518908
binom	1	0.4	0.15	0.12619	0.526256
binom	1	0.5	0.15	0.11791	0.531606
binom	1	0.6	0.15	0.11033	0.537126
binom	1	0.7	0.15	0.10309	0.5448
binom	1	0.8	0.15	0.09531	0.550016
binom	1	0.9	0.15	0.08722	0.557718
