binom	1	0	0.15	0.13577	0.500715
binom	1	0.01	0.15	0.13578	0.500879
binom	1	0.02	0.15	0.13561	0.501316
binom	1	0.03	0.15	0.13386	0.501386
binom	1	0.05	0.15	0.13471	0.503065
binom	1	0.07	0.15	0.13721	0.504223
binom	1	0.08	0.15	0.13362	0.505145
binom	1	0.1	0.15	0.13437	0.506144
binom	1	0.2	0.15	0.13329	0.511781
binom	1	0.3	0.15	0.12855	0.518211
binom	1	0.4	0.15	0.12036	0.524803
binom	1	0.5	0.15	0.11411	0.530117
binom	1	0.6	0.15	0.10793	0.536478
binom	1	0.7	0.15	0.09968	0.542944
binom	1	0.8	0.15	0.09281	0.549148
binom	1	0.9	0.15	0.08574	0.555007
