binom	1	0	0.15	0.22552	0.500513
binom	1	0.01	0.15	0.22668	0.500259
binom	1	0.02	0.15	0.22647	0.500657
binom	1	0.03	0.15	0.22648	0.501032
binom	1	0.05	0.15	0.22597	0.501236
binom	1	0.07	0.15	0.22387	0.501571
binom	1	0.08	0.15	0.22607	0.501679
binom	1	0.1	0.15	0.22442	0.502359
binom	1	0.2	0.15	0.21916	0.504249
binom	1	0.3	0.15	0.21478	0.50645
binom	1	0.4	0.15	0.20471	0.508116
binom	1	0.5	0.15	0.19588	0.510595
binom	1	0.6	0.15	0.18399	0.513016
binom	1	0.7	0.15	0.17101	0.515337
binom	1	0.8	0.15	0.15785	0.516596
binom	1	0.9	0.15	0.1446	0.519163
