binom	1	0	0.15	0.20356	0.500126
binom	1	0.01	0.15	0.20155	0.500054
binom	1	0.02	0.15	0.20337	0.500692
binom	1	0.03	0.15	0.20306	0.501214
binom	1	0.05	0.15	0.20264	0.500982
binom	1	0.07	0.15	0.20144	0.501445
binom	1	0.08	0.15	0.20272	0.501703
binom	1	0.1	0.15	0.20142	0.501789
binom	1	0.2	0.15	0.1976	0.504216
binom	1	0.3	0.15	0.1907	0.507142
binom	1	0.4	0.15	0.18473	0.508876
binom	1	0.5	0.15	0.17657	0.510997
binom	1	0.6	0.15	0.1628	0.513406
binom	1	0.7	0.15	0.14998	0.515289
binom	1	0.8	0.15	0.14108	0.517411
binom	1	0.9	0.15	0.12892	0.51996
