binom	1	0	0.15	0.1593	0.500726
binom	1	0.01	0.15	0.15526	0.501749
binom	1	0.02	0.15	0.15569	0.504474
binom	1	0.03	0.15	0.1589	0.50487
binom	1	0.05	0.15	0.15745	0.509148
binom	1	0.07	0.15	0.15521	0.51277
binom	1	0.08	0.15	0.15525	0.514526
binom	1	0.1	0.15	0.15395	0.517469
binom	1	0.2	0.15	0.15397	0.535214
binom	1	0.3	0.15	0.14802	0.553431
binom	1	0.4	0.15	0.14296	0.571226
binom	1	0.5	0.15	0.13544	0.589397
binom	1	0.6	0.15	0.12649	0.608352
binom	1	0.7	0.15	0.11865	0.626973
binom	1	0.8	0.15	0.1088	0.647117
binom	1	0.9	0.15	0.1022	0.666295
