binom	1	0	0.15	0.14358	0.500361
binom	1	0.01	0.15	0.14301	0.500027
binom	1	0.02	0.15	0.1423	0.50044
binom	1	0.03	0.15	0.14487	0.501056
binom	1	0.05	0.15	0.14385	0.501571
binom	1	0.07	0.15	0.14225	0.501755
binom	1	0.08	0.15	0.14424	0.503054
binom	1	0.1	0.15	0.14133	0.502533
binom	1	0.2	0.15	0.13953	0.504846
binom	1	0.3	0.15	0.1367	0.507604
binom	1	0.4	0.15	0.13228	0.510835
binom	1	0.5	0.15	0.12527	0.513371
binom	1	0.6	0.15	0.11582	0.51685
binom	1	0.7	0.15	0.10791	0.517621
binom	1	0.8	0.15	0.09879	0.520185
binom	1	0.9	0.15	0.09112	0.522484
