binom	1	0	0.15	0.13482	0.499509
binom	1	0.01	0.15	0.13716	0.500727
binom	1	0.02	0.15	0.13587	0.500179
binom	1	0.03	0.15	0.13695	0.500744
binom	1	0.05	0.15	0.13626	0.50131
binom	1	0.07	0.15	0.13491	0.501908
binom	1	0.08	0.15	0.13546	0.501622
binom	1	0.1	0.15	0.13465	0.502922
binom	1	0.2	0.15	0.13308	0.505131
binom	1	0.3	0.15	0.13054	0.508185
binom	1	0.4	0.15	0.12172	0.509442
binom	1	0.5	0.15	0.11583	0.513277
binom	1	0.6	0.15	0.10945	0.515808
binom	1	0.7	0.15	0.10136	0.517768
binom	1	0.8	0.15	0.09244	0.51997
binom	1	0.9	0.15	0.08507	0.523468
