binom	1	0	0.15	0.13066	0.500294
binom	1	0.01	0.15	0.13378	0.500707
binom	1	0.02	0.15	0.13231	0.500059
binom	1	0.03	0.15	0.1342	0.500568
binom	1	0.05	0.15	0.13343	0.50076
binom	1	0.07	0.15	0.13196	0.502386
binom	1	0.08	0.15	0.13114	0.502294
binom	1	0.1	0.15	0.13103	0.501921
binom	1	0.2	0.15	0.12917	0.505444
binom	1	0.3	0.15	0.12492	0.507952
binom	1	0.4	0.15	0.12095	0.51043
binom	1	0.5	0.15	0.11401	0.513241
binom	1	0.6	0.15	0.10812	0.51502
binom	1	0.7	0.15	0.10033	0.518064
binom	1	0.8	0.15	0.09288	0.521542
binom	1	0.9	0.15	0.08453	0.523634
