binom	1	0	0.15	0.1306	0.499963
binom	1	0.01	0.15	0.13262	0.501559
binom	1	0.02	0.15	0.129	0.50384
binom	1	0.03	0.15	0.13211	0.5051
binom	1	0.05	0.15	0.13195	0.509348
binom	1	0.07	0.15	0.12963	0.513319
binom	1	0.08	0.15	0.13161	0.514892
binom	1	0.1	0.15	0.12918	0.519291
binom	1	0.2	0.15	0.12762	0.53703
binom	1	0.3	0.15	0.12598	0.55576
binom	1	0.4	0.15	0.11991	0.574794
binom	1	0.5	0.15	0.11186	0.594023
binom	1	0.6	0.15	0.10487	0.612481
binom	1	0.7	0.15	0.09593	0.631509
binom	1	0.8	0.15	0.09013	0.65092
binom	1	0.9	0.15	0.08232	0.670447
