binom	1	0	0.15	0.13818	0.49924
binom	1	0.01	0.15	0.1382	0.501616
binom	1	0.02	0.15	0.13838	0.502609
binom	1	0.03	0.15	0.13754	0.502633
binom	1	0.05	0.15	0.14003	0.504985
binom	1	0.07	0.15	0.13923	0.508043
binom	1	0.08	0.15	0.13625	0.508654
binom	1	0.1	0.15	0.13454	0.510715
binom	1	0.2	0.15	0.1353	0.521607
binom	1	0.3	0.15	0.12947	0.532842
binom	1	0.4	0.15	0.12443	0.543747
binom	1	0.5	0.15	0.11823	0.555653
binom	1	0.6	0.15	0.10853	0.567898
binom	1	0.7	0.15	0.10035	0.579574
binom	1	0.8	0.15	0.09256	0.59214
binom	1	0.9	0.15	0.08132	0.605271
