binom	1	0	0.01	0.02032	0.501127
binom	1	0.01	0.01	0.02074	0.500231
binom	1	0.02	0.01	0.02095	0.504387
binom	1	0.03	0.01	0.02048	0.503745
binom	1	0.05	0.01	0.01996	0.505441
binom	1	0.07	0.01	0.02093	0.508022
binom	1	0.08	0.01	0.02086	0.511889
binom	1	0.1	0.01	0.02079	0.512443
binom	1	0.2	0.01	0.02023	0.526471
binom	1	0.3	0.01	0.01938	0.539623
binom	1	0.4	0.01	0.01888	0.552378
binom	1	0.5	0.01	0.01848	0.567186
binom	1	0.6	0.01	0.01708	0.580316
binom	1	0.7	0.01	0.01688	0.594236
binom	1	0.8	0.01	0.01569	0.610835
binom	1	0.9	0.01	0.0146	0.625356
