binom	1	0	0.15	0.18499	0.499438
binom	1	0.01	0.15	0.18901	0.50216
binom	1	0.02	0.15	0.18446	0.503175
binom	1	0.03	0.15	0.18879	0.503598
binom	1	0.05	0.15	0.18761	0.506945
binom	1	0.07	0.15	0.18425	0.510096
binom	1	0.08	0.15	0.18603	0.511633
binom	1	0.1	0.15	0.1864	0.514386
binom	1	0.2	0.15	0.18229	0.529406
binom	1	0.3	0.15	0.1764	0.543067
binom	1	0.4	0.15	0.16755	0.559185
binom	1	0.5	0.15	0.16046	0.574315
binom	1	0.6	0.15	0.15105	0.589935
binom	1	0.7	0.15	0.1398	0.606049
binom	1	0.8	0.15	0.13025	0.622395
binom	1	0.9	0.15	0.11756	0.638744
