binom	1	0	0.15	0.14553	0.500019
binom	1	0.01	0.15	0.14397	0.502166
binom	1	0.02	0.15	0.14401	0.502698
binom	1	0.03	0.15	0.14433	0.504888
binom	1	0.05	0.15	0.14486	0.506403
binom	1	0.07	0.15	0.1446	0.508455
binom	1	0.08	0.15	0.1449	0.510066
binom	1	0.1	0.15	0.14269	0.512941
binom	1	0.2	0.15	0.13977	0.526066
binom	1	0.3	0.15	0.13637	0.53971
binom	1	0.4	0.15	0.13084	0.552804
binom	1	0.5	0.15	0.12449	0.56705
binom	1	0.6	0.15	0.11718	0.580264
binom	1	0.7	0.15	0.10757	0.595459
binom	1	0.8	0.15	0.09896	0.611158
binom	1	0.9	0.15	0.09157	0.625319
