binom	1	0	0.15	0.15379	0.500683
binom	1	0.01	0.15	0.154	0.502053
binom	1	0.02	0.15	0.15513	0.504281
binom	1	0.03	0.15	0.15421	0.505326
binom	1	0.05	0.15	0.15243	0.508612
binom	1	0.07	0.15	0.1532	0.512479
binom	1	0.08	0.15	0.15265	0.514013
binom	1	0.1	0.15	0.15156	0.518205
binom	1	0.2	0.15	0.14985	0.53582
binom	1	0.3	0.15	0.14464	0.553616
binom	1	0.4	0.15	0.13859	0.572118
binom	1	0.5	0.15	0.13054	0.590525
binom	1	0.6	0.15	0.12437	0.609838
binom	1	0.7	0.15	0.11574	0.628762
binom	1	0.8	0.15	0.10979	0.647648
binom	1	0.9	0.15	0.09831	0.668128
