binom	1	0	0.15	0.15881	0.499481
binom	1	0.01	0.15	0.15697	0.50096
binom	1	0.02	0.15	0.15819	0.503383
binom	1	0.03	0.15	0.15641	0.505098
binom	1	0.05	0.15	0.1575	0.508502
binom	1	0.07	0.15	0.15739	0.512553
binom	1	0.08	0.15	0.15626	0.514546
binom	1	0.1	0.15	0.15816	0.51731
binom	1	0.2	0.15	0.15346	0.534628
binom	1	0.3	0.15	0.14932	0.553624
binom	1	0.4	0.15	0.14224	0.571516
binom	1	0.5	0.15	0.13538	0.589649
binom	1	0.6	0.15	0.12827	0.608059
binom	1	0.7	0.15	0.11889	0.626366
binom	1	0.8	0.15	0.10969	0.646761
binom	1	0.9	0.15	0.10098	0.666592
