15 21
15 39
15 16
15 25
15 6
15 1
15 48
15 12
15 34
15 43
15 20
15 29
15 38
15 47
15 24
15 33
15 42
15 51
15 19
15 28
15 37
15 32
15 18
15 10
15 5
15 46
15 41
15 50
15 27
15 36
15 8
15 31
15 40
15 49
15 11
15 17
15 26
15 44
21 37
21 46
21 18
21 7
21 32
21 41
21 50
21 27
21 36
21 45
21 40
21 49
21 10
21 35
21 2
21 13
21 8
21 11
21 48
21 25
21 34
21 43
21 3
21 14
21 29
21 38
21 47
21 24
21 33
21 42
21 6
21 28
21 23
21 20
21 12
21 4
21 51
7 17
7 26
7 35
7 30
7 16
7 11
7 5
7 44
7 25
7 34
7 43
7 20
7 38
7 47
7 33
7 42
7 10
7 19
7 28
7 37
7 0
7 23
7 9
7 6
7 51
7 46
7 32
7 41
7 50
7 27
7 36
7 45
7 13
7 22
7 31
7 40
7 49
17 44
17 39
17 48
17 10
17 34
17 43
17 20
17 29
17 38
17 47
17 33
17 19
17 5
17 13
17 23
17 11
17 0
17 51
17 3
17 14
17 46
17 32
17 50
17 18
17 27
17 45
17 6
17 22
17 31
17 40
17 49
17 35
17 30
17 1
17 12
17 4
26 30
26 18
26 5
26 13
26 24
26 16
26 48
26 34
26 43
26 38
26 47
26 19
26 8
26 33
26 42
26 0
26 11
26 28
26 37
26 46
26 22
26 32
26 3
26 14
26 25
26 6
26 9
26 1
26 41
26 50
26 12
26 27
26 36
26 4
26 40
26 35
30 9
30 10
30 29
30 46
30 4
30 5
30 41
30 24
30 13
30 45
30 16
30 31
30 40
30 49
30 27
30 35
30 44
30 8
30 19
30 11
30 3
30 6
30 28
30 39
30 34
30 0
30 43
30 1
30 38
30 33
30 51
30 12
30 23
30 37
30 25
18 35
18 44
18 8
18 14
18 3
18 6
18 48
18 0
18 11
18 25
18 34
18 43
18 20
18 29
18 38
18 42
18 19
18 37
18 23
18 9
18 10
18 2
18 12
18 5
18 46
18 13
18 32
18 41
18 50
18 27
18 36
18 31
18 40
18 49
39 28
39 9
39 48
39 43
39 20
39 47
39 12
39 23
39 42
39 51
39 4
39 32
39 5
39 46
39 34
39 37
39 27
39 2
39 22
39 13
39 50
39 16
39 45
39 36
39 8
39 19
39 44
39 38
39 11
39 0
39 1
39 31
39 14
39 3
39 33
35 10
35 29
35 2
35 50
35 36
35 45
35 32
35 40
35 49
35 5
35 24
35 13
35 44
35 16
35 19
35 8
35 11
35 22
35 3
35 33
35 25
35 48
35 6
35 43
35 28
35 51
35 9
35 20
35 31
35 12
35 23
35 4
29 32
29 41
29 50
29 36
29 45
29 25
29 6
29 31
29 40
29 44
29 28
29 9
29 1
29 23
29 12
29 4
29 48
29 43
29 38
29 47
29 2
29 33
29 42
29 51
29 37
29 5
29 13
29 16
29 19
29 0
29 46
29 3
32 2
32 22
32 41
32 50
32 14
32 24
32 13
32 40
32 49
32 16
32 6
32 44
32 19
32 11
32 1
32 31
32 20
32 3
32 25
32 34
32 43
32 9
32 10
32 47
32 33
32 37
32 46
32 5
32 27
44 47
44 51
44 12
44 4
44 43
44 5
44 24
44 13
44 37
44 19
44 8
44 46
44 50
44 2
44 45
44 22
44 41
44 3
44 33
44 6
44 36
44 38
44 1
44 31
44 20
44 23
44 48
44 25
44 34
8 9
8 2
8 51
8 5
8 41
8 50
8 27
8 36
8 45
8 13
8 22
8 31
8 49
8 0
8 16
8 11
8 3
8 6
8 48
8 1
8 25
8 34
8 20
8 38
8 24
8 42
8 10
8 28
8 37
8 14
9 49
9 0
9 3
9 34
9 43
9 11
9 20
9 38
9 47
9 24
9 33
9 10
9 19
9 14
9 4
9 51
9 37
9 46
9 23
9 41
9 50
9 27
9 36
9 45
9 13
9 31
9 2
9 12
9 16
41 40
41 42
41 51
41 13
41 24
41 27
41 19
41 38
41 0
41 22
41 3
41 14
41 45
41 33
41 25
41 6
41 36
41 28
41 1
41 31
41 12
41 23
41 34
41 48
41 37
41 43
41 10
40 50
40 49
40 2
40 5
40 24
40 16
40 27
40 19
40 0
40 11
40 22
40 48
40 3
40 14
40 43
40 47
40 25
40 6
40 42
40 36
40 28
40 1
40 20
40 23
40 4
40 46
40 37
37 22
37 14
37 6
37 36
37 0
37 1
37 31
37 20
37 23
37 12
37 48
37 25
37 47
37 10
37 2
37 4
37 5
37 24
37 13
37 46
37 27
37 50
37 19
37 45
50 2
50 5
50 13
50 24
50 27
50 19
50 49
50 38
50 0
50 11
50 22
50 14
50 3
50 25
50 47
50 28
50 31
50 23
50 4
50 45
50 34
50 48
50 10
0 14
0 23
0 46
0 36
0 45
0 4
0 22
0 31
0 3
0 16
0 2
0 49
0 48
0 25
0 34
0 20
0 47
0 6
0 24
0 33
0 42
0 1
0 10
0 19
0 28
14 11
14 24
14 28
14 3
14 23
14 6
14 1
14 46
14 12
14 4
14 27
14 45
14 22
14 49
14 16
14 10
14 2
14 5
14 13
14 48
14 34
14 43
14 47
14 20
14 38
11 51
11 46
11 5
11 27
11 36
11 45
11 13
11 31
11 12
11 16
11 3
11 6
11 48
11 25
11 43
11 38
11 47
11 1
11 24
11 33
11 42
11 19
11 28
46 5
46 24
46 13
46 16
46 6
46 19
46 38
46 1
46 49
46 33
46 25
46 28
46 20
46 42
46 4
46 48
46 34
46 51
46 27
46 10
46 2
23 22
23 3
23 6
23 48
23 34
23 43
23 38
23 24
23 42
23 1
23 20
23 28
23 12
23 51
23 2
23 27
23 45
23 5
23 31
23 49
23 16
23 19
10 27
10 36
10 31
10 49
10 3
10 12
10 16
10 1
10 4
10 48
10 34
10 43
10 38
10 47
10 24
10 33
10 42
10 51
10 19
10 28
10 2
10 5
27 2
27 22
27 5
27 24
27 36
27 31
27 19
27 3
27 48
27 20
27 43
27 12
27 38
27 4
27 33
27 42
27 51
27 28
42 33
42 25
42 6
42 36
42 28
42 48
42 1
42 20
42 31
42 47
42 12
42 34
42 2
42 51
42 4
42 5
42 24
42 16
42 45
42 19
42 38
42 22
36 48
36 2
36 43
36 38
36 47
36 51
36 24
36 13
36 16
36 19
36 22
36 3
36 25
36 45
36 1
36 20
36 12
36 4
36 34
51 13
51 16
51 6
51 47
51 38
51 49
51 1
51 20
51 31
51 3
51 33
51 25
51 34
51 12
51 4
51 5
51 19
51 2
51 22
51 68
51 71
51 75
51 70
25 34
25 43
25 38
25 33
25 28
25 5
25 24
25 2
25 45
25 31
25 22
25 3
25 13
25 16
25 6
25 1
25 20
34 6
34 28
34 1
34 31
34 12
34 4
34 2
34 5
34 24
34 13
34 16
34 19
34 22
34 3
34 33
2 45
2 13
2 31
2 49
2 3
2 12
2 16
2 48
2 43
2 6
2 33
2 19
2 5
2 4
2 1
47 48
47 6
47 28
47 1
47 31
47 12
47 4
47 45
47 49
47 43
47 5
47 24
47 13
47 16
47 19
47 38
47 22
47 3
43 6
43 28
43 45
43 20
43 12
43 4
43 48
43 24
43 16
43 19
43 38
43 22
43 3
43 33
22 28
22 5
22 13
22 19
22 45
22 31
22 49
22 3
22 1
22 20
22 12
22 4
22 48
22 38
22 33
28 3
28 38
28 6
28 33
28 1
28 20
28 12
28 45
28 49
28 5
28 13
28 16
28 19
24 6
24 45
24 31
24 49
24 20
24 12
24 4
24 38
24 5
24 33
24 16
24 19
3 33
3 19
3 5
3 4
3 45
3 49
3 1
3 20
33 1
33 20
33 31
33 12
33 4
33 45
33 49
33 5
33 13
33 48
16 45
16 31
16 49
16 5
16 48
16 6
16 20
16 38
16 19
16 12
16 4
48 49
48 1
48 31
48 20
48 12
48 4
48 45
48 5
48 13
49 4
49 5
49 13
49 19
49 38
49 6
49 1
49 20
49 31
49 12
49 45
6 38
6 19
6 13
6 4
6 45
6 12
6 1
45 13
45 38
45 20
45 31
45 12
45 4
31 13
31 38
31 1
31 20
31 4
38 1
38 20
38 5
38 13
19 12
19 20
13 1
13 20
13 4
13 5
5 4
12 20
12 1
12 4
1 4
1 20
84 87
84 82
84 72
84 66
87 57
87 91
87 79
82 90
82 60
82 78
72 92
72 85
72 70
66 74
66 98
66 75
57 89
57 95
57 83
91 76
91 83
91 56
79 69
79 60
79 98
67 80
67 89
67 65
67 95
80 53
80 95
80 97
89 98
89 85
65 94
65 90
65 71
95 90
53 61
53 92
53 63
97 99
97 68
97 88
61 94
61 98
61 99
94 74
94 93
99 77
99 85
74 81
74 77
93 73
93 96
93 77
85 92
69 86
69 54
69 75
86 64
86 54
86 77
54 73
54 63
75 76
64 73
64 55
64 56
68 81
68 78
88 73
88 71
88 59
63 59
63 62
81 70
81 59
78 59
78 71
70 55
55 90
55 76
76 52
56 60
56 96
60 92
96 58
96 52
52 62
52 58
58 62
58 83
83 62
