33 36
33 16
33 35
33 37
33 30
33 21
33 0
33 39
33 32
33 34
33 43
36 46
36 12
36 23
36 2
36 40
36 28
36 32
36 5
36 51
36 18
27 50
27 43
27 40
27 21
27 42
27 17
27 5
27 18
27 9
27 3
27 14
50 25
50 42
50 6
50 8
50 38
50 11
50 15
50 9
50 20
50 23
15 30
15 10
15 8
15 29
15 31
15 11
15 42
15 17
15 26
15 35
30 4
30 5
30 22
30 13
30 9
30 51
30 44
30 37
30 2
41 49
41 25
41 8
41 38
41 48
41 1
41 14
41 20
41 47
41 12
41 23
49 31
49 29
49 6
49 21
49 47
49 4
49 43
49 32
49 45
49 35
16 29
16 0
16 42
16 28
16 21
16 51
16 44
16 3
16 39
16 25
29 12
29 25
29 2
29 6
29 42
29 35
29 17
29 48
43 46
43 40
43 6
43 8
43 21
43 26
43 5
43 13
46 39
46 28
46 7
46 51
46 31
46 44
46 10
46 12
46 25
35 42
35 22
35 44
35 20
35 10
35 11
35 26
42 45
42 26
42 17
42 5
42 7
26 39
26 24
26 48
26 10
26 23
26 11
26 44
39 51
39 19
39 11
39 28
39 6
39 45
39 47
25 4
25 8
25 21
25 14
25 20
25 9
1 40
1 37
1 5
1 14
1 32
1 20
1 18
1 4
1 13
1 47
40 14
40 10
40 38
40 0
40 34
40 18
40 24
14 22
14 7
14 28
14 3
14 48
14 20
22 20
22 37
22 12
22 8
22 17
22 5
22 47
22 13
34 37
34 2
34 19
34 11
34 7
34 18
34 45
34 9
34 24
37 7
37 44
37 9
37 6
37 45
37 38
51 17
51 7
51 48
51 3
51 19
51 2
20 47
20 21
20 32
20 5
47 10
47 21
47 38
47 11
47 28
4 48
4 18
4 38
4 6
4 17
4 10
4 12
0 23
0 44
0 9
0 45
0 6
0 10
0 19
0 28
23 45
23 5
23 7
23 24
23 3
23 48
13 17
13 2
13 8
13 18
13 7
13 9
13 31
17 18
17 8
17 24
48 19
48 9
48 24
48 31
6 11
6 2
6 32
11 8
11 3
11 12
7 10
7 24
7 8
10 21
10 32
24 2
24 19
24 45
24 31
19 18
19 45
19 31
19 2
19 44
18 28
18 31
44 3
44 31
44 21
28 45
28 38
28 2
8 31
12 45
12 38
12 3
12 32
5 9
5 38
31 32
2 3
9 38
38 32
3 21
3 32
68 81
68 69
68 59
68 58
81 64
81 89
81 76
69 97
69 85
69 67
59 98
59 57
59 70
58 61
58 79
58 85
64 86
64 88
64 83
89 57
89 71
89 90
76 55
76 66
76 63
56 61
56 84
56 72
56 67
61 53
61 85
84 80
84 53
84 72
72 93
72 96
67 90
67 79
53 55
53 73
85 100
60 98
60 93
60 95
60 73
98 87
98 77
93 80
93 65
95 82
95 66
95 71
73 88
73 77
87 86
87 71
87 80
77 62
77 74
54 91
54 88
54 78
54 62
91 82
91 80
91 55
88 94
78 75
78 96
78 97
62 74
62 65
82 63
82 75
55 86
86 92
83 100
83 71
83 97
92 96
92 94
92 52
57 66
57 100
66 99
100 99
90 75
90 65
63 70
63 52
75 65
70 99
70 79
52 99
52 97
94 74
94 96
74 79
