binom	1	0	0.1	0.08877	0.499745
binom	1	0.01	0.1	0.08782	0.500591
binom	1	0.02	0.1	0.08809	0.503483
binom	1	0.03	0.1	0.08819	0.504765
binom	1	0.05	0.1	0.08801	0.506767
binom	1	0.07	0.1	0.0868	0.509741
binom	1	0.08	0.1	0.08608	0.510043
binom	1	0.1	0.1	0.08701	0.512469
binom	1	0.2	0.1	0.08409	0.52609
binom	1	0.3	0.1	0.07982	0.538844
binom	1	0.4	0.1	0.07749	0.550736
binom	1	0.5	0.1	0.07161	0.563923
binom	1	0.6	0.1	0.06352	0.576522
binom	1	0.7	0.1	0.05599	0.589984
binom	1	0.8	0.1	0.05023	0.60228
binom	1	0.9	0.1	0.04232	0.614147
