binom	1	0	0.1	0.11011	0.500442
binom	1	0.01	0.1	0.1096	0.502523
binom	1	0.02	0.1	0.11151	0.504714
binom	1	0.03	0.1	0.1125	0.505171
binom	1	0.05	0.1	0.1121	0.509007
binom	1	0.07	0.1	0.11049	0.513697
binom	1	0.08	0.1	0.11079	0.516684
binom	1	0.1	0.1	0.11117	0.520759
binom	1	0.2	0.1	0.10908	0.53981
binom	1	0.3	0.1	0.10469	0.560176
binom	1	0.4	0.1	0.10015	0.580116
binom	1	0.5	0.1	0.09456	0.601022
binom	1	0.6	0.1	0.08704	0.620904
binom	1	0.7	0.1	0.08223	0.641671
binom	1	0.8	0.1	0.07588	0.663101
binom	1	0.9	0.1	0.06816	0.683393
