binom	1	0	0.1	0.10281	0.499042
binom	1	0.01	0.1	0.10283	0.501747
binom	1	0.02	0.1	0.10306	0.502466
binom	1	0.03	0.1	0.10555	0.505321
binom	1	0.05	0.1	0.10526	0.508651
binom	1	0.07	0.1	0.10508	0.510851
binom	1	0.08	0.1	0.10445	0.513371
binom	1	0.1	0.1	0.10258	0.516457
binom	1	0.2	0.1	0.10349	0.533186
binom	1	0.3	0.1	0.09807	0.550142
binom	1	0.4	0.1	0.0945	0.566274
binom	1	0.5	0.1	0.08802	0.583062
binom	1	0.6	0.1	0.08137	0.600515
binom	1	0.7	0.1	0.07863	0.618267
binom	1	0.8	0.1	0.0705	0.635776
binom	1	0.9	0.1	0.06458	0.654305
