binom	1	0	0.1	0.12375	0.499488
binom	1	0.01	0.1	0.12517	0.499997
binom	1	0.02	0.1	0.12549	0.500572
binom	1	0.03	0.1	0.12765	0.501127
binom	1	0.05	0.1	0.12345	0.501079
binom	1	0.07	0.1	0.12534	0.502054
binom	1	0.08	0.1	0.12443	0.502478
binom	1	0.1	0.1	0.12519	0.502648
binom	1	0.2	0.1	0.12001	0.505415
binom	1	0.3	0.1	0.11786	0.509433
binom	1	0.4	0.1	0.11185	0.511509
binom	1	0.5	0.1	0.106	0.514171
binom	1	0.6	0.1	0.0983	0.517513
binom	1	0.7	0.1	0.08952	0.519126
binom	1	0.8	0.1	0.08261	0.522712
binom	1	0.9	0.1	0.07573	0.524808
