binom	1	0	0.1	0.08327	0.499653
binom	1	0.01	0.1	0.08165	0.503124
binom	1	0.02	0.1	0.08388	0.505013
binom	1	0.03	0.1	0.08313	0.50729
binom	1	0.05	0.1	0.08452	0.510593
binom	1	0.07	0.1	0.08257	0.516128
binom	1	0.08	0.1	0.0817	0.51882
binom	1	0.1	0.1	0.08232	0.523271
binom	1	0.2	0.1	0.07848	0.546798
binom	1	0.3	0.1	0.07721	0.570689
binom	1	0.4	0.1	0.07039	0.594045
binom	1	0.5	0.1	0.06537	0.61899
binom	1	0.6	0.1	0.0592	0.643522
binom	1	0.7	0.1	0.0534	0.669921
binom	1	0.8	0.1	0.04827	0.69779
binom	1	0.9	0.1	0.04286	0.725644
