binom	1	0	0.1	0.0948	0.500254
binom	1	0.01	0.1	0.09397	0.501814
binom	1	0.02	0.1	0.09719	0.501128
binom	1	0.03	0.1	0.09547	0.502427
binom	1	0.05	0.1	0.09444	0.504758
binom	1	0.07	0.1	0.09413	0.506791
binom	1	0.08	0.1	0.09509	0.507853
binom	1	0.1	0.1	0.09397	0.509648
binom	1	0.2	0.1	0.09169	0.519553
binom	1	0.3	0.1	0.08818	0.528796
binom	1	0.4	0.1	0.08126	0.538639
binom	1	0.5	0.1	0.07605	0.548321
binom	1	0.6	0.1	0.06896	0.558786
binom	1	0.7	0.1	0.06043	0.568112
binom	1	0.8	0.1	0.05247	0.580069
binom	1	0.9	0.1	0.04603	0.591786
