binom	1	0	0.1	0.12917	0.499932
binom	1	0.01	0.1	0.13012	0.50147
binom	1	0.02	0.1	0.13255	0.503089
binom	1	0.03	0.1	0.13061	0.505434
binom	1	0.05	0.1	0.13309	0.507924
binom	1	0.07	0.1	0.12932	0.511601
binom	1	0.08	0.1	0.13041	0.513091
binom	1	0.1	0.1	0.1308	0.51545
binom	1	0.2	0.1	0.12558	0.532401
binom	1	0.3	0.1	0.12264	0.549781
binom	1	0.4	0.1	0.11648	0.564728
binom	1	0.5	0.1	0.11154	0.582439
binom	1	0.6	0.1	0.10347	0.59937
binom	1	0.7	0.1	0.09648	0.615859
binom	1	0.8	0.1	0.08756	0.634768
binom	1	0.9	0.1	0.08012	0.652032
