binom	1	0	0.1	0.12792	0.500073
binom	1	0.01	0.1	0.12766	0.501733
binom	1	0.02	0.1	0.12798	0.503647
binom	1	0.03	0.1	0.12678	0.504727
binom	1	0.05	0.1	0.12674	0.509432
binom	1	0.07	0.1	0.12892	0.511029
binom	1	0.08	0.1	0.12691	0.51419
binom	1	0.1	0.1	0.12883	0.515738
binom	1	0.2	0.1	0.12307	0.533638
binom	1	0.3	0.1	0.11964	0.550318
binom	1	0.4	0.1	0.11448	0.567181
binom	1	0.5	0.1	0.10731	0.584731
binom	1	0.6	0.1	0.10096	0.602521
binom	1	0.7	0.1	0.09238	0.620035
binom	1	0.8	0.1	0.08591	0.638902
binom	1	0.9	0.1	0.07751	0.657772
