binom	1	0	0.1	0.09102	0.499568
binom	1	0.01	0.1	0.09207	0.50111
binom	1	0.02	0.1	0.09055	0.501357
binom	1	0.03	0.1	0.0915	0.500825
binom	1	0.05	0.1	0.09067	0.50138
binom	1	0.07	0.1	0.09079	0.503337
binom	1	0.08	0.1	0.0897	0.502897
binom	1	0.1	0.1	0.08782	0.503701
binom	1	0.2	0.1	0.08989	0.508214
binom	1	0.3	0.1	0.08558	0.511819
binom	1	0.4	0.1	0.08151	0.516373
binom	1	0.5	0.1	0.07601	0.520893
binom	1	0.6	0.1	0.07063	0.523898
binom	1	0.7	0.1	0.06612	0.52763
binom	1	0.8	0.1	0.06052	0.530687
binom	1	0.9	0.1	0.05689	0.536047
