binom	1	0	0.1	0.08751	0.500003
binom	1	0.01	0.1	0.08804	0.50145
binom	1	0.02	0.1	0.08649	0.503802
binom	1	0.03	0.1	0.08818	0.506086
binom	1	0.05	0.1	0.08736	0.51072
binom	1	0.07	0.1	0.08649	0.514098
binom	1	0.08	0.1	0.08672	0.515628
binom	1	0.1	0.1	0.08796	0.519317
binom	1	0.2	0.1	0.08611	0.538745
binom	1	0.3	0.1	0.08205	0.559147
binom	1	0.4	0.1	0.07785	0.577066
binom	1	0.5	0.1	0.07471	0.596286
binom	1	0.6	0.1	0.06774	0.617498
binom	1	0.7	0.1	0.06249	0.637033
binom	1	0.8	0.1	0.05797	0.659106
binom	1	0.9	0.1	0.05288	0.680766
