binom	1	0	0.1	0.08661	0.500732
binom	1	0.01	0.1	0.08738	0.501081
binom	1	0.02	0.1	0.08782	0.502136
binom	1	0.03	0.1	0.08641	0.504284
binom	1	0.05	0.1	0.088	0.50649
binom	1	0.07	0.1	0.08636	0.510789
binom	1	0.08	0.1	0.08658	0.511165
binom	1	0.1	0.1	0.08832	0.513928
binom	1	0.2	0.1	0.08583	0.528697
binom	1	0.3	0.1	0.08038	0.542856
binom	1	0.4	0.1	0.07633	0.556895
binom	1	0.5	0.1	0.07219	0.571815
binom	1	0.6	0.1	0.06654	0.586763
binom	1	0.7	0.1	0.06259	0.600858
binom	1	0.8	0.1	0.05914	0.616045
binom	1	0.9	0.1	0.05252	0.630508
