binom	1	0	0.1	0.08508	0.499625
binom	1	0.01	0.1	0.08535	0.501462
binom	1	0.02	0.1	0.08448	0.504518
binom	1	0.03	0.1	0.08565	0.505039
binom	1	0.05	0.1	0.08328	0.509445
binom	1	0.07	0.1	0.08406	0.514019
binom	1	0.08	0.1	0.08379	0.515277
binom	1	0.1	0.1	0.08361	0.518942
binom	1	0.2	0.1	0.08276	0.538417
binom	1	0.3	0.1	0.0789	0.557065
binom	1	0.4	0.1	0.07572	0.577026
binom	1	0.5	0.1	0.0714	0.599629
binom	1	0.6	0.1	0.0654	0.617401
binom	1	0.7	0.1	0.0594	0.638152
binom	1	0.8	0.1	0.05489	0.657887
binom	1	0.9	0.1	0.05064	0.678718
