binom	1	0	0.1	0.10731	0.500189
binom	1	0.01	0.1	0.1063	0.501439
binom	1	0.02	0.1	0.10636	0.503377
binom	1	0.03	0.1	0.10651	0.506738
binom	1	0.05	0.1	0.10583	0.509974
binom	1	0.07	0.1	0.10721	0.513435
binom	1	0.08	0.1	0.10587	0.516532
binom	1	0.1	0.1	0.10589	0.518251
binom	1	0.2	0.1	0.10398	0.537459
binom	1	0.3	0.1	0.09874	0.557676
binom	1	0.4	0.1	0.09448	0.577007
binom	1	0.5	0.1	0.08978	0.596263
binom	1	0.6	0.1	0.08286	0.615462
binom	1	0.7	0.1	0.07665	0.636785
binom	1	0.8	0.1	0.07098	0.656336
binom	1	0.9	0.1	0.06533	0.676515
