38 76
38 95
38 69
50 11
50 42
50 85
8 64
8 33
8 96
80 81
80 36
80 61
7 48
7 58
7 66
54 20
54 32
54 47
5 51
5 77
5 47
44 4
44 79
44 85
60 21
60 28
60 46
99 14
99 98
99 83
19 18
19 84
19 82
39 51
39 26
39 9
13 43
13 56
13 88
70 9
70 2
70 35
56 46
56 88
90 26
90 52
90 23
78 34
78 77
78 40
49 16
49 91
49 74
52 74
52 26
73 34
73 25
73 24
92 68
92 93
92 36
40 45
40 4
89 53
89 17
89 63
17 53
17 27
25 42
25 94
45 97
45 94
82 27
82 18
15 95
15 67
15 83
12 6
12 1
12 32
22 0
22 30
22 81
75 31
75 71
75 85
86 29
86 28
86 65
10 55
10 37
10 23
20 68
20 47
62 91
62 59
62 67
2 59
2 51
31 68
31 57
76 9
76 37
71 87
71 72
84 72
84 36
16 98
16 14
61 35
61 43
23 72
69 41
69 58
42 11
59 67
88 24
57 91
57 79
37 55
21 93
21 29
63 53
63 58
96 11
96 43
30 1
30 81
55 1
33 65
33 64
79 4
3 74
3 97
3 66
29 65
94 97
95 83
32 6
41 0
41 24
6 77
28 46
34 87
14 98
35 0
93 48
66 48
87 64
18 27
