38 65
38 0
38 58
50 4
50 25
50 30
8 47
8 77
8 79
80 28
80 62
80 55
7 81
7 85
7 72
54 98
54 24
54 74
5 58
5 98
5 76
44 43
44 84
44 11
60 29
60 1
60 57
99 68
99 72
99 29
19 97
19 48
19 89
39 24
39 58
39 25
13 91
13 88
13 94
70 18
70 20
70 33
56 53
56 63
56 0
90 48
90 2
90 34
78 94
78 32
78 59
49 82
49 91
49 47
52 26
52 55
52 51
73 32
73 37
73 9
92 66
92 61
92 6
40 51
40 46
40 22
89 97
89 14
17 6
17 67
17 98
25 30
45 36
45 67
45 14
82 26
82 2
15 35
15 31
15 53
12 95
12 64
12 71
22 48
22 46
75 88
75 87
75 21
86 83
86 66
86 23
10 68
10 31
10 96
20 85
20 18
62 69
62 34
2 97
31 27
76 16
76 36
71 42
71 69
84 43
84 11
16 11
16 36
61 74
61 1
23 43
23 28
69 67
72 81
42 27
42 64
59 35
59 83
88 24
57 28
57 29
37 9
37 32
21 87
21 9
85 1
63 33
63 0
96 18
96 81
30 4
55 4
33 83
79 35
79 77
3 66
3 27
3 26
51 14
47 46
94 91
95 41
95 64
41 65
41 77
6 53
34 93
65 93
93 68
87 74
