38 41
38 16
38 95
50 1
50 47
50 79
8 77
8 36
8 48
80 33
80 65
80 98
7 97
7 83
7 10
54 83
54 51
54 46
5 48
5 84
5 46
44 72
44 58
44 65
60 71
60 83
60 14
99 24
99 98
99 3
19 88
19 53
19 64
39 36
39 21
39 77
13 95
13 16
13 81
70 32
70 43
70 74
56 36
56 26
56 57
90 28
90 98
90 74
78 31
78 91
78 41
49 17
49 81
49 34
52 93
52 27
52 11
73 96
73 63
73 6
92 72
92 58
92 35
40 48
40 18
40 69
89 23
89 68
89 33
17 74
17 34
25 29
25 55
25 81
45 51
45 87
45 3
82 77
82 67
82 2
15 4
15 24
15 34
12 97
12 10
12 65
22 27
22 94
22 93
75 79
75 1
75 87
86 18
86 66
86 61
10 97
20 57
20 35
20 26
62 37
62 42
62 9
2 67
2 42
31 41
31 91
76 59
76 35
76 4
71 88
71 55
84 11
84 94
16 95
61 0
61 29
23 68
23 33
69 66
69 18
72 58
42 9
59 4
59 91
88 53
57 26
37 9
37 68
21 0
21 28
85 64
85 14
85 30
63 6
63 43
96 47
96 6
30 64
30 14
55 29
79 66
3 24
51 46
67 47
1 87
94 11
32 53
32 43
28 0
93 27
