26 9
26 17
26 19
26 47
26 81
97 49
97 54
97 2
97 80
97 88
61 96
61 11
61 36
61 78
61 88
8 18
8 55
8 76
8 98
8 35
58 12
58 66
58 72
58 10
58 86
93 74
93 53
93 13
93 2
93 77
46 65
46 53
46 4
46 60
46 15
28 15
28 86
28 90
28 79
28 51
43 54
43 42
43 15
43 9
43 92
95 71
95 73
95 79
95 23
95 45
41 0
41 89
41 82
41 21
41 25
79 45
79 32
79 83
33 88
33 62
33 98
33 69
33 39
50 10
50 16
50 22
50 80
50 45
56 57
56 81
56 82
56 20
56 49
29 10
29 83
29 53
29 4
29 90
34 25
34 45
34 3
34 62
34 2
63 32
63 35
63 92
63 83
63 59
81 49
81 85
81 82
27 84
27 12
27 76
27 68
27 39
55 18
55 76
55 9
55 73
64 82
64 40
64 92
64 72
64 51
44 99
44 7
44 71
44 68
44 57
75 94
75 21
75 48
75 20
75 54
70 11
70 89
70 38
70 51
70 35
84 20
84 18
84 52
84 59
77 99
77 74
77 53
77 13
38 98
38 52
38 37
38 0
30 37
30 67
30 94
30 60
30 47
6 52
6 32
6 51
6 17
6 4
78 88
78 74
78 96
78 24
36 57
36 20
36 14
36 17
73 71
73 89
73 45
19 85
19 23
19 96
19 83
24 9
24 91
24 40
24 10
25 87
25 49
25 60
91 23
91 40
91 3
91 37
5 22
5 94
5 47
5 1
5 87
14 7
14 22
14 48
14 31
89 53
89 0
42 54
42 92
42 62
42 60
12 76
12 10
12 39
94 21
94 20
69 62
69 39
69 68
69 80
87 22
87 16
87 85
67 86
67 16
67 31
67 65
39 21
66 72
66 57
66 92
66 86
0 23
0 21
99 74
99 13
99 1
76 18
48 31
48 22
48 54
1 40
1 68
1 71
35 47
35 11
60 68
85 4
85 82
7 11
7 96
7 71
51 90
83 15
9 13
74 13
17 4
17 57
80 2
80 49
96 11
59 40
59 32
59 52
47 72
52 18
90 31
90 86
98 88
98 16
72 31
65 16
65 15
65 37
3 32
3 62
3 2
23 37
