26 75
26 32
26 65
26 15
26 31
97 70
97 99
97 38
97 54
97 85
61 50
61 74
61 40
61 48
61 96
8 3
8 49
8 30
8 72
8 78
58 7
58 24
58 21
58 42
58 27
93 88
93 68
93 85
93 23
93 39
46 60
46 74
46 86
46 49
46 87
28 78
28 13
28 23
28 68
28 72
43 63
43 15
43 31
43 9
43 90
95 94
95 16
95 20
95 2
95 73
41 71
41 36
41 77
41 13
41 57
79 52
79 98
79 33
79 75
79 81
33 98
33 67
33 52
33 81
50 48
50 40
50 86
50 96
56 18
56 4
56 47
56 80
56 25
29 4
29 1
29 92
29 76
29 80
34 91
34 83
34 48
34 11
34 0
63 90
63 15
63 31
63 9
81 67
81 98
81 52
27 24
27 22
27 7
27 21
55 35
55 89
55 5
55 88
55 66
64 42
64 53
64 62
64 82
64 14
44 57
44 76
44 53
44 22
44 66
75 32
75 15
75 65
70 10
70 11
70 54
70 99
84 92
84 25
84 12
84 10
84 18
77 71
77 69
77 13
77 57
38 65
38 99
38 54
38 85
30 3
30 72
30 78
30 59
6 71
6 37
6 87
6 16
6 60
78 72
78 3
36 69
36 15
36 71
36 57
73 2
73 20
73 94
73 32
19 45
19 62
19 51
19 17
19 37
24 21
24 7
24 22
25 47
25 18
25 10
91 0
91 83
91 39
91 11
5 89
5 66
5 35
5 88
14 42
14 16
14 82
14 53
89 35
89 88
89 66
42 21
42 7
12 68
12 18
12 10
12 47
94 16
94 2
94 20
69 83
69 13
69 71
87 60
87 37
87 86
67 52
67 57
67 98
39 11
39 0
39 23
66 35
0 83
0 11
99 54
99 85
76 22
76 1
76 82
48 40
48 96
1 80
1 92
1 4
35 88
60 49
60 86
85 54
7 21
51 45
51 37
51 17
51 59
83 90
9 32
9 31
9 90
74 2
74 40
74 96
17 65
17 45
17 62
80 4
80 92
96 40
59 68
59 3
59 23
47 18
47 10
92 4
52 98
45 62
45 37
68 23
90 31
82 22
82 53
49 13
49 86
72 3
65 32
62 53
2 20
16 20
