26 76
26 21
26 4
26 24
26 52
97 83
97 23
97 11
97 35
97 45
61 42
61 0
61 48
61 11
61 99
8 13
8 43
8 10
8 49
8 90
58 2
58 63
58 67
58 25
58 7
93 53
93 82
93 64
93 80
93 88
46 55
46 49
46 57
46 18
46 33
28 54
28 32
28 4
28 39
28 98
43 10
43 75
43 13
43 90
95 22
95 38
95 47
95 17
95 37
41 72
41 36
41 71
41 77
41 69
79 53
79 64
79 88
79 82
79 96
33 18
33 91
33 57
33 62
50 1
50 40
50 62
50 67
50 71
56 23
56 59
56 20
56 42
56 85
29 92
29 32
29 11
29 38
29 23
34 0
34 83
34 11
34 52
34 74
63 6
63 65
63 31
63 3
81 73
81 9
81 98
81 22
81 70
27 7
27 2
27 49
27 55
27 37
55 57
55 2
55 49
64 88
64 40
64 53
44 87
44 21
44 20
44 86
44 45
75 10
75 90
75 23
75 13
70 73
70 67
70 57
70 22
84 30
84 59
84 92
84 20
84 78
77 69
77 72
77 71
77 66
38 37
38 62
38 17
30 92
30 96
30 51
30 78
6 31
6 65
6 48
6 3
78 92
78 51
78 18
36 72
36 76
36 69
36 71
73 5
73 22
73 99
19 68
19 48
19 12
19 80
19 15
24 16
24 13
24 52
24 74
25 47
25 32
25 40
25 87
91 18
91 98
91 85
91 9
5 35
5 99
5 66
5 89
14 12
14 68
14 15
14 32
14 54
89 57
89 66
89 88
89 35
42 99
42 83
42 0
12 15
12 80
12 68
94 7
94 96
94 54
94 39
94 82
69 71
69 72
87 86
87 59
87 60
67 2
67 7
39 51
39 60
39 54
66 35
66 72
0 83
0 11
99 35
76 16
76 52
76 4
48 3
48 65
1 21
1 16
1 60
1 88
60 16
60 86
85 22
85 9
85 59
7 2
51 92
51 31
83 74
9 10
9 98
74 80
74 20
17 37
17 62
17 4
80 15
96 82
96 53
59 20
47 40
47 37
47 32
52 16
40 62
45 21
45 23
45 86
68 15
68 54
90 13
90 10
82 53
98 18
49 4
65 31
65 3
3 31
86 21
