26 83
26 1
26 51
26 17
26 23
97 98
97 19
97 16
97 87
97 3
61 42
61 38
61 22
61 43
61 65
8 72
8 4
8 18
8 62
8 82
58 82
58 85
58 21
58 37
58 71
93 9
93 53
93 45
93 37
93 76
46 6
46 82
46 45
46 84
46 69
28 77
28 53
28 25
28 2
28 31
43 65
43 12
43 88
43 42
95 13
95 14
95 0
95 78
95 22
41 90
41 47
41 10
41 92
41 94
79 39
79 20
79 7
79 40
79 32
33 87
33 68
33 70
33 11
33 80
50 54
50 68
50 96
50 81
50 10
56 77
56 90
56 91
56 17
56 66
29 91
29 68
29 16
29 25
29 2
34 4
34 18
34 92
34 91
34 9
63 18
63 32
63 55
63 73
63 62
81 96
81 10
81 68
81 47
27 25
27 31
27 3
27 72
27 86
55 62
55 73
55 32
55 71
64 13
64 0
64 67
64 71
64 21
44 88
44 92
44 74
44 52
44 75
75 92
75 24
75 57
75 59
70 67
70 48
70 35
70 87
84 23
84 82
84 49
84 78
77 9
77 66
77 53
38 71
38 49
38 22
38 17
30 57
30 90
30 66
30 94
30 54
6 99
6 89
6 20
6 86
78 21
78 14
78 23
36 15
36 80
36 1
36 74
36 83
73 32
73 11
73 40
19 15
19 98
19 54
19 87
24 22
24 89
24 59
24 7
25 2
25 31
91 90
91 4
5 66
5 48
5 4
5 16
5 74
14 13
14 22
14 0
89 49
89 59
89 62
42 88
42 90
42 65
12 37
12 57
12 85
12 54
94 66
94 7
94 92
69 51
69 45
69 52
69 88
87 11
67 13
67 0
67 40
39 32
39 60
39 51
39 99
0 13
99 20
99 53
99 35
76 98
76 49
76 15
76 7
48 35
48 18
48 60
1 47
1 15
1 83
35 20
35 60
60 51
60 85
85 96
85 37
7 59
51 23
83 23
83 17
9 53
9 37
74 45
74 65
17 49
80 11
80 65
80 52
96 10
96 47
59 86
47 10
52 11
52 45
40 20
40 82
68 16
98 15
98 4
72 62
72 86
72 3
54 57
3 16
3 57
86 31
21 88
21 71
2 31
2 18
