26 85
26 45
26 22
26 65
26 18
97 67
97 53
97 23
97 83
97 96
61 40
61 43
61 54
61 77
61 32
8 23
8 11
8 40
8 1
8 80
58 59
58 14
58 10
58 71
58 22
93 17
93 10
93 11
93 87
93 72
46 17
46 24
46 25
46 57
46 71
28 76
28 0
28 21
28 5
28 20
43 98
43 7
43 32
43 52
95 57
95 15
95 59
95 51
95 71
41 52
41 91
41 9
41 12
41 68
79 7
79 57
79 85
79 24
79 32
33 91
33 88
33 4
33 94
33 9
50 74
50 82
50 53
50 1
50 69
56 34
56 49
56 87
56 21
56 16
29 10
29 49
29 2
29 60
29 90
34 16
34 84
34 47
34 87
63 45
63 60
63 68
63 75
63 90
81 14
81 48
81 90
81 66
81 2
27 31
27 92
27 51
27 20
27 3
55 67
55 37
55 96
55 4
55 14
64 53
64 92
64 45
64 99
64 89
44 13
44 74
44 57
44 19
44 90
75 78
75 90
75 15
75 42
70 91
70 88
70 92
70 66
70 65
84 37
84 16
84 35
84 68
77 94
77 88
77 85
77 54
38 15
38 20
38 73
38 51
38 82
30 87
30 62
30 10
30 65
30 17
6 47
6 20
6 51
6 0
6 85
78 3
78 21
78 2
78 25
36 39
36 13
36 65
36 23
36 92
73 72
73 15
73 13
73 22
19 83
19 80
19 31
19 12
24 57
24 7
24 18
25 49
25 2
25 91
91 88
5 7
5 21
5 48
5 60
14 37
14 48
89 53
89 59
89 94
89 37
42 12
42 3
42 88
42 15
12 83
12 3
94 4
94 83
69 1
69 53
69 74
69 22
87 11
67 4
67 96
67 72
39 54
39 18
39 65
39 23
66 47
66 83
66 48
0 99
0 76
0 62
99 62
99 45
99 76
76 62
76 86
48 13
1 82
1 72
35 74
35 47
35 71
35 82
60 49
60 13
85 54
7 32
51 59
9 98
9 16
9 52
74 82
17 10
17 47
80 31
80 32
80 86
96 4
96 37
59 71
92 45
52 16
52 98
40 18
40 11
40 54
68 23
68 86
98 22
98 18
49 2
72 11
3 21
86 31
86 20
62 31
