14 61
14 3
14 5
14 75
14 73
14 56
14 79
14 34
14 90
14 97
74 71
74 15
74 93
74 9
74 6
74 83
74 10
74 67
74 45
74 1
77 97
77 67
77 47
77 50
77 22
77 15
77 20
77 60
77 56
77 59
81 72
81 12
81 56
81 58
81 18
81 45
81 39
81 16
81 86
81 96
35 41
35 27
35 40
35 55
35 1
35 26
35 88
35 75
35 84
35 12
87 28
87 88
87 5
87 65
87 62
87 85
87 7
87 44
87 43
87 95
94 95
94 28
94 37
94 85
94 49
94 7
94 30
94 29
94 13
94 54
64 84
64 23
64 37
64 29
64 99
64 49
64 38
64 8
64 15
64 30
33 70
33 61
33 48
33 34
33 20
33 73
33 56
33 10
33 49
33 79
46 55
46 48
46 39
46 72
46 42
46 52
46 1
46 53
46 92
46 17
62 43
62 95
62 7
62 5
62 54
62 85
62 44
62 19
62 90
36 1
36 76
36 51
36 88
36 91
36 83
36 90
36 25
36 22
36 78
92 58
92 52
92 53
92 39
92 15
92 55
92 67
92 72
92 42
27 84
27 26
27 1
27 6
27 58
27 75
27 89
27 71
27 16
98 78
98 66
98 45
98 10
98 9
98 93
98 3
98 79
98 5
98 80
25 76
25 47
25 83
25 18
25 90
25 11
25 82
25 22
25 0
63 31
63 86
63 59
63 41
63 84
63 16
63 48
63 24
63 58
63 23
4 40
4 75
4 3
4 79
4 19
4 93
4 2
4 60
4 67
4 66
65 9
65 57
65 85
65 28
65 30
65 99
65 54
65 44
65 43
37 20
37 54
37 49
37 29
37 38
37 84
37 30
37 99
11 82
11 31
11 21
11 55
11 68
11 0
11 42
11 53
11 71
68 82
68 42
68 48
68 53
68 31
68 0
68 47
68 7
68 71
70 73
70 39
70 79
70 48
70 61
70 8
70 50
70 85
70 88
50 91
50 61
50 45
50 8
50 73
50 22
50 59
50 97
32 8
32 34
32 26
32 57
32 51
32 24
32 69
32 23
32 61
32 78
89 16
89 40
89 86
89 60
89 6
89 26
89 12
89 88
89 17
21 19
21 88
21 17
21 42
21 12
21 40
21 41
21 53
21 82
69 75
69 24
69 57
69 23
69 51
69 30
69 48
69 16
69 26
52 78
52 58
52 96
52 39
52 13
52 53
52 55
52 1
17 40
17 31
17 93
17 0
17 88
17 12
17 19
18 47
18 42
18 58
18 0
18 86
18 39
18 84
18 82
57 51
57 91
57 76
57 83
57 90
57 78
57 23
41 82
41 26
41 40
41 88
41 19
41 16
41 12
19 31
19 88
19 78
19 40
19 12
60 40
60 59
60 15
60 2
60 5
60 3
60 67
3 66
3 75
3 2
3 79
3 67
3 59
24 8
24 83
24 61
24 48
24 90
24 75
24 23
96 58
96 86
96 55
96 39
96 72
96 13
96 53
96 1
72 16
72 39
72 55
72 86
72 6
72 58
80 45
80 99
80 78
80 66
80 23
80 93
80 34
80 9
80 49
28 43
28 7
28 44
28 30
28 95
28 13
28 85
91 51
91 83
91 78
91 76
91 90
91 22
91 75
97 22
97 5
97 49
97 67
97 59
97 75
97 20
10 9
10 49
10 45
10 38
10 15
10 34
10 51
2 15
2 67
2 59
2 45
2 75
2 93
2 47
20 56
20 67
20 59
20 38
20 49
20 15
71 31
71 1
71 40
71 0
71 42
71 13
76 23
76 51
76 5
76 22
76 90
76 78
6 84
6 93
6 16
6 26
6 99
6 86
79 66
79 5
79 73
79 34
26 84
26 16
26 12
56 48
56 44
56 49
56 73
56 8
95 7
95 82
95 85
95 43
95 44
95 13
29 49
29 38
29 83
29 13
29 30
29 54
29 99
44 85
44 7
44 43
44 13
55 1
55 53
55 42
66 73
66 9
66 45
66 93
66 5
8 73
8 23
8 39
8 48
43 38
43 54
43 34
43 7
7 85
7 13
61 73
61 34
61 83
61 48
9 93
9 34
9 45
9 73
54 30
54 38
54 85
54 5
47 0
47 59
47 82
47 86
47 22
99 30
99 13
99 84
99 38
51 23
51 78
51 34
38 84
38 30
83 22
83 90
31 42
31 59
31 53
31 0
22 90
15 0
15 67
86 58
86 16
0 82
88 12
40 12
42 53
39 58
82 1
45 93
