14 73
14 78
14 88
14 28
14 34
14 5
14 93
14 30
14 29
14 23
74 45
74 0
74 79
74 67
74 82
74 28
74 8
74 29
74 66
74 86
77 16
77 39
77 0
77 1
77 67
77 84
77 11
77 96
77 76
77 45
81 66
81 15
81 60
81 3
81 18
81 34
81 51
81 47
81 30
81 23
35 79
35 36
35 86
35 13
35 82
35 75
35 6
35 84
35 26
35 69
87 85
87 95
87 56
87 96
87 60
87 16
87 76
87 1
87 31
87 3
94 84
94 90
94 93
94 49
94 71
94 1
94 15
94 45
94 85
94 82
64 72
64 88
64 52
64 26
64 4
64 7
64 73
64 10
64 59
64 86
33 73
33 2
33 79
33 88
33 90
33 22
33 54
33 1
33 8
33 13
46 30
46 55
46 79
46 92
46 72
46 42
46 88
46 82
46 58
46 38
62 75
62 7
62 22
62 56
62 43
62 24
62 92
62 86
62 59
62 73
36 59
36 9
36 6
36 26
36 99
36 86
36 79
36 7
36 84
92 53
92 86
92 59
92 75
92 30
92 38
92 72
92 22
27 2
27 48
27 65
27 34
27 97
27 7
27 88
27 53
27 44
27 6
98 42
98 59
98 43
98 44
98 57
98 55
98 53
98 45
98 80
98 7
25 23
25 91
25 51
25 83
25 78
25 9
25 48
25 75
25 97
25 32
63 0
63 85
63 61
63 52
63 39
63 58
63 83
63 30
63 91
63 68
4 86
4 15
4 61
4 34
4 50
4 10
4 60
4 26
4 58
65 67
65 97
65 22
65 39
65 85
65 5
65 43
65 95
65 93
37 40
37 17
37 96
37 19
37 70
37 73
37 22
37 85
37 99
37 20
11 39
11 31
11 67
11 12
11 2
11 16
11 71
11 1
11 89
68 16
68 39
68 2
68 48
68 38
68 76
68 91
68 42
68 0
70 22
70 20
70 12
70 19
70 49
70 23
70 85
70 40
70 17
50 61
50 9
50 8
50 1
50 83
50 58
50 10
50 48
50 47
32 91
32 48
32 75
32 5
32 28
32 90
32 29
32 51
32 78
89 93
89 49
89 31
89 12
89 71
89 99
89 40
89 3
89 20
21 12
21 13
21 41
21 96
21 80
21 31
21 17
21 23
21 40
21 19
69 82
69 9
69 13
69 54
69 79
69 6
69 8
69 90
69 42
52 10
52 61
52 88
52 67
52 72
52 13
52 38
52 58
17 20
17 23
17 40
17 78
17 19
17 12
17 41
18 47
18 15
18 34
18 51
18 66
18 16
18 5
18 30
18 49
57 45
57 97
57 26
57 6
57 99
57 51
57 49
57 53
57 55
41 12
41 40
41 23
41 31
41 48
41 55
41 78
41 71
19 12
19 22
19 31
19 78
19 71
19 23
60 15
60 66
60 30
60 10
60 58
60 80
60 3
3 10
3 76
3 34
3 15
3 93
3 66
24 43
24 7
24 49
24 13
24 59
24 56
24 44
24 0
24 54
96 85
96 95
96 40
96 16
96 43
96 90
72 88
72 38
72 55
72 54
72 61
72 53
80 49
80 45
80 53
80 61
80 44
80 40
80 55
28 8
28 5
28 75
28 84
28 29
28 78
28 38
91 9
91 48
91 51
91 39
91 23
91 78
97 5
97 53
97 44
97 85
97 88
97 83
10 67
10 58
10 61
10 73
2 54
2 90
2 83
2 13
2 42
2 48
20 22
20 40
20 49
20 99
20 93
20 90
71 31
71 1
71 12
71 49
71 15
76 93
76 16
76 15
76 31
76 0
76 39
6 99
6 53
6 42
6 84
6 26
79 8
79 54
79 82
79 86
26 99
26 73
26 59
26 84
56 7
56 59
56 43
56 44
56 75
56 16
56 95
95 43
95 16
95 67
95 85
95 75
95 9
29 73
29 78
29 90
29 5
29 84
29 93
44 75
44 53
44 43
44 7
55 38
55 53
55 88
55 45
66 30
66 34
66 47
66 15
66 93
8 54
8 42
8 82
8 93
43 7
43 13
7 59
61 67
61 38
61 58
9 78
9 83
9 59
9 39
54 90
54 13
54 1
47 5
47 51
47 83
47 34
47 30
47 58
99 73
99 49
99 84
51 48
51 23
51 83
38 58
38 67
83 5
83 30
31 1
31 12
22 85
22 73
15 34
86 0
86 75
0 48
0 1
0 39
88 5
84 82
40 12
42 90
42 82
42 13
39 16
82 45
45 67
45 34
