14 31
14 99
14 69
14 82
14 80
14 22
14 30
14 93
14 15
14 49
74 30
74 12
74 69
74 70
74 1
74 22
74 34
74 99
74 28
74 79
77 7
77 93
77 85
77 67
77 49
77 72
77 88
77 8
77 19
77 42
81 88
81 84
81 29
81 6
81 24
81 54
81 19
81 99
81 59
81 48
35 84
35 88
35 71
35 45
35 56
35 53
35 22
35 57
35 90
35 54
87 79
87 9
87 78
87 84
87 59
87 48
87 26
87 17
87 65
87 30
94 70
94 84
94 79
94 45
94 5
94 86
94 1
94 18
94 13
94 48
64 73
64 38
64 40
64 29
64 83
64 26
64 78
64 76
64 91
64 88
33 49
33 1
33 13
33 73
33 78
33 83
33 46
33 58
33 3
33 30
46 21
46 23
46 53
46 58
46 63
46 45
46 78
46 5
46 49
62 49
62 1
62 20
62 53
62 32
62 55
62 17
62 99
62 79
62 59
36 15
36 2
36 10
36 86
36 49
36 21
36 18
36 90
36 45
36 0
92 44
92 39
92 43
92 55
92 30
92 61
92 58
92 34
92 0
92 8
27 15
27 98
27 75
27 76
27 73
27 66
27 85
27 38
27 65
27 0
98 42
98 16
98 73
98 49
98 32
98 17
98 61
98 26
98 38
25 50
25 75
25 82
25 1
25 31
25 59
25 29
25 41
25 73
25 71
63 40
63 53
63 1
63 13
63 56
63 44
63 6
63 78
63 30
4 84
4 83
4 21
4 16
4 15
4 42
4 80
4 91
4 78
4 59
65 97
65 93
65 16
65 52
65 75
65 9
65 7
65 82
37 26
37 13
37 50
37 78
37 93
37 95
37 75
37 60
37 0
37 19
11 5
11 1
11 57
11 40
11 91
11 45
11 43
11 23
11 39
11 73
68 39
68 30
68 82
68 55
68 31
68 58
68 60
68 32
68 34
68 76
70 53
70 5
70 48
70 88
70 34
70 12
70 39
70 9
50 58
50 5
50 52
50 41
50 75
50 66
50 0
50 29
32 93
32 55
32 31
32 9
32 85
32 7
32 48
89 61
89 49
89 21
89 83
89 82
89 28
89 44
89 75
89 80
89 67
21 17
21 53
21 40
21 84
21 86
21 88
69 15
69 30
69 43
69 86
69 13
69 82
69 61
69 23
52 6
52 90
52 93
52 48
52 13
52 31
52 22
52 79
17 86
17 42
17 48
17 49
17 58
17 26
18 88
18 16
18 83
18 93
18 10
18 20
18 54
18 5
57 99
57 73
57 56
57 49
57 71
57 83
57 90
57 31
41 28
41 96
41 71
41 16
41 12
41 90
41 26
41 60
19 5
19 6
19 85
19 71
19 84
19 31
19 61
60 13
60 15
60 28
60 99
60 39
60 58
60 12
3 45
3 7
3 51
3 73
3 91
3 85
3 59
3 24
3 76
24 88
24 45
24 55
24 7
24 48
24 59
24 23
24 13
96 51
96 45
96 72
96 90
96 12
96 39
96 1
96 16
96 20
72 26
72 61
72 20
72 90
72 67
72 95
72 16
72 9
80 23
80 43
80 93
80 40
80 22
80 54
80 59
28 73
28 8
28 40
28 43
28 12
28 90
91 10
91 53
91 76
91 16
91 42
91 39
97 55
97 16
97 95
97 84
97 93
97 90
97 38
97 20
97 13
10 44
10 58
10 15
10 75
10 2
10 31
10 8
2 44
2 79
2 8
2 51
2 34
2 1
2 7
2 47
20 16
20 40
20 47
20 66
20 12
71 83
71 6
71 82
71 31
71 56
76 73
76 67
76 53
76 42
76 85
6 56
6 79
6 78
6 90
6 30
79 34
79 55
79 51
26 95
26 78
26 61
56 48
56 47
56 29
56 23
56 22
95 51
95 38
95 66
95 67
95 85
95 75
29 5
29 59
29 38
29 34
29 67
44 75
44 54
44 58
44 67
44 55
55 53
55 39
66 67
66 0
66 23
66 75
66 54
66 12
8 7
8 67
8 88
8 43
8 22
43 40
43 47
43 39
43 86
7 12
7 83
7 47
61 85
61 0
61 34
9 42
9 99
9 48
9 13
9 15
54 84
54 58
54 22
54 23
47 39
47 23
47 59
47 51
47 93
99 53
99 1
99 82
51 30
51 38
51 84
51 88
38 5
38 86
38 42
83 78
83 82
31 22
22 34
15 82
15 40
86 0
86 23
86 42
0 85
0 45
5 42
40 45
85 67
12 34
