14 26
14 93
14 53
14 75
14 56
14 34
14 76
14 38
14 67
14 9
74 90
74 26
74 84
74 48
74 58
74 29
74 49
74 67
74 17
74 3
77 95
77 9
77 67
77 47
77 27
77 32
77 48
77 22
77 43
77 26
81 1
81 42
81 69
81 52
81 58
81 66
81 16
81 56
81 93
81 36
35 31
35 55
35 8
35 22
35 7
35 34
35 68
35 45
35 15
35 26
87 15
87 20
87 30
87 1
87 90
87 26
87 53
87 11
87 82
87 85
94 42
94 99
94 45
94 15
94 10
94 13
94 63
94 58
94 88
94 86
64 65
64 53
64 44
64 20
64 83
64 23
64 22
64 3
64 88
64 12
33 99
33 62
33 13
33 4
33 0
33 93
33 27
33 88
33 79
33 61
46 25
46 55
46 88
46 83
46 38
46 72
46 60
46 61
46 2
46 10
62 93
62 59
62 71
62 79
62 86
62 31
62 23
62 73
62 17
36 0
36 96
36 48
36 44
36 47
36 59
36 1
36 42
36 22
92 67
92 7
92 39
92 53
92 54
92 20
92 86
92 23
92 5
92 3
27 73
27 48
27 41
27 13
27 59
27 85
27 78
27 7
98 61
98 83
98 75
98 70
98 15
98 39
98 2
98 48
98 78
98 85
25 11
25 83
25 97
25 34
25 55
25 16
25 12
25 30
25 84
63 16
63 78
63 58
63 53
63 22
63 9
63 44
63 51
63 75
4 16
4 0
4 95
4 67
4 84
4 28
4 37
4 59
4 29
65 23
65 2
65 93
65 1
65 86
65 42
65 51
65 19
65 44
37 5
37 79
37 40
37 67
37 28
37 43
37 8
37 10
37 50
11 26
11 53
11 51
11 60
11 50
11 73
11 34
11 47
68 49
68 16
68 61
68 79
68 5
68 39
68 40
68 80
68 30
70 78
70 20
70 90
70 71
70 61
70 73
70 7
70 39
70 31
50 34
50 21
50 7
50 19
50 59
50 41
50 91
50 44
32 51
32 97
32 23
32 93
32 9
32 76
32 52
32 26
32 24
89 78
89 13
89 6
89 82
89 9
89 30
89 84
89 48
89 7
89 75
21 54
21 30
21 88
21 95
21 53
21 40
21 73
21 60
21 86
69 82
69 30
69 47
69 2
69 22
69 58
69 75
69 15
69 16
52 45
52 38
52 40
52 23
52 1
52 96
52 16
52 58
17 12
17 15
17 79
17 95
17 72
17 8
17 85
17 71
18 49
18 13
18 96
18 66
18 45
18 40
18 86
18 56
18 85
18 39
57 72
57 91
57 82
57 59
57 95
57 30
57 54
57 43
57 5
57 19
41 23
41 49
41 39
41 82
41 13
41 5
41 34
41 56
19 66
19 90
19 30
19 42
19 13
19 75
19 1
60 40
60 88
60 43
60 91
60 72
60 76
60 86
3 88
3 56
3 75
3 31
3 82
3 38
3 53
24 76
24 97
24 43
24 12
24 23
24 48
24 73
24 71
24 58
96 79
96 59
96 6
96 97
96 82
96 39
96 45
72 1
72 44
72 55
72 8
72 51
72 73
80 90
80 76
80 15
80 79
80 31
80 73
80 54
80 43
80 48
28 66
28 38
28 93
28 29
28 10
28 12
28 56
28 99
91 61
91 48
91 55
91 54
91 10
91 5
91 0
97 45
97 58
97 84
97 86
97 13
97 49
10 42
10 59
10 85
10 0
10 7
2 22
2 86
2 13
2 99
2 1
2 6
20 16
20 15
20 85
20 84
20 90
20 45
71 79
71 99
71 12
71 78
71 34
71 75
76 13
76 0
76 51
76 16
76 6
6 12
6 49
6 55
6 31
6 83
6 67
79 88
79 31
26 67
26 34
26 93
56 84
56 22
56 8
56 39
95 93
95 78
95 73
95 9
95 55
29 23
29 49
29 83
29 12
29 59
29 58
29 99
44 42
44 1
44 59
44 85
55 34
55 88
55 49
66 38
66 7
66 78
66 90
66 40
66 16
8 1
8 38
8 82
8 51
8 49
43 51
43 5
43 53
43 82
7 34
7 31
61 0
61 42
61 5
61 99
9 40
9 75
9 93
9 90
54 90
54 58
54 45
54 15
54 5
47 5
47 38
47 83
47 0
47 85
47 84
99 12
99 0
99 67
51 73
51 53
38 67
38 84
83 49
83 78
83 23
31 42
31 48
22 78
22 0
15 30
86 40
88 42
84 39
40 45
85 90
39 45
82 75
12 30
