14 80
14 58
14 63
14 56
14 16
14 61
14 38
14 85
14 90
14 26
74 6
74 59
74 48
74 26
74 51
74 22
74 99
74 15
74 44
74 82
77 78
77 63
77 85
77 97
77 13
77 58
77 31
77 39
77 0
77 10
81 25
81 91
81 99
81 56
81 45
81 51
81 23
81 86
81 93
81 19
35 23
35 71
35 30
35 12
35 55
35 80
35 42
35 66
35 48
35 22
87 39
87 62
87 0
87 72
87 69
87 1
87 49
87 84
87 83
87 20
94 69
94 53
94 83
94 3
94 5
94 49
94 29
94 54
94 13
94 76
64 34
64 29
64 20
64 9
64 79
64 40
64 52
64 38
64 82
64 1
33 61
33 17
33 95
33 89
33 47
33 75
33 45
33 12
33 43
33 58
46 93
46 12
46 95
46 65
46 90
46 38
46 84
46 16
46 40
46 71
62 18
62 1
62 92
62 84
62 0
62 20
62 59
62 21
62 39
36 38
36 34
36 23
36 58
36 86
36 71
36 90
36 49
36 9
36 83
92 11
92 0
92 79
92 84
92 20
92 88
92 93
92 9
92 73
27 54
27 97
27 5
27 2
27 76
27 93
27 40
27 41
27 86
27 53
98 79
98 88
98 47
98 78
98 31
98 96
98 28
98 24
98 75
98 85
25 68
25 34
25 48
25 43
25 56
25 86
25 91
25 52
25 45
63 38
63 85
63 58
63 61
63 90
63 78
63 6
63 88
4 40
4 65
4 19
4 28
4 71
4 30
4 78
4 95
4 12
4 47
65 99
65 95
65 90
65 12
65 30
65 71
65 40
65 19
37 72
37 99
37 15
37 51
37 60
37 73
37 32
37 59
37 67
37 8
11 7
11 39
11 13
11 88
11 31
11 0
11 18
11 96
11 10
68 5
68 56
68 86
68 2
68 41
68 9
68 53
68 34
68 97
70 57
70 59
70 44
70 58
70 15
70 51
70 99
70 6
70 61
70 48
50 49
50 80
50 56
50 22
50 42
50 66
50 59
50 16
50 91
50 17
32 67
32 0
32 8
32 73
32 22
32 29
32 72
32 60
32 55
89 73
89 2
89 84
89 8
89 34
89 43
89 45
89 67
89 60
21 73
21 48
21 16
21 55
21 66
21 91
21 42
21 23
21 88
69 5
69 3
69 13
69 2
69 29
69 82
69 54
69 83
52 1
52 86
52 26
52 56
52 29
52 49
52 45
52 91
17 75
17 53
17 22
17 39
17 45
17 9
17 42
17 43
18 84
18 5
18 76
18 7
18 39
18 93
18 1
18 55
57 15
57 99
57 1
57 61
57 44
57 60
57 8
57 48
57 22
41 9
41 97
41 2
41 79
41 5
41 53
41 34
41 72
19 12
19 59
19 30
19 78
19 95
19 93
19 28
60 43
60 73
60 29
60 72
60 8
60 67
3 54
3 97
3 83
3 59
3 5
3 13
3 93
3 53
24 78
24 75
24 96
24 85
24 47
24 28
24 31
24 88
24 67
96 16
96 7
96 31
96 75
96 13
96 10
96 88
72 85
72 8
72 84
72 67
72 73
80 16
80 66
80 55
80 42
80 40
80 12
80 23
28 78
28 30
28 85
28 47
28 75
28 79
91 48
91 56
91 66
91 86
91 45
97 2
97 93
97 54
97 5
97 53
10 31
10 90
10 58
10 7
10 39
10 0
10 13
2 8
2 13
2 34
2 53
20 40
20 84
20 1
20 82
20 49
20 83
71 95
71 12
71 38
71 90
71 30
76 93
76 83
76 1
76 5
76 54
76 59
76 49
6 48
6 59
6 1
6 38
6 99
6 44
6 7
79 9
79 47
79 78
79 75
79 67
26 56
26 75
26 51
26 82
26 61
26 49
26 15
56 86
56 51
95 30
95 85
95 12
95 40
29 82
29 75
29 8
29 13
44 82
44 48
44 61
44 51
44 15
44 99
55 16
55 66
55 22
55 23
55 42
66 23
66 16
66 22
66 42
8 22
8 73
43 30
43 34
43 45
43 9
43 67
7 88
7 84
7 0
7 39
7 31
61 90
61 15
61 58
9 34
9 86
54 53
54 5
54 1
54 13
47 31
47 78
47 67
47 75
99 51
99 48
51 82
51 15
38 58
38 90
38 16
83 23
83 49
83 59
31 88
31 39
22 42
15 30
15 82
86 49
0 39
0 84
23 73
23 42
88 85
40 82
40 45
85 78
42 16
12 30
45 34
93 53
67 73
90 58
