14 38
14 15
14 31
14 42
14 56
14 58
14 5
14 1
14 76
14 95
74 83
74 58
74 60
74 47
74 19
74 39
74 97
74 61
74 82
74 13
77 3
77 2
77 30
77 10
77 58
77 49
77 29
77 34
77 95
77 79
81 75
81 56
81 55
81 31
81 1
81 54
81 40
81 53
81 91
81 76
35 37
35 38
35 85
35 15
35 10
35 90
35 8
35 1
35 30
35 41
87 30
87 12
87 66
87 20
87 54
87 95
87 23
87 49
87 6
87 73
94 0
94 60
94 85
94 61
94 83
94 72
94 86
94 71
94 84
94 45
64 5
64 50
64 88
64 93
64 16
64 95
64 75
64 48
64 44
64 68
33 92
33 86
33 19
33 28
33 51
33 72
33 48
33 78
33 97
33 58
46 42
46 75
46 5
46 96
46 25
46 67
46 72
46 61
46 69
46 48
62 66
62 40
62 56
62 4
62 75
62 84
62 99
62 55
62 49
62 54
36 67
36 60
36 84
36 39
36 96
36 57
36 80
36 88
36 45
36 8
92 58
92 48
92 83
92 97
92 78
92 19
92 28
92 56
92 44
27 29
27 90
27 9
27 18
27 39
27 24
27 85
27 16
27 22
27 82
98 78
98 20
98 71
98 30
98 2
98 96
98 49
98 9
98 86
98 56
25 84
25 53
25 42
25 59
25 9
25 48
25 50
25 96
25 30
63 22
63 67
63 6
63 34
63 2
63 57
63 52
63 49
63 43
63 3
4 40
4 45
4 65
4 73
4 66
4 31
4 1
4 71
4 99
65 59
65 7
65 1
65 73
65 89
65 21
65 40
65 12
65 31
37 38
37 1
37 95
37 28
37 85
37 80
37 12
37 29
37 23
11 23
11 12
11 13
11 61
11 32
11 24
11 51
11 99
11 73
11 15
68 5
68 88
68 95
68 42
68 17
68 16
68 53
68 52
68 48
70 93
70 91
70 31
70 66
70 55
70 71
70 82
70 21
70 47
70 7
50 17
50 79
50 83
50 16
50 82
50 59
50 42
50 88
32 73
32 12
32 51
32 47
32 26
32 13
32 80
32 22
32 39
89 31
89 22
89 18
89 8
89 1
89 16
89 39
89 76
89 59
21 23
21 0
21 47
21 73
21 59
21 13
21 12
21 82
69 54
69 18
69 34
69 78
69 16
69 57
69 51
69 38
69 85
52 16
52 5
52 78
52 53
52 10
52 28
52 6
52 43
17 29
17 34
17 79
17 42
17 59
17 71
17 88
17 26
18 82
18 29
18 16
18 22
18 47
18 39
18 85
57 41
57 67
57 34
57 86
57 38
57 45
57 0
41 86
41 45
41 60
41 79
41 0
41 2
41 88
41 38
19 51
19 72
19 97
19 58
19 83
19 78
19 13
60 45
60 84
60 9
60 88
60 59
60 13
3 45
3 49
3 2
3 67
3 38
3 34
3 43
3 6
24 75
24 12
24 99
24 73
24 85
24 23
24 26
24 51
96 61
96 20
96 84
96 75
96 99
96 67
72 5
72 43
72 54
72 61
72 78
72 0
80 39
80 84
80 20
80 93
80 7
80 1
80 51
28 48
28 83
28 53
28 97
28 78
28 6
91 15
91 82
91 55
91 53
91 93
91 10
91 90
91 9
97 44
97 58
97 48
97 83
97 13
10 49
10 15
10 53
10 90
10 59
10 86
2 20
2 34
2 6
2 79
2 29
20 90
20 49
20 6
20 84
20 7
71 31
71 5
71 13
71 30
71 76
76 5
76 56
76 1
76 58
76 31
76 53
6 34
6 43
6 49
79 0
79 42
79 86
79 34
79 29
26 82
26 99
26 34
26 13
26 12
26 75
26 86
56 54
56 53
56 31
56 1
95 48
95 5
95 29
95 23
29 85
29 42
44 15
44 58
44 16
44 40
44 93
44 90
44 48
55 99
55 90
55 75
55 40
55 93
55 54
66 30
66 54
66 99
66 49
66 73
66 40
8 58
8 22
8 84
8 39
8 88
8 30
8 7
43 7
43 5
43 67
43 22
43 53
7 40
7 93
7 84
7 61
61 67
61 23
61 0
9 90
9 47
9 59
9 30
9 15
54 30
54 40
47 82
47 15
47 93
47 16
99 40
99 75
51 73
51 12
51 23
38 31
38 85
38 45
83 13
83 42
83 0
22 82
22 39
22 88
15 90
15 93
86 0
86 78
0 78
23 73
23 12
88 39
85 45
42 59
45 67
93 90
75 67
