14 34
14 29
14 89
14 1
14 41
14 57
14 59
14 8
14 93
14 83
74 51
74 16
74 95
74 73
74 86
74 71
74 19
74 31
74 6
74 28
77 53
77 48
77 12
77 66
77 29
77 6
77 97
77 76
77 40
77 78
81 3
81 5
81 39
81 15
81 82
81 8
81 12
81 60
81 71
81 67
35 34
35 45
35 9
35 67
35 93
35 47
35 48
35 42
35 55
35 61
87 78
87 86
87 83
87 82
87 58
87 38
87 0
87 84
87 67
87 26
94 90
94 46
94 97
94 38
94 75
94 12
94 59
94 24
94 51
94 23
64 29
64 16
64 54
64 85
64 93
64 88
64 56
64 65
64 82
64 79
33 56
33 15
33 90
33 73
33 41
33 93
33 95
33 2
33 88
33 62
46 2
46 23
46 34
46 61
46 59
46 9
46 56
46 26
46 0
62 39
62 4
62 19
62 15
62 7
62 88
62 45
62 80
62 67
36 31
36 8
36 50
36 85
36 80
36 12
36 1
36 0
36 52
36 49
92 45
92 20
92 13
92 90
92 51
92 53
92 6
92 91
92 85
92 78
27 8
27 19
27 34
27 29
27 53
27 49
27 6
27 2
27 56
27 12
98 86
98 39
98 16
98 34
98 78
98 9
98 18
98 84
98 53
98 97
25 34
25 43
25 5
25 10
25 31
25 85
25 4
25 80
25 30
25 90
63 45
63 15
63 11
63 49
63 67
63 44
63 82
63 53
63 72
63 96
4 39
4 31
4 69
4 17
4 90
4 95
4 88
4 55
65 67
65 16
65 78
65 9
65 84
65 71
65 32
65 70
65 48
37 66
37 79
37 42
37 6
37 0
37 47
37 48
37 13
37 11
37 5
11 60
11 45
11 31
11 53
11 39
11 44
11 38
11 90
68 69
68 76
68 18
68 30
68 58
68 88
68 8
68 48
68 5
68 1
70 83
70 16
70 53
70 23
70 96
70 22
70 45
70 10
70 20
50 40
50 49
50 73
50 83
50 42
50 66
50 85
50 16
50 78
32 51
32 30
32 83
32 38
32 72
32 54
32 39
32 75
32 84
89 34
89 29
89 96
89 54
89 30
89 73
89 88
89 53
89 83
21 75
21 95
21 82
21 7
21 44
21 42
21 59
21 18
21 51
21 99
69 67
69 22
69 97
69 2
69 58
69 5
69 13
69 9
52 72
52 20
52 26
52 0
52 80
52 1
52 93
52 61
52 97
17 2
17 90
17 22
17 24
17 54
17 56
17 79
17 40
17 16
18 99
18 23
18 66
18 31
18 59
18 41
18 91
57 58
57 29
57 19
57 91
57 93
57 86
57 84
57 42
57 49
41 1
41 86
41 13
41 47
41 45
41 99
41 56
19 1
19 40
19 47
19 45
19 49
19 90
60 7
60 12
60 67
60 39
60 30
60 72
60 78
60 0
3 71
3 15
3 39
3 72
3 29
3 1
3 82
3 61
3 43
24 13
24 61
24 55
24 12
24 56
24 40
24 79
24 5
96 34
96 1
96 38
96 23
96 82
96 83
96 85
72 59
72 88
72 49
72 82
72 84
80 0
80 49
80 10
80 6
80 39
80 59
28 61
28 38
28 55
28 48
28 76
28 99
28 58
28 43
28 66
91 31
91 75
91 9
91 49
91 38
91 58
91 12
97 23
97 88
97 15
97 13
97 58
10 43
10 23
10 22
10 93
10 78
10 53
10 16
2 34
2 61
2 48
2 44
2 42
20 5
20 75
20 26
20 99
20 71
20 95
20 45
71 6
71 75
71 22
71 84
71 73
76 7
76 66
76 99
76 40
76 90
76 22
76 8
6 86
6 22
6 30
79 40
79 58
79 9
79 73
79 66
79 54
26 51
26 9
26 0
26 59
26 83
26 1
56 95
56 8
56 58
95 31
95 9
95 7
95 51
29 5
29 67
29 12
44 12
44 22
44 82
44 42
44 30
44 75
55 39
55 40
55 61
55 42
55 99
55 43
66 40
66 5
66 13
8 59
8 75
8 49
43 22
43 40
43 30
43 93
43 51
7 86
7 34
7 99
7 30
7 45
61 82
61 73
9 48
54 73
54 16
54 88
54 85
54 48
47 93
47 13
47 85
47 15
47 48
47 5
99 15
99 42
51 23
51 30
38 75
38 84
38 31
83 78
83 73
31 53
22 23
15 13
15 84
86 93
86 16
86 78
0 85
0 13
23 59
88 67
84 75
85 1
42 90
73 58
