14 65
14 56
14 92
14 37
14 11
14 26
14 77
14 82
14 68
14 55
14 20
14 30
14 38
14 52
14 19
14 39
14 8
14 67
14 40
14 47
74 78
74 79
74 5
74 0
74 96
74 69
74 91
74 70
74 21
74 9
74 32
74 15
74 48
74 98
74 75
74 1
74 44
74 18
74 12
74 93
50 89
50 58
50 1
50 88
50 35
50 57
50 27
50 63
50 7
50 46
50 68
50 81
50 3
50 17
50 45
50 28
50 72
50 94
50 25
50 85
6 86
6 68
6 97
6 79
6 93
6 27
6 72
6 77
6 41
6 55
6 7
6 35
6 62
6 89
6 51
6 83
6 46
6 57
6 18
6 88
53 17
53 27
53 46
53 28
53 68
53 75
53 18
53 45
53 39
53 57
53 63
53 3
53 7
53 83
53 88
53 35
53 72
53 23
53 81
53 94
60 97
60 24
60 39
60 79
60 51
60 62
60 2
60 80
60 43
60 64
60 73
60 76
60 31
60 99
60 10
60 4
60 34
60 42
60 95
60 87
29 20
29 77
29 39
29 55
29 65
29 82
29 15
29 37
29 40
29 92
29 47
29 19
29 30
29 26
29 8
29 33
29 38
29 52
29 11
29 67
90 82
90 97
90 43
90 44
90 1
90 69
90 12
90 93
90 39
90 98
90 37
90 84
90 79
90 91
90 32
90 25
90 88
90 70
90 78
90 9
59 76
59 62
59 68
59 82
59 18
59 2
59 93
59 64
59 30
59 43
59 31
59 1
59 95
59 41
59 87
59 51
59 52
59 91
59 73
59 24
36 32
36 43
36 5
36 84
36 96
36 69
36 48
36 44
36 70
36 0
36 83
36 12
36 71
36 9
36 15
36 98
36 91
36 61
36 78
36 21
66 12
66 61
66 21
66 70
66 0
66 98
66 48
66 37
66 43
66 91
66 78
66 96
66 71
66 83
66 69
66 44
66 15
66 32
66 39
66 9
23 27
23 46
23 18
23 57
23 45
23 72
23 25
23 35
23 85
23 17
23 3
23 81
23 83
23 94
23 63
23 68
23 16
23 28
23 86
13 55
13 73
13 34
13 52
13 8
13 37
13 92
13 93
13 48
13 77
13 49
13 39
13 18
13 88
13 41
13 79
13 83
13 56
13 64
13 38
99 87
99 93
99 73
99 31
99 24
99 62
99 22
99 95
99 2
99 79
99 64
99 51
99 42
99 10
99 34
99 97
99 4
99 76
99 41
16 83
16 63
16 35
16 81
16 94
16 18
16 3
16 46
16 85
16 57
16 27
16 7
16 45
16 97
16 72
16 25
16 28
16 68
16 93
58 81
58 88
58 46
58 68
58 41
58 63
58 18
58 27
58 25
58 28
58 57
58 3
58 35
58 7
58 72
58 94
58 45
58 17
58 89
61 70
61 32
61 0
61 5
61 98
61 44
61 91
61 12
61 21
61 71
61 43
61 15
61 1
61 48
61 78
61 69
61 96
61 37
80 95
80 45
80 97
80 51
80 87
80 57
80 76
80 46
80 73
80 4
80 92
80 93
80 31
80 24
80 64
80 10
80 79
80 62
80 22
49 33
49 93
49 77
49 30
49 67
49 39
49 20
49 47
49 43
49 11
49 54
49 26
49 78
49 8
49 56
49 35
49 83
49 82
49 55
5 96
5 18
5 84
5 32
5 15
5 48
5 0
5 12
5 21
5 78
5 83
5 1
5 70
5 9
5 44
5 43
5 98
22 34
22 62
22 41
22 64
22 76
22 87
22 93
22 73
22 97
22 31
22 42
22 79
22 10
22 24
22 51
22 95
22 2
22 4
89 57
89 83
89 81
89 88
89 28
89 46
89 72
89 7
89 68
89 3
89 85
89 86
89 17
89 25
89 35
89 63
89 27
33 11
33 1
33 30
33 37
33 20
33 57
33 38
33 55
33 47
33 26
33 92
33 15
33 0
33 8
33 82
33 54
33 39
33 77
42 88
42 28
42 51
42 73
42 24
42 31
42 87
42 41
42 64
42 76
42 34
42 10
42 95
42 4
42 62
42 2
42 94
75 1
75 43
75 98
75 57
75 7
75 28
75 91
75 15
75 18
75 41
75 78
75 21
75 88
75 39
75 69
75 84
75 48
75 11
85 25
85 72
85 81
85 3
85 94
85 63
85 28
85 57
85 27
85 88
85 68
85 7
85 35
85 46
85 45
85 86
2 87
2 18
2 24
2 43
2 39
2 68
2 95
2 79
2 41
2 62
2 64
2 73
2 51
2 34
2 97
54 67
54 55
54 11
54 92
54 97
54 40
54 52
54 47
54 26
54 38
54 83
54 18
54 30
54 37
54 77
54 8
54 19
54 20
71 9
71 69
71 48
71 70
71 88
71 43
71 52
71 91
71 98
71 78
71 15
71 0
71 21
71 39
71 32
71 96
71 12
19 20
19 37
19 38
19 56
19 77
19 30
19 11
19 52
19 67
19 40
19 65
19 55
19 26
19 83
19 8
19 39
19 92
9 1
9 43
9 98
9 96
9 78
9 15
9 0
9 70
9 44
9 12
9 32
9 69
9 91
9 48
86 83
86 68
86 3
86 17
86 46
86 28
86 81
86 62
86 7
86 35
86 18
86 88
86 57
86 45
86 27
86 72
56 20
56 39
56 11
56 77
56 67
56 30
56 38
56 65
56 40
56 8
56 82
56 26
56 52
56 55
56 37
56 92
10 51
10 41
10 79
10 4
10 31
10 76
10 62
10 97
10 24
10 95
10 93
10 34
10 73
10 64
10 87
96 43
96 98
96 0
96 15
96 48
96 91
96 21
96 69
96 44
96 78
96 12
96 32
96 70
84 7
84 28
84 21
84 48
84 83
84 78
84 69
84 32
84 93
84 1
84 39
84 43
84 18
84 15
84 12
84 88
4 93
4 73
4 76
4 41
4 51
4 87
4 95
4 24
4 97
4 79
4 31
4 64
4 34
4 62
40 37
40 20
40 30
40 67
40 52
40 8
40 26
40 77
40 11
40 55
40 38
40 82
40 92
40 65
40 47
65 26
65 37
65 11
65 8
65 12
65 82
65 30
65 20
65 38
65 92
65 77
65 67
65 55
65 52
65 47
47 52
47 82
47 77
47 55
47 11
47 20
47 26
47 37
47 67
47 30
47 92
47 83
47 38
20 11
20 37
20 52
20 55
20 38
20 30
20 92
20 77
20 67
20 82
25 77
25 27
25 81
25 63
25 68
25 28
25 94
25 35
25 7
25 72
25 88
25 3
25 45
17 28
17 83
17 12
17 46
17 35
17 68
17 45
17 63
17 81
17 3
17 88
17 57
17 18
17 7
32 44
32 91
32 15
32 1
32 21
32 98
32 48
32 70
32 69
32 78
21 18
21 69
21 1
21 98
21 88
21 0
21 48
21 12
21 44
21 91
63 83
63 28
63 94
63 46
63 81
63 7
63 3
63 68
63 35
63 72
63 27
44 48
44 43
44 78
44 1
44 15
44 98
44 0
44 69
44 12
44 70
94 3
94 57
94 28
94 68
94 45
94 7
94 72
94 46
94 27
94 35
94 88
26 11
26 38
26 52
26 55
26 77
26 67
26 30
26 8
26 37
26 39
31 76
31 95
31 51
31 79
31 87
31 34
31 24
31 41
31 97
31 64
31 62
31 73
45 27
45 57
45 68
45 18
45 46
45 35
45 7
45 28
45 3
3 18
3 81
3 68
3 72
3 46
3 27
3 35
76 62
76 41
76 93
76 64
76 87
76 95
76 34
76 1
76 51
76 73
76 24
91 69
91 12
91 43
91 48
91 98
91 93
91 78
91 70
8 92
8 38
8 37
8 67
8 55
8 82
8 30
8 39
8 52
67 30
67 38
67 52
67 55
67 82
67 92
67 77
67 11
98 48
98 70
98 0
98 12
98 78
98 15
95 34
95 51
95 73
95 79
95 64
95 62
95 87
95 97
95 24
24 62
24 51
24 73
24 97
24 87
24 34
24 64
24 79
0 1
0 15
0 43
0 69
0 12
0 78
0 48
0 70
41 28
41 73
41 64
41 79
41 34
41 62
41 93
38 77
38 52
38 30
38 11
38 55
38 92
72 46
72 27
72 28
72 35
72 81
72 83
72 7
81 68
81 27
81 35
81 28
81 7
81 83
81 46
30 82
30 37
30 11
30 55
97 34
97 51
97 92
97 73
97 93
97 79
82 92
82 55
82 52
82 11
82 37
82 39
70 43
70 1
70 78
70 69
70 12
70 15
87 51
87 62
87 73
87 43
87 79
87 64
87 34
92 52
92 55
92 77
34 93
34 73
34 62
34 79
34 51
46 68
46 57
46 27
27 7
27 57
27 88
1 18
1 15
1 69
1 43
79 93
79 51
57 18
57 88
57 7
48 12
48 15
48 69
78 15
78 69
28 88
62 51
62 73
51 64
39 11
39 37
11 52
11 77
64 37
64 93
64 73
52 77
35 83
35 7
69 12
