14 26
14 55
14 38
14 20
14 33
14 47
14 67
14 19
14 29
14 56
14 37
14 77
14 18
14 39
14 8
14 92
14 11
14 54
14 52
14 30
74 78
74 32
74 15
74 98
74 48
74 9
74 69
74 21
74 28
74 44
74 0
74 61
74 43
74 35
74 91
74 12
74 5
74 1
74 96
74 70
50 27
50 88
50 72
50 46
50 83
50 69
50 35
50 63
50 85
50 3
50 17
50 25
50 81
50 18
50 7
50 45
50 23
50 68
50 57
50 41
6 37
6 35
6 89
6 77
6 46
6 81
6 45
6 52
6 86
6 68
6 17
6 40
6 27
6 88
6 18
6 7
6 8
6 63
6 3
6 39
53 55
53 18
53 86
53 58
53 27
53 17
53 93
53 94
53 3
53 72
53 84
53 35
53 85
53 88
53 63
53 83
53 81
53 7
53 68
53 9
60 0
60 24
60 62
60 34
60 73
60 28
60 94
60 99
60 64
60 95
60 79
60 88
60 41
60 51
60 87
60 42
60 2
60 93
60 31
60 97
29 19
29 30
29 55
29 56
29 12
29 77
29 37
29 67
29 73
29 69
29 92
29 52
29 49
29 11
29 8
29 65
29 82
29 38
29 26
90 69
90 78
90 41
90 0
90 68
90 98
90 15
90 43
90 1
90 70
90 5
90 57
90 46
90 75
90 48
90 12
90 91
90 32
90 88
90 9
59 87
59 64
59 92
59 97
59 79
59 51
59 56
59 19
59 41
59 62
59 83
59 11
59 37
59 93
59 55
59 30
59 20
59 8
59 24
59 4
36 8
36 12
36 69
36 15
36 66
36 55
36 71
36 44
36 48
36 32
36 43
36 21
36 38
36 70
36 91
36 0
36 98
36 83
36 28
36 78
66 69
66 32
66 96
66 57
66 98
66 1
66 70
66 46
66 9
66 78
66 44
66 61
66 43
66 0
66 21
66 91
66 62
66 48
66 15
23 78
23 68
23 7
23 72
23 85
23 57
23 83
23 63
23 88
23 97
23 35
23 81
23 18
23 25
23 41
23 94
23 16
23 1
23 46
13 18
13 47
13 38
13 97
13 82
13 28
13 52
13 87
13 77
13 49
13 69
13 95
13 31
13 64
13 79
13 1
13 30
13 20
13 62
13 67
99 95
99 93
99 41
99 51
99 79
99 73
99 62
99 97
99 42
99 31
99 87
99 76
99 64
99 10
99 34
99 22
99 24
99 28
99 68
16 57
16 3
16 7
16 72
16 63
16 89
16 27
16 28
16 85
16 46
16 18
16 81
16 94
16 21
16 68
16 35
16 25
16 45
16 88
58 39
58 35
58 51
58 88
58 1
58 57
58 76
58 27
58 15
58 79
58 28
58 7
58 68
58 72
58 84
58 3
58 11
58 83
58 18
61 0
61 21
61 9
61 78
61 70
61 96
61 43
61 75
61 71
61 73
61 69
61 32
61 93
61 1
61 98
61 48
61 12
61 15
80 76
80 34
80 39
80 92
80 51
80 31
80 24
80 87
80 20
80 73
80 42
80 62
80 56
80 93
80 64
80 10
80 4
80 79
80 12
80 95
49 31
49 37
49 4
49 27
49 11
49 26
49 40
49 12
49 77
49 55
49 52
49 30
49 28
49 47
49 67
49 65
49 38
49 82
5 91
5 98
5 96
5 70
5 0
5 44
5 32
5 21
5 75
5 77
5 48
5 78
5 15
5 84
5 43
5 82
5 12
5 1
22 51
22 28
22 64
22 93
22 2
22 97
22 78
22 10
22 79
22 76
22 62
22 34
22 41
22 87
22 43
22 95
22 73
22 57
22 24
89 7
89 27
89 28
89 45
89 17
89 46
89 72
89 3
89 1
89 73
89 68
89 86
89 25
89 94
89 85
89 63
89 81
89 35
33 20
33 92
33 55
33 54
33 93
33 41
33 37
33 77
33 3
33 40
33 26
33 30
33 51
33 11
33 47
33 19
33 57
33 82
33 8
42 34
42 10
42 62
42 73
42 79
42 4
42 24
42 95
42 31
42 77
42 76
42 39
42 2
42 87
42 97
42 93
42 51
75 69
75 21
75 34
75 70
75 32
75 12
75 96
75 55
75 15
75 83
75 64
75 46
75 0
75 91
75 57
75 1
75 37
85 45
85 86
85 57
85 67
85 7
85 94
85 88
85 63
85 17
85 81
85 83
85 46
85 25
85 35
85 27
2 62
2 76
2 34
2 87
2 97
2 28
2 93
2 31
2 67
2 41
2 64
2 10
2 73
2 51
2 24
2 79
2 95
54 55
54 41
54 52
54 93
54 8
54 11
54 30
54 26
54 57
54 18
54 28
54 20
54 39
54 47
54 38
54 92
54 72
54 77
71 83
71 43
71 15
71 91
71 78
71 73
71 45
71 44
71 69
71 1
71 57
71 48
71 84
71 28
71 9
71 12
71 98
71 21
19 39
19 8
19 78
19 55
19 67
19 30
19 20
19 83
19 51
19 82
19 47
19 92
19 56
19 64
19 11
19 37
9 96
9 43
9 48
9 98
9 93
9 46
9 44
9 0
9 47
9 73
9 21
9 40
9 57
9 15
86 68
86 88
86 17
86 72
86 27
86 3
86 45
86 81
86 94
86 25
86 35
86 11
86 18
86 7
86 83
86 73
56 73
56 64
56 4
56 11
56 77
56 37
56 67
56 52
56 65
56 12
56 40
56 87
56 79
56 39
56 38
10 87
10 76
10 79
10 39
10 95
10 4
10 24
10 73
10 97
10 31
10 51
10 64
10 34
10 93
10 62
96 78
96 11
96 43
96 69
96 70
96 32
96 15
96 48
96 0
96 91
96 12
96 21
96 98
96 44
84 69
84 28
84 45
84 48
84 81
84 7
84 98
84 73
84 83
84 1
84 44
84 3
84 27
84 12
84 35
84 72
4 11
4 79
4 12
4 40
4 95
4 52
4 62
4 39
4 24
4 55
4 65
4 31
4 92
4 87
40 37
40 47
40 39
40 8
40 11
40 26
40 82
40 92
40 38
40 65
40 55
40 30
40 52
40 77
65 47
65 67
65 26
65 92
65 55
65 30
65 11
65 52
65 38
65 39
65 83
65 43
65 82
65 37
65 12
47 82
47 52
47 30
47 8
47 38
47 77
47 11
47 26
47 92
47 55
47 37
20 83
20 43
20 41
20 93
20 55
20 39
20 92
20 8
20 82
20 77
20 37
20 67
20 38
25 63
25 35
25 46
25 68
25 57
25 18
25 17
25 27
25 3
25 45
25 88
25 7
25 94
25 72
17 46
17 18
17 68
17 43
17 81
17 27
17 7
17 83
17 63
17 35
17 3
17 48
17 88
32 98
32 91
32 69
32 0
32 70
32 78
32 43
32 15
32 12
32 48
32 44
32 21
21 0
21 78
21 98
21 69
21 48
21 44
21 91
21 15
21 70
63 7
63 83
63 18
63 46
63 81
63 27
63 88
63 35
63 45
63 72
63 94
44 1
44 48
44 12
44 78
44 0
44 69
44 91
44 98
44 15
44 70
94 81
94 35
94 41
94 3
94 28
94 18
94 46
94 88
94 83
94 68
94 7
26 11
26 52
26 55
26 77
26 92
26 82
26 46
26 38
26 8
26 37
26 30
26 93
31 93
31 51
31 87
31 97
31 28
31 95
31 62
31 55
31 34
31 76
31 41
45 88
45 83
45 7
45 3
45 68
45 72
45 18
45 27
45 81
45 28
3 7
3 35
3 88
3 46
3 27
3 18
3 72
76 64
76 39
76 73
76 87
76 97
76 79
76 62
76 93
76 95
76 34
76 24
76 51
91 0
91 12
91 78
91 43
91 15
91 69
91 48
91 98
91 70
8 82
8 55
8 52
8 67
8 92
8 77
8 30
8 37
67 92
67 30
67 64
67 39
67 11
67 38
67 77
67 52
67 82
98 43
98 69
98 48
98 15
98 70
98 0
95 51
95 83
95 34
95 24
95 87
95 41
95 62
95 79
95 97
24 93
24 64
24 73
24 51
24 79
24 34
24 62
24 87
24 97
0 43
0 78
0 48
0 70
0 15
41 97
41 83
41 68
41 93
41 51
41 57
38 52
38 82
38 39
38 77
38 92
38 30
38 37
72 68
72 88
72 28
72 7
72 57
72 27
72 18
81 18
81 68
81 52
81 35
81 27
81 7
81 46
30 82
30 77
30 52
30 55
30 37
97 62
97 87
97 79
97 51
97 34
97 64
82 37
82 52
82 92
82 77
82 39
70 78
70 7
70 12
70 69
70 43
70 15
87 34
87 62
87 64
87 79
92 37
92 11
92 39
34 39
34 64
34 79
34 51
34 73
34 62
46 35
46 57
46 1
27 28
27 18
27 68
1 57
1 68
1 35
1 15
1 69
1 78
79 62
79 51
57 68
57 28
48 69
48 43
48 12
78 43
78 15
62 73
51 64
39 93
11 52
11 37
18 88
64 73
64 55
52 77
88 35
88 7
