14 63
14 73
14 79
14 38
14 92
14 31
14 15
14 98
14 70
14 39
14 69
14 37
14 21
14 97
14 1
14 48
14 7
14 55
14 11
14 52
74 63
74 98
74 93
74 87
74 68
74 35
74 88
74 21
74 55
74 64
74 95
74 30
74 37
74 0
74 12
74 78
74 77
74 11
74 72
74 39
50 93
50 69
50 7
50 38
50 32
50 52
50 79
50 5
50 84
50 1
50 55
50 68
50 78
50 8
50 62
50 30
50 27
50 18
50 98
50 73
6 68
6 41
6 32
6 80
6 45
6 69
6 67
6 70
6 43
6 81
6 91
6 24
6 62
6 11
6 9
6 87
6 31
6 55
6 8
6 64
53 51
53 2
53 70
53 24
53 30
53 64
53 69
53 11
53 93
53 52
53 98
53 40
53 46
53 7
53 87
53 79
53 31
53 0
53 78
53 1
60 98
60 64
60 1
60 7
60 31
60 68
60 70
60 37
60 21
60 87
60 72
60 51
60 93
60 12
60 11
60 88
60 78
60 28
60 73
60 34
29 82
29 35
29 78
29 21
29 56
29 18
29 28
29 77
29 46
29 87
29 68
29 88
29 44
29 83
29 48
29 57
29 3
29 63
29 79
29 73
90 35
90 98
90 43
90 55
90 28
90 38
90 77
90 57
90 24
90 96
90 92
90 69
90 93
90 30
90 51
90 88
90 97
90 1
90 68
90 79
59 57
59 51
59 39
59 98
59 11
59 62
59 79
59 43
59 18
59 30
59 12
59 7
59 69
59 97
59 41
59 70
59 87
59 15
59 21
59 46
36 27
36 52
36 12
36 37
36 77
36 46
36 21
36 95
36 48
36 11
36 92
36 38
36 28
36 83
36 39
36 64
36 51
36 63
36 57
36 1
66 37
66 30
66 77
66 46
66 91
66 98
66 62
66 12
66 51
66 73
66 31
66 35
66 52
66 83
66 93
66 72
66 11
66 68
66 0
66 39
23 69
23 1
23 39
23 8
23 55
23 87
23 28
23 11
23 77
23 62
23 0
23 35
23 30
23 92
23 32
23 27
23 7
23 52
23 68
23 41
13 18
13 1
13 93
13 69
13 52
13 55
13 30
13 15
13 38
13 70
13 87
13 63
13 46
13 88
13 57
13 97
13 98
13 12
13 37
13 77
99 77
99 73
99 24
99 30
99 7
99 62
99 68
99 69
99 18
99 41
99 10
99 27
99 46
99 0
99 31
99 1
99 43
99 92
99 51
99 78
16 55
16 21
16 34
16 73
16 63
16 28
16 3
16 69
16 30
16 57
16 35
16 18
16 62
16 12
16 77
16 79
16 37
16 7
16 97
16 52
58 7
58 11
58 67
58 93
58 77
58 51
58 28
58 40
58 55
58 0
58 31
58 35
58 52
58 18
58 8
58 87
58 64
58 43
58 73
58 91
61 62
61 20
61 0
61 18
61 11
61 91
61 67
61 69
61 93
61 81
61 70
61 68
61 8
61 79
61 24
61 30
61 87
61 64
61 31
61 73
80 12
80 73
80 98
80 27
80 15
80 95
80 79
80 78
80 51
80 92
80 77
80 46
80 72
80 38
80 63
80 28
80 30
80 93
80 82
49 21
49 57
49 55
49 39
49 34
49 37
49 63
49 79
49 15
49 83
49 87
49 68
49 96
49 97
49 28
49 98
49 88
49 92
49 1
49 35
5 88
5 82
5 92
5 15
5 87
5 76
5 47
5 63
5 35
5 48
5 34
5 28
5 51
5 83
5 25
5 77
5 57
5 12
5 39
22 39
22 55
22 12
22 38
22 27
22 15
22 37
22 57
22 62
22 78
22 46
22 97
22 64
22 34
22 28
22 70
22 92
22 18
22 68
22 95
89 83
89 62
89 34
89 73
89 92
89 55
89 64
89 24
89 38
89 11
89 27
89 15
89 51
89 31
89 1
89 97
89 78
89 52
89 21
89 7
33 83
33 1
33 30
33 68
33 39
33 72
33 82
33 18
33 56
33 27
33 92
33 95
33 15
33 38
33 46
33 12
33 47
33 3
33 35
33 57
42 43
42 64
42 40
42 93
42 52
42 55
42 7
42 24
42 32
42 9
42 10
42 41
42 30
42 79
42 45
42 0
42 31
42 20
42 88
42 67
75 15
75 68
75 48
75 88
75 73
75 51
75 87
75 46
75 72
75 7
75 18
75 21
75 20
75 38
75 79
75 3
75 28
75 39
75 12
75 93
85 12
85 62
85 8
85 83
85 27
85 64
85 15
85 77
85 24
85 79
85 93
85 18
85 68
85 0
85 31
85 37
85 2
85 43
85 91
85 97
2 73
2 39
2 35
2 37
2 97
2 34
2 96
2 55
2 48
2 44
2 76
2 82
2 92
2 57
2 28
2 46
2 88
2 38
54 93
54 51
54 55
54 72
54 52
54 12
54 39
54 87
54 20
54 78
54 88
54 18
54 35
54 15
54 11
54 3
54 7
54 30
54 46
54 28
71 0
71 69
71 28
71 41
71 46
71 35
71 43
71 70
71 11
71 18
71 32
71 55
71 7
71 98
71 78
71 8
71 81
71 79
71 62
71 20
19 76
19 37
19 95
19 82
19 51
19 93
19 46
19 87
19 88
19 63
19 96
19 3
19 83
19 38
19 56
19 21
19 73
19 35
19 78
19 68
9 78
9 37
9 63
9 77
9 47
9 48
9 88
9 27
9 34
9 56
9 83
9 18
9 98
9 51
9 38
9 15
9 1
9 39
86 93
86 52
86 78
86 18
86 79
86 1
86 27
86 46
86 0
86 92
86 73
86 57
86 98
86 68
86 77
86 24
86 30
86 83
86 62
86 95
56 43
56 64
56 52
56 32
56 20
56 45
56 4
56 55
56 70
56 7
56 67
56 91
56 12
56 81
56 0
56 11
10 37
10 48
10 88
10 97
10 28
10 70
10 15
10 55
10 38
10 83
10 46
10 79
10 96
10 35
10 34
10 3
10 87
10 21
96 95
96 0
96 67
96 32
96 52
96 31
96 91
96 12
96 45
96 27
96 62
96 18
96 41
96 8
96 64
84 57
84 95
84 27
84 43
84 41
84 15
84 64
84 52
84 46
84 28
84 18
84 51
84 45
84 97
84 70
84 30
84 37
84 12
84 24
4 35
4 15
4 83
4 82
4 88
4 25
4 39
4 68
4 12
4 47
4 97
4 44
4 38
4 27
4 92
4 95
4 48
4 72
4 77
40 63
40 34
40 12
40 83
40 95
40 21
40 82
40 48
40 68
40 27
40 44
40 25
40 37
40 3
40 62
40 57
40 15
65 11
65 92
65 78
65 27
65 55
65 1
65 28
65 8
65 12
65 62
65 97
65 73
65 39
65 63
65 93
65 70
65 98
65 77
65 21
65 31
47 11
47 93
47 41
47 70
47 69
47 24
47 91
47 73
47 32
47 62
47 45
47 43
47 7
47 8
47 81
47 67
20 34
20 76
20 92
20 25
20 44
20 37
20 57
20 1
20 95
20 83
20 97
20 77
20 82
20 63
25 81
25 11
25 69
25 55
25 73
25 8
25 62
25 41
25 64
25 79
25 32
25 67
25 7
25 91
25 70
25 98
17 35
17 44
17 63
17 87
17 1
17 70
17 30
17 73
17 46
17 15
17 21
17 78
17 3
17 48
17 34
17 72
17 77
17 83
17 52
17 97
32 82
32 21
32 57
32 48
32 34
32 83
32 92
32 76
32 44
32 15
32 97
21 94
21 91
21 81
21 26
63 91
63 24
63 45
63 41
63 43
44 0
44 93
44 8
44 43
44 24
44 31
44 81
44 67
44 98
44 91
44 7
44 69
44 41
94 37
94 46
94 3
94 28
94 48
94 52
94 82
94 34
94 78
94 18
94 39
94 79
94 95
94 87
94 93
94 72
94 38
94 51
94 70
26 51
26 7
26 0
26 35
26 68
26 98
26 28
26 30
26 43
26 1
26 79
26 52
26 69
26 31
26 64
26 27
26 67
26 41
26 70
31 57
31 45
31 95
31 82
31 3
45 92
45 77
45 76
45 78
45 48
45 1
45 35
45 38
45 83
45 88
45 79
45 72
3 98
3 64
3 92
3 24
3 43
3 67
3 8
3 0
3 41
76 11
76 27
76 81
76 70
76 18
76 64
76 91
76 52
76 69
76 24
76 67
76 98
76 43
76 41
91 88
91 97
91 72
91 78
91 34
91 82
91 92
8 72
8 34
8 48
8 88
8 38
8 51
8 95
67 48
67 39
67 15
67 1
67 82
67 57
67 34
67 78
95 7
95 69
95 81
95 43
95 73
24 82
24 48
24 87
24 72
24 39
0 48
0 97
0 38
0 34
41 82
41 38
41 83
41 72
41 37
72 81
72 43
72 69
72 57
72 64
81 27
81 57
81 37
81 97
81 88
81 51
81 82
81 39
81 83
30 48
82 11
82 64
82 62
70 35
87 27
34 43
34 69
48 43
62 88
