38 72
38 36
38 18
50 3
50 11
50 15
8 12
8 93
8 77
80 24
80 92
80 18
7 79
7 27
7 97
54 21
54 20
54 57
5 41
5 65
5 66
44 0
44 22
44 34
60 11
60 19
60 30
99 29
99 72
99 13
19 96
19 30
39 81
39 73
39 26
13 83
13 48
70 32
70 84
70 28
56 46
56 23
56 76
90 97
90 88
90 28
78 67
78 6
78 2
49 29
49 35
49 69
52 62
52 4
52 77
73 31
73 64
92 89
92 24
40 95
40 2
40 6
89 20
89 24
17 37
17 65
17 0
25 98
25 55
25 4
45 82
45 51
45 53
82 55
82 26
15 42
15 53
12 63
12 93
22 34
22 91
75 34
75 18
75 43
86 46
86 87
86 85
10 9
10 61
10 91
20 21
62 93
62 77
2 6
31 64
31 36
76 37
76 98
71 30
71 74
71 88
84 72
84 26
16 58
16 1
16 68
61 91
61 9
23 47
23 46
69 85
69 33
42 74
42 43
59 94
59 67
59 32
88 74
57 95
57 21
37 0
85 87
63 83
63 96
96 68
55 98
33 81
33 14
79 27
79 9
3 11
3 83
51 95
51 53
67 48
47 29
47 43
1 58
1 36
94 68
94 64
32 4
41 87
41 66
28 48
14 81
14 66
35 58
35 65
97 27
