14 88
14 67
14 42
14 32
14 51
14 62
14 3
14 28
14 15
14 63
14 69
14 95
14 37
14 43
14 72
14 81
14 98
14 7
14 0
14 40
74 43
74 68
74 27
74 51
74 0
74 21
74 61
74 96
74 87
74 98
74 1
74 67
74 79
74 55
74 52
74 46
74 33
74 41
74 34
74 37
50 43
50 46
50 92
50 32
50 82
50 77
50 24
50 63
50 31
50 70
50 69
50 78
50 86
50 28
50 47
50 95
50 89
50 67
50 35
50 12
6 41
6 43
6 48
6 52
6 32
6 71
6 8
6 37
6 47
6 79
6 3
6 72
6 35
6 16
6 7
6 20
6 21
6 91
6 45
6 81
53 73
53 67
53 70
53 3
53 56
53 28
53 11
53 39
53 43
53 7
53 51
53 57
53 96
53 41
53 88
53 62
53 76
53 0
53 72
53 55
60 20
60 11
60 41
60 89
60 72
60 17
60 76
60 70
60 24
60 97
60 77
60 83
60 52
60 32
60 43
60 35
60 79
60 75
60 91
60 55
29 63
29 55
29 67
29 79
29 34
29 92
29 9
29 64
29 49
29 72
29 38
29 91
29 88
29 26
29 27
29 81
29 31
29 28
29 83
29 43
90 51
90 43
90 98
90 35
90 37
90 93
90 25
90 45
90 47
90 44
90 3
90 46
90 69
90 65
90 22
90 83
90 40
90 79
90 7
90 97
59 88
59 24
59 35
59 28
59 72
59 77
59 52
59 55
59 30
59 95
59 46
59 98
59 8
59 0
59 56
59 37
59 2
59 10
59 84
59 15
36 92
36 84
36 70
36 24
36 62
36 51
36 47
36 39
36 12
36 83
36 11
36 30
36 27
36 34
36 88
36 56
36 46
36 78
36 20
36 48
66 68
66 69
66 34
66 96
66 95
66 52
66 55
66 21
66 7
66 1
66 0
66 97
66 81
66 76
66 89
66 83
66 77
66 20
66 24
66 51
23 28
23 11
23 35
23 20
23 62
23 55
23 44
23 56
23 41
23 96
23 93
23 81
23 69
23 57
23 78
23 15
23 80
23 51
23 39
23 26
13 25
13 68
13 38
13 78
13 28
13 93
13 64
13 32
13 92
13 27
13 97
13 7
13 11
13 91
13 4
13 3
13 67
13 69
13 1
13 82
99 1
99 57
99 56
99 32
99 18
99 5
99 70
99 28
99 19
99 76
99 81
99 45
99 96
99 62
99 68
99 10
99 89
99 48
99 15
99 43
16 52
16 55
16 37
16 35
16 9
16 80
16 77
16 57
16 22
16 64
16 63
16 87
16 73
16 21
16 85
16 18
16 41
16 94
16 31
58 38
58 52
58 39
58 12
58 17
58 41
58 83
58 98
58 87
58 92
58 35
58 48
58 91
58 57
58 73
58 2
58 85
58 30
58 64
58 51
61 4
61 0
61 27
61 51
61 44
61 46
61 30
61 57
61 28
61 12
61 38
61 73
61 47
61 19
61 7
61 18
61 87
61 91
61 1
80 78
80 39
80 77
80 43
80 28
80 55
80 30
80 64
80 12
80 97
80 41
80 82
80 31
80 45
80 15
80 91
80 95
80 85
49 67
49 54
49 37
49 26
49 21
49 85
49 79
49 64
49 27
49 48
49 95
49 11
49 78
49 75
49 98
49 57
49 70
49 34
49 8
5 10
5 64
5 73
5 81
5 57
5 39
5 11
5 91
5 78
5 21
5 86
5 8
5 12
5 82
5 37
5 88
5 42
5 25
5 18
22 69
22 83
22 28
22 78
22 71
22 81
22 72
22 98
22 55
22 47
22 41
22 85
22 18
22 63
22 68
22 93
22 25
22 77
89 64
89 52
89 78
89 69
89 1
89 45
89 65
89 18
89 21
89 76
89 24
89 70
89 67
89 15
89 92
89 9
33 19
33 45
33 52
33 44
33 51
33 30
33 21
33 15
33 91
33 77
33 41
33 69
33 55
33 64
33 7
33 78
33 57
33 43
33 32
42 87
42 35
42 94
42 98
42 84
42 26
42 15
42 34
42 38
42 62
42 40
42 88
42 12
42 39
42 0
42 64
42 68
42 9
75 15
75 9
75 41
75 34
75 30
75 73
75 51
75 63
75 91
75 19
75 10
75 25
75 38
75 11
75 94
75 39
75 1
75 64
85 15
85 48
85 46
85 83
85 84
85 79
85 65
85 72
85 62
85 57
85 4
85 12
85 8
85 70
85 25
2 7
2 44
2 26
2 15
2 68
2 51
2 73
2 20
2 56
2 35
2 67
2 30
2 39
2 55
2 12
2 82
2 0
2 86
54 93
54 87
54 45
54 98
54 26
54 82
54 57
54 15
54 43
54 83
54 51
54 35
54 37
54 40
54 97
54 95
54 44
54 96
54 65
71 28
71 62
71 3
71 63
71 17
71 21
71 20
71 82
71 35
71 1
71 79
71 70
71 87
71 11
71 39
71 77
71 69
71 48
19 72
19 69
19 57
19 98
19 18
19 79
19 21
19 24
19 68
19 63
19 81
19 44
19 64
19 4
19 83
19 62
9 3
9 55
9 37
9 68
9 78
9 4
9 81
9 73
9 88
9 1
9 31
9 93
9 34
9 38
9 63
86 8
86 11
86 21
86 32
86 12
86 87
86 62
86 10
86 7
86 97
86 65
86 81
86 17
86 1
86 46
86 30
86 27
56 32
56 39
56 43
56 46
56 83
56 31
56 38
56 4
56 25
56 69
56 28
56 48
56 87
56 73
10 18
10 92
10 98
10 15
10 88
10 48
10 94
10 35
10 95
10 51
10 8
10 24
10 1
10 37
10 39
96 84
96 95
96 40
96 48
96 57
96 38
96 64
96 3
96 70
96 78
96 15
96 92
96 68
96 87
84 87
84 81
84 73
84 88
84 39
84 64
84 77
84 4
84 15
84 45
84 83
84 31
84 1
84 37
84 70
4 77
4 88
4 27
4 62
4 78
4 8
4 81
4 18
4 70
4 31
4 28
4 69
4 67
40 52
40 87
40 30
40 28
40 48
40 76
40 8
40 67
40 69
40 97
40 12
40 7
40 82
40 92
40 44
65 97
65 79
65 31
65 55
65 43
65 32
65 27
65 26
65 57
65 25
65 92
65 17
65 73
65 37
65 93
47 76
47 45
47 44
47 87
47 7
47 67
47 37
47 83
47 68
47 48
47 46
47 55
47 24
47 69
20 37
20 83
20 93
20 11
20 12
20 35
20 39
20 51
20 30
20 0
20 38
20 18
20 28
25 48
25 92
25 30
25 11
25 46
25 78
25 93
25 43
25 3
25 38
25 83
25 68
17 78
17 24
17 34
17 55
17 79
17 93
17 57
17 76
17 7
17 18
17 68
17 12
17 32
17 1
17 67
32 97
32 21
32 81
32 52
32 27
32 72
32 78
32 7
32 62
21 27
21 1
21 30
21 70
21 11
21 8
21 55
21 79
63 45
63 73
63 28
63 0
63 94
63 26
63 1
63 98
63 64
63 3
63 46
44 73
44 31
44 35
44 12
44 18
44 68
44 11
44 77
44 30
44 26
44 51
94 52
94 73
94 67
94 62
94 51
94 83
94 95
94 18
94 1
94 3
94 34
94 27
94 97
94 31
94 93
26 48
26 87
26 35
26 64
26 72
26 41
26 52
26 18
26 95
26 77
26 34
31 77
31 43
31 97
31 38
31 27
31 46
31 73
31 70
31 68
45 83
45 55
45 38
45 24
45 12
45 91
45 52
45 79
45 30
45 18
3 35
3 7
3 55
3 24
3 97
3 72
3 43
3 82
3 0
76 78
76 7
76 34
76 48
76 52
76 88
76 46
76 87
76 93
76 51
76 73
76 97
91 41
91 52
91 34
91 79
91 35
91 82
91 88
91 77
91 57
8 12
8 82
8 18
8 11
8 87
8 88
8 62
8 93
8 48
8 79
67 43
67 70
67 95
67 51
67 88
67 7
98 68
98 92
98 30
98 37
98 72
98 27
98 11
98 48
95 34
95 82
95 92
95 18
95 0
95 35
95 93
95 78
24 39
24 77
24 83
24 97
24 30
24 82
24 69
24 52
0 72
0 68
0 12
0 82
0 51
0 88
0 15
0 27
41 28
41 27
41 93
41 77
41 92
41 69
41 46
38 34
38 73
38 15
38 1
38 68
38 27
38 11
72 92
72 55
72 68
72 70
72 52
72 37
81 48
81 37
81 92
81 62
81 83
81 97
30 70
30 15
30 39
97 12
97 93
97 82
97 37
82 12
82 11
82 69
82 62
82 39
70 62
70 57
70 27
87 78
87 7
87 77
87 46
92 88
92 37
92 7
92 48
34 93
34 46
34 88
34 69
34 73
46 62
46 7
46 48
27 93
27 1
1 68
1 15
79 62
79 64
79 35
79 93
79 77
57 18
57 64
57 43
78 18
28 39
28 77
62 12
39 69
39 15
11 88
11 73
18 88
64 43
64 73
52 83
52 93
