binom	1	0	0.15	0.14541	0.50002
binom	1	0.01	0.15	0.14896	0.500816
binom	1	0.02	0.15	0.14779	0.50178
binom	1	0.03	0.15	0.14513	0.503611
binom	1	0.05	0.15	0.14749	0.5054
binom	1	0.07	0.15	0.14756	0.507475
binom	1	0.08	0.15	0.1475	0.509342
binom	1	0.1	0.15	0.14674	0.511069
binom	1	0.2	0.15	0.14414	0.522421
binom	1	0.3	0.15	0.1399	0.533678
binom	1	0.4	0.15	0.13348	0.545111
binom	1	0.5	0.15	0.12596	0.556601
binom	1	0.6	0.15	0.11823	0.568339
binom	1	0.7	0.15	0.1096	0.581143
binom	1	0.8	0.15	0.10449	0.593376
binom	1	0.9	0.15	0.0939	0.605953
