binom	1	0	0.15	0.14728	0.500013
binom	1	0.01	0.15	0.14741	0.501208
binom	1	0.02	0.15	0.14799	0.502388
binom	1	0.03	0.15	0.14697	0.503352
binom	1	0.05	0.15	0.14822	0.505118
binom	1	0.07	0.15	0.148	0.507678
binom	1	0.08	0.15	0.14779	0.508547
binom	1	0.1	0.15	0.14785	0.511759
binom	1	0.2	0.15	0.1445	0.522083
binom	1	0.3	0.15	0.13972	0.53377
binom	1	0.4	0.15	0.13417	0.545955
binom	1	0.5	0.15	0.12781	0.557642
binom	1	0.6	0.15	0.11963	0.568122
binom	1	0.7	0.15	0.11329	0.580278
binom	1	0.8	0.15	0.10482	0.593009
binom	1	0.9	0.15	0.09424	0.606376
