binom	1	0	0.15	0.14477	0.499458
binom	1	0.01	0.15	0.14582	0.501817
binom	1	0.02	0.15	0.14604	0.501699
binom	1	0.03	0.15	0.14453	0.503464
binom	1	0.05	0.15	0.14406	0.505407
binom	1	0.07	0.15	0.14306	0.508294
binom	1	0.08	0.15	0.14502	0.508717
binom	1	0.1	0.15	0.14525	0.511272
binom	1	0.2	0.15	0.144	0.522892
binom	1	0.3	0.15	0.13858	0.535959
binom	1	0.4	0.15	0.13299	0.546564
binom	1	0.5	0.15	0.12532	0.559887
binom	1	0.6	0.15	0.11715	0.571264
binom	1	0.7	0.15	0.10946	0.584832
binom	1	0.8	0.15	0.10208	0.597467
binom	1	0.9	0.15	0.0926	0.611208
