binom	1	0	0.15	0.1376	0.500408
binom	1	0.01	0.15	0.13971	0.501008
binom	1	0.02	0.15	0.1358	0.502244
binom	1	0.03	0.15	0.13661	0.502061
binom	1	0.05	0.15	0.13663	0.50381
binom	1	0.07	0.15	0.13465	0.505459
binom	1	0.08	0.15	0.13718	0.505542
binom	1	0.1	0.15	0.13629	0.50837
binom	1	0.2	0.15	0.13336	0.515256
binom	1	0.3	0.15	0.129	0.523919
binom	1	0.4	0.15	0.12393	0.530946
binom	1	0.5	0.15	0.11739	0.539692
binom	1	0.6	0.15	0.11142	0.548612
binom	1	0.7	0.15	0.1008	0.557035
binom	1	0.8	0.15	0.09553	0.565884
binom	1	0.9	0.15	0.08709	0.575316
