binom	1	0	0.15	0.1424	0.500074
binom	1	0.01	0.15	0.14127	0.501209
binom	1	0.02	0.15	0.14017	0.501852
binom	1	0.03	0.15	0.14031	0.502747
binom	1	0.05	0.15	0.14151	0.50419
binom	1	0.07	0.15	0.14173	0.505844
binom	1	0.08	0.15	0.13953	0.506627
binom	1	0.1	0.15	0.13775	0.507785
binom	1	0.2	0.15	0.13809	0.516138
binom	1	0.3	0.15	0.13214	0.52344
binom	1	0.4	0.15	0.127	0.532227
binom	1	0.5	0.15	0.12081	0.541448
binom	1	0.6	0.15	0.11287	0.549436
binom	1	0.7	0.15	0.10478	0.55832
binom	1	0.8	0.15	0.09816	0.566814
binom	1	0.9	0.15	0.08943	0.575122
