binom	1	0	0.15	0.13119	0.500273
binom	1	0.01	0.15	0.13405	0.500637
binom	1	0.02	0.15	0.13393	0.501775
binom	1	0.03	0.15	0.13171	0.5021
binom	1	0.05	0.15	0.13322	0.503263
binom	1	0.07	0.15	0.13425	0.504645
binom	1	0.08	0.15	0.13412	0.505388
binom	1	0.1	0.15	0.13254	0.506378
binom	1	0.2	0.15	0.13073	0.511768
binom	1	0.3	0.15	0.12687	0.519168
binom	1	0.4	0.15	0.12159	0.525109
binom	1	0.5	0.15	0.11394	0.530873
binom	1	0.6	0.15	0.10672	0.53734
binom	1	0.7	0.15	0.10138	0.544058
binom	1	0.8	0.15	0.09365	0.551089
binom	1	0.9	0.15	0.08602	0.556622
