binom	1	0	0.15	0.13528	0.500265
binom	1	0.01	0.15	0.13336	0.500189
binom	1	0.02	0.15	0.13351	0.502067
binom	1	0.03	0.15	0.1356	0.502222
binom	1	0.05	0.15	0.13176	0.503043
binom	1	0.07	0.15	0.13462	0.505623
binom	1	0.08	0.15	0.13253	0.505914
binom	1	0.1	0.15	0.13147	0.507008
binom	1	0.2	0.15	0.1317	0.513088
binom	1	0.3	0.15	0.12717	0.518725
binom	1	0.4	0.15	0.12227	0.52493
binom	1	0.5	0.15	0.11432	0.531894
binom	1	0.6	0.15	0.10754	0.538597
binom	1	0.7	0.15	0.09946	0.544998
binom	1	0.8	0.15	0.09251	0.551188
binom	1	0.9	0.15	0.08404	0.558641
