binom	1	0	0.15	0.13499	0.500402
binom	1	0.01	0.15	0.13407	0.500831
binom	1	0.02	0.15	0.13524	0.500714
binom	1	0.03	0.15	0.13759	0.501816
binom	1	0.05	0.15	0.13497	0.502134
binom	1	0.07	0.15	0.1344	0.504303
binom	1	0.08	0.15	0.13458	0.504718
binom	1	0.1	0.15	0.13405	0.505899
binom	1	0.2	0.15	0.13052	0.511875
binom	1	0.3	0.15	0.12876	0.51795
binom	1	0.4	0.15	0.12272	0.524366
binom	1	0.5	0.15	0.11604	0.530317
binom	1	0.6	0.15	0.10729	0.537508
binom	1	0.7	0.15	0.10022	0.543341
binom	1	0.8	0.15	0.09479	0.54989
binom	1	0.9	0.15	0.08495	0.555575
