binom	1	0	0.15	0.13643	0.499541
binom	1	0.01	0.15	0.13759	0.500922
binom	1	0.02	0.15	0.13821	0.502053
binom	1	0.03	0.15	0.13855	0.501719
binom	1	0.05	0.15	0.1385	0.502682
binom	1	0.07	0.15	0.13761	0.504706
binom	1	0.08	0.15	0.1385	0.504719
binom	1	0.1	0.15	0.13811	0.506605
binom	1	0.2	0.15	0.13471	0.512926
binom	1	0.3	0.15	0.13105	0.519229
binom	1	0.4	0.15	0.12518	0.525463
binom	1	0.5	0.15	0.1195	0.532659
binom	1	0.6	0.15	0.10893	0.538938
binom	1	0.7	0.15	0.1056	0.544718
binom	1	0.8	0.15	0.09524	0.551986
binom	1	0.9	0.15	0.0883	0.558187
