binom	1	0	0.15	0.15723	0.500532
binom	1	0.01	0.15	0.15807	0.500056
binom	1	0.02	0.15	0.15494	0.500656
binom	1	0.03	0.15	0.15715	0.500677
binom	1	0.05	0.15	0.15452	0.501112
binom	1	0.07	0.15	0.15542	0.501758
binom	1	0.08	0.15	0.15583	0.502604
binom	1	0.1	0.15	0.15592	0.50204
binom	1	0.2	0.15	0.1537	0.504937
binom	1	0.3	0.15	0.14743	0.507688
binom	1	0.4	0.15	0.14209	0.50982
binom	1	0.5	0.15	0.13385	0.512613
binom	1	0.6	0.15	0.12656	0.514749
binom	1	0.7	0.15	0.11626	0.517638
binom	1	0.8	0.15	0.10956	0.519686
binom	1	0.9	0.15	0.09897	0.521271
