binom	1	0	0.15	0.13479	0.500136
binom	1	0.01	0.15	0.13672	0.501072
binom	1	0.02	0.15	0.13553	0.500564
binom	1	0.03	0.15	0.13429	0.500928
binom	1	0.05	0.15	0.13593	0.501783
binom	1	0.07	0.15	0.13587	0.502309
binom	1	0.08	0.15	0.13559	0.502078
binom	1	0.1	0.15	0.13553	0.502554
binom	1	0.2	0.15	0.13083	0.504771
binom	1	0.3	0.15	0.12797	0.50723
binom	1	0.4	0.15	0.11979	0.511098
binom	1	0.5	0.15	0.11623	0.512985
binom	1	0.6	0.15	0.10973	0.515428
binom	1	0.7	0.15	0.10013	0.517248
binom	1	0.8	0.15	0.09299	0.519914
binom	1	0.9	0.15	0.08478	0.52291
