binom	1	0	0.15	0.1288	0.501019
binom	1	0.01	0.15	0.13073	0.50206
binom	1	0.02	0.15	0.13049	0.504309
binom	1	0.03	0.15	0.13121	0.50608
binom	1	0.05	0.15	0.13058	0.510955
binom	1	0.07	0.15	0.12956	0.51522
binom	1	0.08	0.15	0.12855	0.518234
binom	1	0.1	0.15	0.12927	0.522316
binom	1	0.2	0.15	0.12744	0.544617
binom	1	0.3	0.15	0.12456	0.56821
binom	1	0.4	0.15	0.11827	0.589535
binom	1	0.5	0.15	0.11215	0.612471
binom	1	0.6	0.15	0.10383	0.634501
binom	1	0.7	0.15	0.09748	0.657743
binom	1	0.8	0.15	0.08968	0.679664
binom	1	0.9	0.15	0.08106	0.701897
