binom	1	0	0.15	0.12992	0.500657
binom	1	0.01	0.15	0.13114	0.501885
binom	1	0.02	0.15	0.13202	0.503721
binom	1	0.03	0.15	0.13325	0.505779
binom	1	0.05	0.15	0.13152	0.509186
binom	1	0.07	0.15	0.13115	0.512278
binom	1	0.08	0.15	0.13254	0.513293
binom	1	0.1	0.15	0.13032	0.517017
binom	1	0.2	0.15	0.12941	0.535605
binom	1	0.3	0.15	0.12523	0.553308
binom	1	0.4	0.15	0.12249	0.571508
binom	1	0.5	0.15	0.11342	0.589139
binom	1	0.6	0.15	0.10379	0.607987
binom	1	0.7	0.15	0.09864	0.625558
binom	1	0.8	0.15	0.09096	0.644252
binom	1	0.9	0.15	0.08182	0.662864
