binom	1	0	0.15	0.12687	0.500605
binom	1	0.01	0.15	0.12859	0.502478
binom	1	0.02	0.15	0.12768	0.504605
binom	1	0.03	0.15	0.12749	0.507705
binom	1	0.05	0.15	0.12659	0.513041
binom	1	0.07	0.15	0.12614	0.51737
binom	1	0.08	0.15	0.12644	0.519769
binom	1	0.1	0.15	0.12739	0.525856
binom	1	0.2	0.15	0.12344	0.551351
binom	1	0.3	0.15	0.11806	0.576125
binom	1	0.4	0.15	0.11355	0.603694
binom	1	0.5	0.15	0.10365	0.632337
binom	1	0.6	0.15	0.0972	0.661532
binom	1	0.7	0.15	0.08916	0.690437
binom	1	0.8	0.15	0.07943	0.721562
binom	1	0.9	0.15	0.07312	0.754041
