binom	1	0	0.15	0.138	0.500375
binom	1	0.01	0.15	0.13553	0.501884
binom	1	0.02	0.15	0.13695	0.503455
binom	1	0.03	0.15	0.13676	0.505003
binom	1	0.05	0.15	0.13606	0.508341
binom	1	0.07	0.15	0.13556	0.512058
binom	1	0.08	0.15	0.13673	0.512937
binom	1	0.1	0.15	0.13548	0.517076
binom	1	0.2	0.15	0.1318	0.534574
binom	1	0.3	0.15	0.12736	0.552356
binom	1	0.4	0.15	0.12148	0.570782
binom	1	0.5	0.15	0.11401	0.589123
binom	1	0.6	0.15	0.10477	0.608443
binom	1	0.7	0.15	0.09718	0.626819
binom	1	0.8	0.15	0.08687	0.649294
binom	1	0.9	0.15	0.0766	0.671914
