binom	1	0	0.01	0.02103	0.499881
binom	1	0.01	0.01	0.0224	0.500629
binom	1	0.02	0.01	0.02204	0.499705
binom	1	0.03	0.01	0.02096	0.502366
binom	1	0.05	0.01	0.02155	0.504408
binom	1	0.07	0.01	0.02264	0.506047
binom	1	0.08	0.01	0.02104	0.505585
binom	1	0.1	0.01	0.02139	0.508074
binom	1	0.2	0.01	0.02219	0.516647
binom	1	0.3	0.01	0.02129	0.524396
binom	1	0.4	0.01	0.01981	0.53268
binom	1	0.5	0.01	0.01877	0.539904
binom	1	0.6	0.01	0.01804	0.547295
binom	1	0.7	0.01	0.01698	0.553905
binom	1	0.8	0.01	0.01655	0.562695
binom	1	0.9	0.01	0.01502	0.572077
