binom	1	0	0.01	0.02055	0.500302
binom	1	0.01	0.01	0.02068	0.502447
binom	1	0.02	0.01	0.02135	0.503892
binom	1	0.03	0.01	0.0203	0.504079
binom	1	0.05	0.01	0.02042	0.505896
binom	1	0.07	0.01	0.02103	0.509296
binom	1	0.08	0.01	0.01982	0.511448
binom	1	0.1	0.01	0.02118	0.511676
binom	1	0.2	0.01	0.02043	0.527964
binom	1	0.3	0.01	0.01977	0.5404
binom	1	0.4	0.01	0.0184	0.552538
binom	1	0.5	0.01	0.01845	0.566038
binom	1	0.6	0.01	0.01715	0.580315
binom	1	0.7	0.01	0.01722	0.592247
binom	1	0.8	0.01	0.0157	0.608427
binom	1	0.9	0.01	0.01387	0.623129
