binom	1	0	0.01	0.02087	0.498793
binom	1	0.01	0.01	0.02103	0.502511
binom	1	0.02	0.01	0.0206	0.502985
binom	1	0.03	0.01	0.0206	0.500883
binom	1	0.05	0.01	0.02119	0.50563
binom	1	0.07	0.01	0.0206	0.50783
binom	1	0.08	0.01	0.02064	0.509869
binom	1	0.1	0.01	0.02023	0.513233
binom	1	0.2	0.01	0.02053	0.527
binom	1	0.3	0.01	0.01966	0.539924
binom	1	0.4	0.01	0.01917	0.552342
binom	1	0.5	0.01	0.01782	0.566403
binom	1	0.6	0.01	0.0171	0.577743
binom	1	0.7	0.01	0.01671	0.592944
binom	1	0.8	0.01	0.01457	0.606287
binom	1	0.9	0.01	0.0139	0.623151
