binom	1	0	0.15	0.15328	0.500294
binom	1	0.01	0.15	0.14962	0.501321
binom	1	0.02	0.15	0.15442	0.503915
binom	1	0.03	0.15	0.15029	0.505809
binom	1	0.05	0.15	0.1516	0.508695
binom	1	0.07	0.15	0.15184	0.511839
binom	1	0.08	0.15	0.15053	0.514471
binom	1	0.1	0.15	0.15037	0.518561
binom	1	0.2	0.15	0.14842	0.536127
binom	1	0.3	0.15	0.14354	0.554457
binom	1	0.4	0.15	0.13563	0.571745
binom	1	0.5	0.15	0.13159	0.590958
binom	1	0.6	0.15	0.12298	0.609693
binom	1	0.7	0.15	0.114	0.629189
binom	1	0.8	0.15	0.1053	0.649262
binom	1	0.9	0.15	0.09549	0.66919
