binom	1	0	0.15	0.12712	0.499837
binom	1	0.01	0.15	0.12759	0.500418
binom	1	0.02	0.15	0.13048	0.500933
binom	1	0.03	0.15	0.12747	0.500962
binom	1	0.05	0.15	0.12845	0.50301
binom	1	0.07	0.15	0.12759	0.503456
binom	1	0.08	0.15	0.12765	0.504395
binom	1	0.1	0.15	0.12852	0.505617
binom	1	0.2	0.15	0.1234	0.511647
binom	1	0.3	0.15	0.12115	0.518036
binom	1	0.4	0.15	0.11519	0.523695
binom	1	0.5	0.15	0.11008	0.529577
binom	1	0.6	0.15	0.10322	0.535894
binom	1	0.7	0.15	0.09592	0.540793
binom	1	0.8	0.15	0.08896	0.546721
binom	1	0.9	0.15	0.07852	0.551407
