binom	1	0	0.15	0.12906	0.499891
binom	1	0.01	0.15	0.12898	0.500592
binom	1	0.02	0.15	0.12941	0.501593
binom	1	0.03	0.15	0.13018	0.502383
binom	1	0.05	0.15	0.12799	0.504237
binom	1	0.07	0.15	0.12904	0.504685
binom	1	0.08	0.15	0.12791	0.505674
binom	1	0.1	0.15	0.12816	0.506534
binom	1	0.2	0.15	0.12728	0.512934
binom	1	0.3	0.15	0.12382	0.519424
binom	1	0.4	0.15	0.11652	0.525801
binom	1	0.5	0.15	0.11347	0.532143
binom	1	0.6	0.15	0.10334	0.538933
binom	1	0.7	0.15	0.09698	0.544478
binom	1	0.8	0.15	0.0889	0.550432
binom	1	0.9	0.15	0.08124	0.557878
