7 33
7 60
7 53
33 60
33 53
60 53
22 53
22 7
22 33
13 33
13 7
13 60
46 7
46 60
46 33
49 33
49 60
49 7
25 33
25 7
25 60
65 60
65 33
65 7
58 33
58 60
58 65
16 33
16 22
16 46
78 60
78 33
78 7
9 13
9 46
9 33
20 7
20 33
20 60
73 33
73 60
73 7
42 60
42 33
42 46
75 33
75 7
75 60
51 33
51 7
51 60
37 7
37 33
37 60
41 33
41 60
41 7
44 33
44 60
44 41
56 60
56 33
56 7
34 60
34 7
34 33
74 33
74 7
74 60
35 33
35 60
35 7
71 60
71 7
71 33
19 60
19 7
19 33
40 60
40 33
40 7
91 33
91 60
91 7
6 7
6 33
6 60
39 33
39 60
39 7
21 60
21 33
21 7
14 33
14 60
14 7
76 33
76 7
76 75
77 60
77 33
77 7
87 33
87 60
87 7
24 33
24 60
24 7
64 60
64 7
64 33
30 60
30 7
30 33
93 60
93 7
93 33
12 33
12 60
12 7
61 33
61 60
61 7
26 33
26 7
26 60
88 33
88 60
88 7
98 33
98 7
98 60
47 33
47 7
47 60
48 60
48 7
48 33
31 33
31 7
31 60
28 7
28 60
28 33
67 33
67 87
67 7
2 64
2 33
2 7
15 7
15 60
15 33
70 33
70 60
70 7
29 7
29 33
29 60
66 33
66 7
66 60
80 33
80 60
80 7
92 60
92 7
92 33
84 60
84 7
84 33
52 33
52 60
52 7
17 7
17 60
17 33
50 33
50 7
50 60
82 60
82 7
82 33
62 33
62 7
62 60
86 33
86 7
86 60
83 60
83 7
83 33
57 60
57 33
57 7
18 60
18 33
18 7
97 60
97 33
97 7
32 33
32 7
32 60
94 60
94 33
94 7
1 7
1 33
1 60
89 7
89 33
89 60
72 33
72 7
72 60
23 33
23 7
23 60
69 33
69 60
69 7
79 60
79 33
79 7
3 7
3 33
3 60
43 60
43 33
43 7
36 33
36 60
36 7
96 33
96 7
96 60
68 60
68 33
68 7
45 60
45 7
45 33
99 33
99 7
99 60
59 60
59 7
59 33
11 33
11 7
11 60
38 60
38 33
38 7
54 7
54 60
54 33
90 33
90 7
90 60
55 33
55 60
55 7
4 60
4 33
4 7
85 60
85 7
85 33
10 33
10 60
10 7
8 60
8 7
8 33
27 60
27 33
27 7
63 33
63 60
63 7
5 33
5 7
5 60
95 33
95 7
95 60
81 7
81 33
81 60
0 33
0 7
0 60
