16 23
16 84
16 33
16 31
16 53
16 54
16 42
16 74
16 0
16 48
23 84
23 33
23 31
23 53
23 54
23 42
23 74
23 0
23 48
84 33
84 31
84 53
84 54
84 42
84 74
84 0
84 48
33 31
33 53
33 54
33 42
33 74
33 0
33 48
31 53
31 54
31 42
31 74
31 0
31 48
53 54
53 42
53 74
53 0
53 48
54 42
54 74
54 0
54 48
42 74
42 0
42 48
74 0
74 48
0 48
8 0
8 48
8 23
8 33
8 53
8 42
8 84
8 16
8 54
8 31
4 84
4 53
4 33
4 16
4 42
4 48
4 54
4 74
4 8
4 31
7 53
7 33
7 0
7 8
7 23
7 84
7 42
7 4
7 74
7 54
27 23
27 31
27 53
27 33
27 4
27 84
27 0
27 42
27 74
27 54
93 42
93 16
93 33
93 7
93 48
93 23
93 0
93 53
93 8
93 27
2 27
2 48
2 53
2 33
2 93
2 42
2 23
2 54
2 0
2 16
77 93
77 53
77 4
77 42
77 84
77 33
77 31
77 0
77 48
77 16
64 74
64 27
64 42
64 48
64 33
64 23
64 7
64 53
64 54
64 31
66 48
66 84
66 53
66 33
66 23
66 0
66 16
66 4
66 42
66 77
97 7
97 23
97 33
97 53
97 16
97 0
97 48
97 42
97 84
97 54
85 23
85 53
85 27
85 0
85 16
85 48
85 42
85 8
85 64
85 54
88 42
88 33
88 53
88 48
88 64
88 84
88 54
88 85
88 66
88 0
40 42
40 16
40 0
40 23
40 53
40 33
40 54
40 48
40 2
40 84
20 23
20 53
20 74
20 54
20 42
20 33
20 48
20 16
20 93
20 7
94 16
94 53
94 0
94 7
94 27
94 23
94 42
94 84
94 54
94 8
17 54
17 23
17 27
17 0
17 33
17 48
17 8
17 42
17 4
17 16
63 33
63 16
63 53
63 8
63 54
63 48
63 84
63 42
63 0
63 23
28 16
28 23
28 0
28 27
28 8
28 42
28 31
28 54
28 93
28 53
83 84
83 33
83 0
83 27
83 2
83 53
83 42
83 23
83 16
83 7
6 33
6 7
6 53
6 23
6 48
6 0
6 74
6 42
6 16
6 31
10 16
10 42
10 53
10 23
10 33
10 74
10 0
10 88
10 84
10 48
13 42
13 84
13 33
13 23
13 16
13 0
13 48
13 27
13 6
13 54
89 42
89 0
89 53
89 23
89 7
89 2
89 33
89 48
89 16
89 54
9 0
9 48
9 54
9 33
9 27
9 53
9 23
9 42
9 4
9 93
60 53
60 33
60 23
60 42
60 16
60 17
60 54
60 0
60 48
60 84
1 42
1 23
1 84
1 7
1 16
1 33
1 31
1 53
1 0
1 54
65 33
65 16
65 54
65 23
65 0
65 53
65 42
65 48
65 84
65 97
61 42
61 53
61 0
61 23
61 48
61 27
61 4
61 33
61 54
61 16
86 54
86 23
86 48
86 33
86 16
86 42
86 53
86 0
86 31
86 74
68 84
68 42
68 16
68 53
68 93
68 0
68 74
68 54
68 33
68 23
79 23
79 42
79 8
79 54
79 33
79 16
79 0
79 53
79 7
79 27
18 48
18 53
18 54
18 0
18 16
18 23
18 42
18 4
18 84
18 33
55 0
55 16
55 42
55 33
55 27
55 53
55 7
55 48
55 54
55 23
24 53
24 54
24 42
24 23
24 68
24 0
24 33
24 74
24 84
24 16
57 53
57 42
57 54
57 0
57 84
57 48
57 16
57 33
57 23
57 31
96 16
96 42
96 54
96 33
96 48
96 93
96 66
96 0
96 74
96 53
37 53
37 42
37 16
37 23
37 33
37 48
37 54
37 0
37 31
37 84
56 33
56 0
56 53
56 42
56 54
56 48
56 16
56 7
56 93
56 8
58 84
58 42
58 23
58 53
58 33
58 16
58 0
58 88
58 54
58 48
75 16
75 48
75 53
75 27
75 42
75 23
75 33
75 0
75 84
75 54
72 93
72 48
72 54
72 16
72 53
72 33
72 0
72 42
72 18
72 23
32 54
32 0
32 33
32 23
32 16
32 48
32 42
32 53
32 84
32 31
11 48
11 23
11 37
11 42
11 53
11 66
11 33
11 16
11 72
11 84
36 42
36 53
36 23
36 54
36 0
36 33
36 48
36 16
36 84
36 8
34 33
34 42
34 54
34 53
34 23
34 0
34 16
34 48
34 4
34 84
43 0
43 48
43 42
43 16
43 23
43 53
43 33
43 84
43 54
43 8
12 23
12 33
12 54
12 53
12 48
12 74
12 16
12 0
12 42
12 84
71 42
71 16
71 0
71 33
71 7
71 53
71 84
71 48
71 23
71 54
21 54
21 33
21 8
21 42
21 23
21 53
21 48
21 16
21 0
21 84
14 48
14 42
14 31
14 0
14 54
14 84
14 53
14 33
14 16
14 23
82 16
82 33
82 54
82 0
82 48
82 84
82 42
82 4
82 53
82 23
35 48
35 23
35 84
35 42
35 33
35 0
35 53
35 54
35 16
35 7
49 0
49 33
49 53
49 16
49 7
49 23
49 48
49 84
49 93
49 42
29 42
29 33
29 23
29 54
29 53
29 16
29 6
29 48
29 0
29 84
62 48
62 42
62 54
62 0
62 16
62 23
62 33
62 53
62 31
62 27
38 16
38 53
38 48
38 54
38 33
38 42
38 23
38 7
38 0
38 84
3 48
3 0
3 54
3 42
3 53
3 16
3 33
3 23
3 84
3 27
70 54
70 84
70 33
70 23
70 53
70 0
70 63
70 42
70 6
70 16
73 16
73 0
73 42
73 23
73 48
73 84
73 33
73 53
73 27
73 8
26 0
26 23
26 16
26 33
26 42
26 53
26 54
26 84
26 48
26 27
67 33
67 84
67 16
67 42
67 53
67 0
67 54
67 48
67 23
67 27
98 33
98 0
98 23
98 84
98 48
98 53
98 54
98 42
98 16
98 7
80 0
80 33
80 42
80 16
80 54
80 48
80 53
80 23
80 84
80 74
46 48
46 23
46 33
46 53
46 54
46 84
46 16
46 42
46 0
46 27
59 16
59 53
59 33
59 54
59 0
59 23
59 48
59 84
59 42
59 7
47 48
47 23
47 42
47 16
47 33
47 53
47 54
47 84
47 0
47 4
69 16
69 33
69 23
69 42
69 53
69 48
69 84
69 54
69 0
69 7
87 53
87 48
87 33
87 16
87 42
87 54
87 23
87 0
87 84
87 27
95 0
95 33
95 48
95 42
95 23
95 53
95 84
95 16
95 54
95 31
39 54
39 53
39 23
39 48
39 33
39 84
39 42
39 16
39 0
39 31
15 0
15 42
15 48
15 33
15 23
15 53
15 7
15 54
15 16
15 84
19 54
19 42
19 16
19 48
19 84
19 0
19 53
19 23
19 33
19 31
44 42
44 54
44 33
44 16
44 23
44 53
44 0
44 84
44 48
44 27
5 23
5 16
5 33
5 48
5 53
5 54
5 0
5 42
5 84
5 74
92 53
92 42
92 16
92 54
92 33
92 0
92 48
92 23
92 7
92 84
81 0
81 33
81 84
81 53
81 42
81 54
81 16
81 23
81 48
81 7
50 23
50 48
50 42
50 84
50 0
50 33
50 53
50 16
50 54
50 8
52 16
52 0
52 53
52 33
52 48
52 84
52 54
52 23
52 7
52 42
22 53
22 42
22 16
22 33
22 0
22 23
22 54
22 48
22 84
22 8
30 54
30 16
30 33
30 48
30 42
30 53
30 84
30 23
30 0
30 27
25 0
25 48
25 33
25 53
25 16
25 54
25 42
25 84
25 23
25 43
90 23
90 33
90 16
90 53
90 42
90 84
90 48
90 54
90 0
90 31
45 53
45 33
45 16
45 48
45 84
45 0
45 42
45 23
45 54
45 27
76 48
76 84
76 53
76 33
76 42
76 16
76 23
76 54
76 0
76 27
51 54
51 48
51 53
51 33
51 42
51 16
51 23
51 4
51 0
51 84
99 23
99 53
99 45
99 0
99 33
99 42
99 54
99 84
99 16
99 48
78 0
78 23
78 16
78 84
78 53
78 42
78 48
78 33
78 31
78 54
41 23
41 16
41 0
41 54
41 48
41 53
41 84
41 33
41 42
41 15
91 53
91 54
91 42
91 84
91 33
91 23
91 16
91 48
91 0
91 59
