81 40
81 32
81 30
81 35
81 84
81 93
81 67
81 62
81 19
81 44
40 32
40 30
40 35
40 84
40 93
40 67
40 62
40 19
40 44
32 30
32 35
32 84
32 93
32 67
32 62
32 19
32 44
30 35
30 84
30 93
30 67
30 62
30 19
30 44
35 84
35 93
35 67
35 62
35 19
35 44
84 93
84 67
84 62
84 19
84 44
93 67
93 62
93 19
93 44
67 62
67 19
67 44
62 19
62 44
19 44
89 30
89 81
89 44
89 93
89 67
89 62
89 84
89 32
89 35
89 40
47 35
47 67
47 32
47 40
47 30
47 84
47 62
47 81
47 93
47 89
92 32
92 62
92 93
92 84
92 35
92 30
92 44
92 67
92 47
92 40
78 30
78 62
78 92
78 93
78 35
78 40
78 32
78 19
78 67
78 81
38 44
38 32
38 81
38 35
38 40
38 47
38 62
38 19
38 78
38 67
39 35
39 19
39 89
39 30
39 93
39 67
39 40
39 78
39 47
39 81
12 35
12 19
12 40
12 67
12 30
12 92
12 47
12 78
12 38
12 32
75 38
75 39
75 84
75 62
75 92
75 67
75 32
75 19
75 78
75 35
4 39
4 67
4 19
4 30
4 32
4 75
4 78
4 81
4 38
4 44
24 32
24 67
24 19
24 35
24 4
24 84
24 78
24 47
24 30
24 62
64 40
64 35
64 78
64 93
64 44
64 67
64 81
64 62
64 4
64 84
83 30
83 92
83 67
83 81
83 62
83 32
83 12
83 64
83 44
83 47
0 81
0 67
0 89
0 92
0 64
0 78
0 47
0 24
0 35
0 93
57 67
57 4
57 81
57 24
57 93
57 19
57 35
57 40
57 84
57 32
3 89
3 84
3 78
3 92
3 62
3 12
3 24
3 40
3 32
3 81
2 44
2 81
2 62
2 67
2 40
2 47
2 78
2 75
2 19
2 32
28 35
28 40
28 44
28 67
28 32
28 62
28 19
28 93
28 39
28 47
87 19
87 67
87 32
87 35
87 62
87 78
87 84
87 4
87 47
87 24
51 47
51 81
51 32
51 93
51 35
51 4
51 38
51 67
51 12
51 62
9 19
9 40
9 47
9 67
9 62
9 51
9 32
9 84
9 35
9 4
49 32
49 67
49 93
49 35
49 44
49 28
49 78
49 2
49 64
49 62
21 40
21 67
21 47
21 19
21 78
21 51
21 3
21 32
21 35
21 81
26 30
26 81
26 19
26 44
26 32
26 47
26 57
26 93
26 67
26 35
41 32
41 40
41 67
41 47
41 35
41 62
41 89
41 81
41 78
41 3
10 38
10 44
10 32
10 47
10 81
10 40
10 67
10 19
10 35
10 84
79 47
79 30
79 67
79 84
79 19
79 92
79 32
79 93
79 78
79 81
82 67
82 47
82 35
82 26
82 40
82 19
82 75
82 10
82 12
82 62
66 93
66 19
66 32
66 30
66 67
66 35
66 62
66 44
66 47
66 26
46 32
46 75
46 35
46 78
46 62
46 47
46 67
46 40
46 81
46 93
34 32
34 39
34 30
34 35
34 62
34 81
34 67
34 89
34 19
34 78
53 4
53 32
53 12
53 46
53 78
53 81
53 67
53 62
53 47
53 30
71 47
71 62
71 32
71 30
71 67
71 81
71 35
71 93
71 19
71 40
43 78
43 81
43 67
43 19
43 32
43 47
43 30
43 28
43 35
43 57
42 62
42 67
42 32
42 35
42 92
42 2
42 40
42 84
42 44
42 89
58 78
58 35
58 19
58 40
58 32
58 81
58 47
58 67
58 44
58 62
45 21
45 93
45 67
45 32
45 35
45 47
45 57
45 40
45 78
45 81
65 67
65 19
65 82
65 92
65 32
65 62
65 35
65 78
65 81
65 44
76 3
76 62
76 32
76 26
76 19
76 35
76 47
76 21
76 67
76 12
70 28
70 35
70 40
70 62
70 67
70 19
70 43
70 24
70 32
70 47
37 35
37 40
37 93
37 67
37 12
37 2
37 78
37 32
37 62
37 30
5 44
5 41
5 35
5 62
5 93
5 40
5 67
5 32
5 47
5 81
18 81
18 19
18 67
18 35
18 47
18 32
18 40
18 62
18 89
18 44
1 62
1 84
1 40
1 32
1 67
1 47
1 21
1 19
1 44
1 35
13 93
13 35
13 67
13 47
13 32
13 81
13 30
13 70
13 62
13 19
16 19
16 32
16 62
16 9
16 67
16 78
16 51
16 47
16 40
16 89
74 40
74 93
74 78
74 32
74 19
74 35
74 67
74 81
74 75
74 62
17 35
17 67
17 84
17 81
17 19
17 62
17 78
17 47
17 34
17 28
48 32
48 35
48 78
48 39
48 67
48 84
48 47
48 62
48 81
48 30
99 75
99 81
99 30
99 67
99 47
99 19
99 32
99 35
99 62
99 40
33 62
33 67
33 32
33 47
33 93
33 44
33 81
33 30
33 35
33 40
80 67
80 35
80 81
80 47
80 40
80 32
80 38
80 78
80 93
80 62
88 32
88 47
88 40
88 19
88 81
88 67
88 78
88 44
88 35
88 30
27 35
27 40
27 19
27 32
27 67
27 62
27 78
27 47
27 30
27 81
14 19
14 35
14 32
14 81
14 47
14 67
14 62
14 40
14 78
14 5
91 35
91 62
91 81
91 47
91 78
91 67
91 13
91 44
91 28
91 93
52 47
52 84
52 81
52 35
52 40
52 32
52 67
52 78
52 62
52 19
63 84
63 78
63 32
63 67
63 93
63 62
63 35
63 40
63 30
63 19
73 62
73 47
73 49
73 67
73 35
73 5
73 78
73 32
73 40
73 4
7 67
7 2
7 32
7 30
7 81
7 47
7 35
7 19
7 62
7 44
94 62
94 41
94 67
94 35
94 93
94 47
94 32
94 44
94 12
94 30
69 32
69 35
69 62
69 67
69 19
69 30
69 47
69 78
69 57
69 40
96 7
96 19
96 40
96 3
96 81
96 62
96 30
96 67
96 35
96 78
50 19
50 67
50 78
50 47
50 81
50 93
50 35
50 40
50 39
50 62
36 32
36 47
36 67
36 39
36 18
36 40
36 84
36 19
36 35
36 89
6 62
6 40
6 81
6 44
6 47
6 67
6 84
6 78
6 32
6 35
8 78
8 47
8 62
8 67
8 35
8 32
8 81
8 84
8 40
8 38
86 46
86 40
86 67
86 62
86 35
86 44
86 47
86 84
86 32
86 81
20 47
20 67
20 32
20 81
20 35
20 62
20 78
20 84
20 93
20 40
15 40
15 62
15 67
15 84
15 47
15 83
15 93
15 81
15 35
15 78
68 40
68 81
68 35
68 62
68 67
68 32
68 47
68 78
68 21
68 19
61 47
61 32
61 67
61 62
61 35
61 40
61 81
61 78
61 93
61 36
29 50
29 47
29 44
29 19
29 67
29 35
29 62
29 78
29 32
29 93
54 19
54 67
54 35
54 32
54 40
54 81
54 44
54 93
54 78
54 47
95 67
95 40
95 81
95 93
95 35
95 44
95 78
95 47
95 19
95 39
11 32
11 67
11 35
11 47
11 80
11 40
11 44
11 84
11 62
11 19
90 35
90 81
90 67
90 32
90 19
90 47
90 78
90 44
90 51
90 30
97 47
97 67
97 81
97 78
97 35
97 19
97 62
97 32
97 51
97 40
72 67
72 19
72 32
72 40
72 35
72 47
72 30
72 78
72 62
72 28
55 93
55 67
55 32
55 35
55 47
55 81
55 40
55 62
55 44
55 21
85 40
85 32
85 62
85 67
85 19
85 35
85 93
85 78
85 47
85 30
22 67
22 32
22 62
22 30
22 81
22 40
22 41
22 18
22 78
22 19
60 67
60 81
60 62
60 47
60 32
60 93
60 78
60 19
60 35
60 30
98 19
98 32
98 35
98 40
98 47
98 67
98 44
98 62
98 93
98 81
23 62
23 47
23 32
23 67
23 35
23 40
23 81
23 19
23 38
23 84
59 40
59 32
59 81
59 19
59 62
59 47
59 67
59 78
59 35
59 84
56 47
56 62
56 78
56 32
56 67
56 81
56 19
56 30
56 35
56 84
25 78
25 35
25 67
25 62
25 32
25 40
25 30
25 5
25 47
25 81
77 32
77 35
77 19
77 62
77 47
77 40
77 81
77 67
77 93
77 21
31 67
31 35
31 40
31 19
31 47
31 2
31 62
31 81
31 32
31 84
