63 91
63 18
63 75
91 18
91 75
18 75
8 63
8 18
8 75
57 91
57 63
57 75
53 57
53 75
53 63
69 8
69 53
69 63
52 63
52 69
52 18
62 75
62 53
62 8
9 18
9 63
9 91
31 75
31 9
31 52
19 18
19 69
19 53
85 75
85 8
85 52
55 62
55 91
55 75
84 9
84 53
84 57
60 63
60 85
60 52
80 85
80 63
80 75
76 62
76 85
76 75
24 85
24 57
24 75
25 62
25 57
25 91
15 84
15 31
15 19
17 85
17 75
17 19
3 57
3 9
3 17
77 3
77 15
77 76
26 80
26 53
26 85
35 62
35 91
35 76
96 76
96 52
96 69
43 77
43 52
43 69
30 91
30 9
30 15
36 19
36 25
36 43
47 63
47 3
47 60
78 25
78 30
78 57
22 18
22 52
22 75
82 76
82 62
82 24
66 77
66 63
66 57
38 91
38 77
38 19
44 84
44 76
44 3
1 82
1 22
1 9
11 82
11 17
11 8
79 75
79 85
79 52
46 36
46 25
46 52
74 77
74 63
74 91
64 91
64 35
64 75
97 36
97 22
97 9
72 64
72 11
72 85
48 3
48 72
48 19
5 1
5 62
5 63
6 31
6 1
6 11
49 91
49 57
49 36
54 38
54 66
54 85
89 96
89 15
89 25
28 30
28 36
28 22
45 53
45 19
45 6
51 78
51 63
51 79
12 45
12 55
12 76
90 75
90 76
90 47
40 77
40 17
40 22
14 1
14 11
14 77
88 38
88 79
88 62
94 3
94 85
94 57
68 84
68 22
68 11
93 31
93 78
93 82
61 51
61 36
61 91
7 91
7 54
7 74
50 1
50 9
50 80
42 52
42 3
42 46
95 93
95 15
95 51
65 31
65 52
65 36
99 12
99 64
99 47
67 97
67 82
67 5
73 5
73 63
73 35
70 60
70 89
70 85
58 49
58 51
58 38
34 99
34 31
34 43
81 63
81 75
81 11
23 1
23 78
23 8
29 1
29 53
29 54
83 50
83 23
83 55
4 68
4 84
4 96
41 94
41 48
41 55
27 4
27 84
27 67
87 81
87 89
87 22
33 47
33 62
33 67
86 19
86 64
86 63
13 54
13 18
13 31
32 15
32 83
32 8
59 53
59 42
59 6
10 25
10 40
10 32
2 99
2 6
2 31
37 47
37 25
37 12
71 36
71 81
71 53
56 46
56 5
56 14
20 31
20 82
20 91
39 57
39 66
39 42
92 97
92 69
92 26
21 63
21 15
21 38
0 12
0 91
0 80
98 50
98 88
98 33
16 31
16 1
16 20
