9 77
9 95
9 99
9 53
9 5
9 84
9 83
9 44
9 17
9 0
77 95
77 99
77 53
77 5
77 84
77 83
77 44
77 17
77 0
95 99
95 53
95 5
95 84
95 83
95 44
95 17
95 0
99 53
99 5
99 84
99 83
99 44
99 17
99 0
53 5
53 84
53 83
53 44
53 17
53 0
5 84
5 83
5 44
5 17
5 0
84 83
84 44
84 17
84 0
83 44
83 17
83 0
44 17
44 0
17 0
25 9
25 83
25 77
25 17
25 84
25 5
25 99
25 0
25 44
25 95
39 95
39 0
39 17
39 77
39 9
39 84
39 83
39 99
39 25
39 5
87 77
87 53
87 39
87 99
87 25
87 9
87 84
87 95
87 5
87 44
75 77
75 95
75 0
75 53
75 9
75 99
75 84
75 5
75 44
75 25
58 87
58 95
58 39
58 5
58 77
58 0
58 99
58 9
58 25
58 53
41 95
41 84
41 99
41 39
41 83
41 25
41 44
41 0
41 5
41 17
7 17
7 5
7 99
7 0
7 95
7 83
7 39
7 44
7 84
7 9
67 5
67 39
67 83
67 84
67 25
67 0
67 99
67 44
67 53
67 17
19 95
19 17
19 0
19 5
19 41
19 84
19 77
19 9
19 25
19 44
4 83
4 58
4 0
4 9
4 5
4 84
4 44
4 95
4 17
4 99
56 83
56 5
56 9
56 53
56 0
56 44
56 17
56 99
56 84
56 25
14 9
14 41
14 39
14 84
14 25
14 17
14 99
14 83
14 5
14 53
27 7
27 84
27 44
27 9
27 25
27 83
27 95
27 53
27 77
27 0
2 99
2 53
2 9
2 5
2 84
2 83
2 0
2 39
2 25
2 4
64 95
64 58
64 5
64 25
64 17
64 9
64 0
64 84
64 7
64 77
82 95
82 9
82 0
82 5
82 77
82 84
82 41
82 39
82 14
82 25
85 99
85 5
85 9
85 0
85 95
85 84
85 39
85 25
85 17
85 87
71 84
71 9
71 0
71 99
71 5
71 25
71 83
71 87
71 4
71 95
30 9
30 0
30 25
30 95
30 84
30 99
30 83
30 5
30 17
30 77
65 19
65 0
65 84
65 77
65 83
65 99
65 25
65 5
65 17
65 9
80 5
80 99
80 4
80 9
80 25
80 95
80 56
80 83
80 44
80 39
90 17
90 5
90 9
90 95
90 65
90 25
90 84
90 99
90 0
90 83
8 83
8 84
8 99
8 95
8 5
8 44
8 9
8 17
8 0
8 77
16 25
16 77
16 84
16 9
16 0
16 5
16 83
16 39
16 99
16 17
26 9
26 0
26 84
26 16
26 5
26 95
26 39
26 25
26 99
26 77
46 25
46 5
46 0
46 84
46 9
46 99
46 83
46 17
46 95
46 87
93 83
93 25
93 17
93 0
93 9
93 5
93 75
93 84
93 77
93 99
1 25
1 9
1 5
1 17
1 84
1 44
1 0
1 83
1 77
1 95
81 0
81 5
81 25
81 95
81 84
81 17
81 9
81 77
81 83
81 99
89 0
89 25
89 5
89 99
89 84
89 95
89 39
89 17
89 83
89 9
6 5
6 17
6 99
6 25
6 39
6 84
6 9
6 95
6 77
6 0
51 9
51 0
51 99
51 5
51 25
51 83
51 95
51 39
51 17
51 84
18 84
18 9
18 99
18 39
18 25
18 0
18 83
18 5
18 17
18 41
32 17
32 99
32 84
32 0
32 9
32 5
32 95
32 44
32 83
32 25
57 99
57 84
57 95
57 9
57 5
57 17
57 25
57 0
57 83
57 39
73 5
73 39
73 99
73 9
73 83
73 84
73 0
73 17
73 25
73 95
94 95
94 99
94 44
94 84
94 0
94 25
94 5
94 83
94 9
94 17
92 84
92 0
92 95
92 9
92 5
92 77
92 83
92 17
92 99
92 44
33 77
33 83
33 99
33 0
33 5
33 95
33 17
33 84
33 9
33 25
59 9
59 5
59 95
59 25
59 17
59 84
59 0
59 83
59 99
59 33
55 17
55 77
55 84
55 25
55 0
55 83
55 99
55 9
55 5
55 95
45 25
45 9
45 99
45 84
45 5
45 0
45 17
45 95
45 83
45 56
52 84
52 0
52 99
52 25
52 9
52 95
52 5
52 39
52 17
52 83
20 9
20 5
20 0
20 99
20 25
20 77
20 84
20 95
20 83
20 17
38 5
38 83
38 17
38 25
38 84
38 95
38 0
38 99
38 9
38 4
69 84
69 25
69 0
69 99
69 5
69 9
69 83
69 44
69 95
69 17
12 95
12 99
12 83
12 84
12 25
12 5
12 9
12 0
12 39
12 17
72 99
72 5
72 25
72 0
72 17
72 9
72 95
72 84
72 77
72 83
66 95
66 9
66 0
66 5
66 84
66 99
66 83
66 25
66 44
66 17
23 99
23 0
23 9
23 5
23 39
23 84
23 17
23 95
23 25
23 44
98 17
98 9
98 84
98 5
98 0
98 95
98 83
98 25
98 99
98 77
96 5
96 17
96 25
96 99
96 84
96 9
96 83
96 95
96 0
96 77
60 84
60 9
60 83
60 5
60 95
60 99
60 0
60 17
60 77
60 25
22 0
22 84
22 25
22 95
22 5
22 9
22 17
22 99
22 83
22 77
21 83
21 5
21 95
21 0
21 77
21 99
21 9
21 39
21 84
21 25
74 5
74 99
74 9
74 17
74 84
74 77
74 0
74 25
74 95
74 83
36 9
36 84
36 25
36 5
36 0
36 99
36 83
36 17
36 95
36 77
42 95
42 99
42 83
42 77
42 17
42 5
42 9
42 0
42 25
42 84
13 0
13 25
13 17
13 5
13 9
13 99
13 83
13 95
13 84
13 39
62 5
62 0
62 83
62 99
62 9
62 95
62 25
62 84
62 17
62 39
78 84
78 9
78 25
78 5
78 17
78 0
78 39
78 95
78 99
78 83
47 5
47 9
47 95
47 84
47 0
47 25
47 83
47 99
47 17
47 39
43 25
43 99
43 5
43 17
43 9
43 95
43 0
43 84
43 83
43 39
28 84
28 9
28 99
28 17
28 25
28 5
28 0
28 95
28 77
28 83
88 99
88 9
88 95
88 83
88 77
88 25
88 84
88 5
88 0
88 17
15 83
15 84
15 95
15 5
15 25
15 0
15 99
15 9
15 17
15 39
34 95
34 17
34 84
34 39
34 5
34 0
34 9
34 99
34 83
34 25
97 95
97 99
97 9
97 17
97 25
97 0
97 5
97 84
97 83
97 77
49 84
49 95
49 9
49 0
49 5
49 25
49 99
49 17
49 83
49 77
29 84
29 99
29 9
29 95
29 25
29 5
29 0
29 17
29 83
29 77
63 5
63 99
63 84
63 95
63 25
63 9
63 83
63 0
63 17
63 39
70 83
70 25
70 0
70 99
70 17
70 95
70 9
70 84
70 5
70 77
37 99
37 0
37 84
37 95
37 39
37 17
37 9
37 25
37 5
37 83
91 0
91 99
91 95
91 17
91 84
91 9
91 5
91 83
91 25
91 77
61 9
61 83
61 5
61 0
61 25
61 99
61 84
61 95
61 17
61 77
24 84
24 25
24 9
24 17
24 5
24 99
24 95
24 77
24 0
24 83
68 83
68 0
68 95
68 9
68 84
68 5
68 25
68 99
68 17
68 77
54 0
54 83
54 25
54 17
54 77
54 95
54 84
54 5
54 9
54 99
40 99
40 0
40 83
40 25
40 9
40 84
40 5
40 17
40 95
40 39
10 83
10 84
10 9
10 5
10 17
10 39
10 0
10 95
10 99
10 25
35 84
35 5
35 0
35 9
35 95
35 99
35 25
35 77
35 83
35 17
76 99
76 5
76 84
76 17
76 25
76 0
76 95
76 83
76 39
76 9
11 83
11 39
11 25
11 95
11 0
11 5
11 99
11 9
11 84
11 17
86 5
86 0
86 9
86 95
86 84
86 17
86 99
86 77
86 83
86 25
48 84
48 17
48 9
48 0
48 5
48 25
48 99
48 83
48 44
48 95
50 0
50 5
50 83
50 84
50 9
50 25
50 99
50 95
50 17
50 77
31 17
31 83
31 0
31 9
31 99
31 84
31 5
31 95
31 25
31 77
79 25
79 5
79 95
79 83
79 84
79 0
79 77
79 9
79 17
79 99
3 95
3 9
3 17
3 25
3 83
3 5
3 99
3 84
3 0
3 39
