60 84
60 32
60 29
84 32
84 29
32 29
78 84
78 29
78 32
67 60
67 84
67 29
42 60
42 67
42 78
20 67
20 32
20 78
44 32
44 67
44 20
49 44
49 78
49 29
56 60
56 42
56 78
14 56
14 44
14 32
21 49
21 29
21 56
5 32
5 21
5 67
53 84
53 14
53 49
96 42
96 44
96 56
2 14
2 29
2 32
30 5
30 29
30 96
80 84
80 53
80 20
65 2
65 84
65 60
62 5
62 21
62 30
45 2
45 80
45 14
28 56
28 45
28 44
23 62
23 65
23 28
43 53
43 42
43 2
41 21
41 62
41 80
85 23
85 67
85 20
19 56
19 65
19 53
81 85
81 42
81 30
48 81
48 56
48 5
17 5
17 48
17 67
35 41
35 53
35 45
75 67
75 43
75 21
61 42
61 65
61 56
24 5
24 96
24 19
57 2
57 96
57 49
36 17
36 14
36 28
82 30
82 23
82 81
91 17
91 23
91 14
46 53
46 28
46 62
12 61
12 19
12 20
72 62
72 60
72 21
64 43
64 82
64 2
22 20
22 91
22 67
74 72
74 60
74 48
16 80
16 32
16 45
87 48
87 36
87 85
77 41
77 35
77 74
98 49
98 42
98 46
10 46
10 22
10 21
0 21
0 75
0 23
47 56
47 21
47 41
83 57
83 72
83 62
93 65
93 87
93 21
86 77
86 17
86 83
69 36
69 10
69 35
37 22
37 57
37 47
94 80
94 23
94 28
52 12
52 47
52 37
4 78
4 2
4 47
18 47
18 37
18 24
6 85
6 78
6 83
58 91
58 30
58 18
63 64
63 32
63 37
54 91
54 58
54 16
8 78
8 19
8 36
3 78
3 83
3 94
39 23
39 81
39 0
40 42
40 62
40 67
59 57
59 65
59 93
73 84
73 61
73 47
11 10
11 63
11 19
70 16
70 52
70 46
33 49
33 60
33 3
97 33
97 12
97 11
71 85
71 72
71 91
50 94
50 6
50 2
27 20
27 0
27 35
55 75
55 8
55 43
13 27
13 85
13 83
25 57
25 53
25 42
88 96
88 75
88 47
66 25
66 13
66 14
68 98
68 16
68 61
89 82
89 77
89 55
9 50
9 44
9 52
15 32
15 71
15 6
31 37
31 52
31 72
95 28
95 91
95 16
1 88
1 63
1 78
76 40
76 75
76 77
90 16
90 65
90 43
7 43
7 60
7 31
38 31
38 9
38 15
79 68
79 17
79 41
92 8
92 85
92 23
34 88
34 31
34 54
26 97
26 54
26 5
51 8
51 37
51 79
99 72
99 10
99 0
