38 90
38 45
38 6
38 72
38 69
38 56
38 97
38 81
38 61
38 8
38 91
38 26
38 75
38 23
38 68
38 95
38 16
38 12
38 89
38 84
90 45
90 6
90 72
90 69
90 56
90 97
90 81
90 61
90 8
90 91
90 26
90 75
90 23
90 68
90 95
90 16
90 12
90 89
90 84
45 6
45 72
45 69
45 56
45 97
45 81
45 61
45 8
45 91
45 26
45 75
45 23
45 68
45 95
45 16
45 12
45 89
45 84
6 72
6 69
6 56
6 97
6 81
6 61
6 8
6 91
6 26
6 75
6 23
6 68
6 95
6 16
6 12
6 89
6 84
72 69
72 56
72 97
72 81
72 61
72 8
72 91
72 26
72 75
72 23
72 68
72 95
72 16
72 12
72 89
72 84
69 56
69 97
69 81
69 61
69 8
69 91
69 26
69 75
69 23
69 68
69 95
69 16
69 12
69 89
69 84
56 97
56 81
56 61
56 8
56 91
56 26
56 75
56 23
56 68
56 95
56 16
56 12
56 89
56 84
97 81
97 61
97 8
97 91
97 26
97 75
97 23
97 68
97 95
97 16
97 12
97 89
97 84
81 61
81 8
81 91
81 26
81 75
81 23
81 68
81 95
81 16
81 12
81 89
81 84
61 8
61 91
61 26
61 75
61 23
61 68
61 95
61 16
61 12
61 89
61 84
8 91
8 26
8 75
8 23
8 68
8 95
8 16
8 12
8 89
8 84
91 26
91 75
91 23
91 68
91 95
91 16
91 12
91 89
91 84
26 75
26 23
26 68
26 95
26 16
26 12
26 89
26 84
75 23
75 68
75 95
75 16
75 12
75 89
75 84
23 68
23 95
23 16
23 12
23 89
23 84
68 95
68 16
68 12
68 89
68 84
95 16
95 12
95 89
95 84
16 12
16 89
16 84
12 89
12 84
89 84
40 23
40 90
40 45
40 81
40 68
40 69
40 97
40 61
40 84
40 89
40 56
40 12
40 72
40 91
40 8
40 38
40 16
40 6
40 26
40 75
35 56
35 90
35 81
35 6
35 23
35 75
35 84
35 61
35 68
35 38
35 8
35 89
35 26
35 40
35 97
35 45
35 69
35 95
35 91
35 16
80 23
80 69
80 95
80 61
80 81
80 40
80 12
80 91
80 97
80 68
80 38
80 6
80 16
80 35
80 72
80 75
80 56
80 45
80 8
80 90
47 40
47 91
47 35
47 45
47 97
47 12
47 8
47 81
47 23
47 69
47 6
47 68
47 84
47 75
47 90
47 61
47 89
47 80
47 56
47 16
86 45
86 38
86 6
86 23
86 40
86 80
86 47
86 95
86 8
86 69
86 16
86 91
86 12
86 84
86 68
86 26
86 56
86 72
86 81
86 61
48 8
48 91
48 68
48 72
48 97
48 61
48 16
48 89
48 40
48 23
48 90
48 38
48 26
48 81
48 84
48 56
48 45
48 6
48 47
48 12
13 16
13 61
13 35
13 12
13 23
13 40
13 69
13 26
13 97
13 86
13 68
13 72
13 75
13 38
13 47
13 91
13 8
13 80
13 6
13 95
41 23
41 38
41 45
41 12
41 72
41 84
41 95
41 6
41 40
41 97
41 8
41 47
41 35
41 81
41 91
41 13
41 26
41 56
41 68
41 69
60 8
60 81
60 40
60 90
60 68
60 6
60 56
60 26
60 80
60 45
60 61
60 72
60 23
60 89
60 38
60 84
60 86
60 75
60 97
60 69
39 26
39 61
39 8
39 56
39 23
39 81
39 97
39 6
39 48
39 95
39 80
39 12
39 68
39 72
39 91
39 90
39 69
39 86
39 45
39 13
77 90
77 75
77 38
77 6
77 72
77 26
77 16
77 69
77 12
77 40
77 23
77 68
77 97
77 41
77 13
77 81
77 35
77 39
77 47
77 60
65 41
65 23
65 8
65 68
65 45
65 35
65 90
65 72
65 39
65 61
65 47
65 26
65 56
65 91
65 95
65 12
65 75
65 16
65 48
65 81
71 75
71 47
71 41
71 61
71 60
71 12
71 97
71 39
71 6
71 95
71 48
71 72
71 77
71 45
71 68
71 23
71 91
71 81
71 8
71 13
0 8
0 72
0 48
0 86
0 38
0 6
0 61
0 84
0 65
0 23
0 12
0 75
0 60
0 90
0 13
0 26
0 16
0 80
0 89
0 68
25 81
25 65
25 35
25 12
25 69
25 91
25 89
25 60
25 61
25 16
25 97
25 68
25 48
25 45
25 72
25 23
25 41
25 38
25 90
25 56
73 69
73 84
73 90
73 72
73 45
73 16
73 26
73 75
73 68
73 61
73 12
73 86
73 56
73 95
73 48
73 39
73 8
73 80
73 91
73 71
74 91
74 25
74 97
74 72
74 16
74 48
74 13
74 80
74 12
74 40
74 23
74 81
74 61
74 56
74 47
74 26
74 39
74 73
74 90
74 8
10 69
10 89
10 12
10 80
10 84
10 25
10 40
10 72
10 0
10 81
10 86
10 16
10 75
10 61
10 6
10 47
10 26
10 48
10 41
10 65
18 97
18 60
18 45
18 84
18 8
18 26
18 73
18 86
18 56
18 35
18 90
18 23
18 72
18 74
18 91
18 47
18 39
18 25
18 16
18 13
37 69
37 86
37 45
37 23
37 48
37 81
37 38
37 72
37 89
37 61
37 91
37 6
37 8
37 60
37 97
37 16
37 77
37 56
37 12
37 25
70 75
70 81
70 91
70 10
70 47
70 13
70 56
70 25
70 61
70 41
70 72
70 84
70 69
70 90
70 80
70 16
70 26
70 12
70 68
70 6
3 39
3 35
3 65
3 81
3 26
3 48
3 91
3 38
3 12
3 77
3 37
3 13
3 61
3 25
3 95
3 18
3 70
3 6
3 16
3 40
82 91
82 73
82 41
82 12
82 39
82 61
82 45
82 81
82 89
82 25
82 68
82 86
82 6
82 97
82 75
82 23
82 48
82 8
82 71
82 40
78 69
78 16
78 65
78 86
78 68
78 81
78 47
78 26
78 73
78 91
78 90
78 80
78 12
78 56
78 75
78 84
78 97
78 8
78 95
78 6
30 13
30 61
30 26
30 39
30 90
30 23
30 8
30 95
30 6
30 10
30 68
30 0
30 75
30 48
30 72
30 56
30 65
30 41
30 47
30 81
76 38
76 60
76 75
76 47
76 89
76 16
76 61
76 45
76 35
76 86
76 81
76 78
76 6
76 12
76 26
76 90
76 39
76 95
76 56
76 13
20 81
20 72
20 30
20 68
20 40
20 90
20 16
20 89
20 91
20 6
20 95
20 56
20 78
20 84
20 35
20 73
20 26
20 80
20 38
20 8
62 86
62 90
62 81
62 61
62 8
62 97
62 77
62 73
62 95
62 47
62 45
62 25
62 74
62 91
62 48
62 35
62 26
62 65
62 75
62 71
96 86
96 38
96 95
96 48
96 23
96 41
96 70
96 6
96 61
96 16
96 45
96 97
96 80
96 89
96 68
96 81
96 47
96 84
96 72
96 30
54 84
54 39
54 12
54 90
54 16
54 80
54 86
54 38
54 81
54 69
54 25
54 45
54 41
54 37
54 96
54 89
54 48
54 91
54 68
54 13
92 6
92 12
92 77
92 16
92 35
92 41
92 61
92 72
92 45
92 25
92 0
92 97
92 40
92 38
92 71
92 73
92 78
92 8
92 91
92 84
49 56
49 25
49 61
49 62
49 84
49 68
49 81
49 13
49 20
49 90
49 41
49 38
49 16
49 45
49 48
49 97
49 75
49 18
49 35
49 26
36 45
36 8
36 74
36 60
36 13
36 23
36 56
36 40
36 20
36 26
36 12
36 70
36 48
36 72
36 91
36 47
36 90
36 41
36 80
36 68
51 90
51 48
51 8
51 25
51 95
51 6
51 96
51 35
51 0
51 72
51 45
51 16
51 81
51 56
51 40
51 65
51 13
51 38
51 80
51 62
31 89
31 3
31 45
31 74
31 90
31 75
31 39
31 40
31 92
31 69
31 41
31 25
31 51
31 47
31 81
31 6
31 72
31 48
31 80
31 73
21 35
21 25
21 30
21 95
21 45
21 84
21 73
21 65
21 90
21 12
21 13
21 26
21 48
21 40
21 72
21 23
21 6
21 81
21 92
21 75
50 56
50 78
50 16
50 95
50 91
50 69
50 48
50 8
50 6
50 26
50 0
50 97
50 13
50 68
50 72
50 54
50 36
50 86
50 81
50 23
99 68
99 97
99 65
99 80
99 48
99 47
99 72
99 45
99 26
99 21
99 89
99 16
99 71
99 56
99 3
99 75
99 95
99 69
99 73
99 35
46 18
46 12
46 26
46 45
46 96
46 38
46 16
46 56
46 75
46 90
46 73
46 47
46 97
46 6
46 84
46 61
46 40
46 80
46 71
46 20
19 8
19 48
19 35
19 75
19 61
19 30
19 0
19 95
19 73
19 45
19 18
19 13
19 97
19 38
19 72
19 20
19 40
19 12
19 37
19 82
85 60
85 39
85 38
85 68
85 40
85 95
85 61
85 20
85 84
85 6
85 10
85 23
85 48
85 26
85 0
85 13
85 45
85 12
85 74
85 75
79 68
79 16
79 90
79 40
79 91
79 26
79 35
79 95
79 72
79 97
79 62
79 69
79 86
79 20
79 92
79 96
79 48
79 6
79 38
79 56
59 75
59 12
59 91
59 38
59 86
59 25
59 89
59 81
59 37
59 73
59 84
59 72
59 56
59 80
59 8
59 40
59 16
59 45
59 23
59 61
63 16
63 12
63 90
63 81
63 80
63 6
63 47
63 77
63 59
63 84
63 75
63 86
63 95
63 85
63 45
63 69
63 91
63 97
63 48
63 56
88 23
88 90
88 16
88 38
88 85
88 80
88 45
88 12
88 78
88 8
88 68
88 6
88 97
88 74
88 73
88 84
88 56
88 48
88 81
88 0
29 61
29 86
29 6
29 50
29 80
29 96
29 20
29 37
29 91
29 41
29 12
29 65
29 30
29 89
29 75
29 23
29 47
29 99
29 3
29 68
67 6
67 16
67 12
67 89
67 23
67 97
67 61
67 68
67 75
67 56
67 47
67 40
67 80
67 26
67 72
67 30
67 35
67 45
67 39
67 96
7 26
7 61
7 81
7 8
7 13
7 12
7 23
7 72
7 75
7 68
7 97
7 16
7 20
7 91
7 38
7 69
7 95
7 41
7 92
7 48
33 81
33 40
33 89
33 47
33 48
33 92
33 79
33 23
33 0
33 12
33 61
33 97
33 99
33 90
33 49
33 72
33 20
33 86
33 77
33 41
9 40
9 38
9 39
9 8
9 26
9 79
9 90
9 16
9 77
9 45
9 48
9 37
9 84
9 23
9 6
9 18
9 97
9 81
9 61
9 68
34 38
34 99
34 97
34 69
34 73
34 75
34 45
34 90
34 61
34 68
34 50
34 12
34 16
34 56
34 72
34 95
34 31
34 40
34 89
34 23
53 23
53 72
53 29
53 34
53 90
53 97
53 12
53 40
53 48
53 68
53 21
53 7
53 80
53 81
53 16
53 6
53 30
53 61
53 8
53 41
52 91
52 46
52 97
52 75
52 90
52 47
52 7
52 72
52 16
52 35
52 50
52 68
52 56
52 80
52 73
52 61
52 19
52 12
52 45
52 81
1 48
1 90
1 12
1 77
1 16
1 68
1 97
1 36
1 69
1 45
1 84
1 95
1 81
1 26
1 40
1 35
1 73
1 23
1 78
1 72
64 97
64 90
64 40
64 75
64 56
64 16
64 39
64 23
64 91
64 12
64 77
64 52
64 26
64 8
64 41
64 69
64 68
64 35
64 61
64 6
24 75
24 12
24 0
24 64
24 16
24 97
24 67
24 85
24 40
24 45
24 72
24 20
24 51
24 90
24 99
24 61
24 86
24 81
24 80
24 38
22 6
22 72
22 81
22 12
22 84
22 61
22 89
22 62
22 69
22 0
22 8
22 77
22 36
22 46
22 26
22 23
22 90
22 82
22 45
22 80
15 26
15 69
15 46
15 80
15 81
15 61
15 1
15 86
15 97
15 77
15 48
15 90
15 95
15 12
15 23
15 76
15 40
15 16
15 6
15 39
55 59
55 23
55 72
55 48
55 29
55 38
55 84
55 16
55 80
55 18
55 13
55 6
55 25
55 75
55 60
55 97
55 35
55 49
55 69
55 53
93 61
93 81
93 48
93 73
93 12
93 20
93 35
93 97
93 39
93 75
93 84
93 69
93 68
93 6
93 45
93 8
93 40
93 54
93 64
93 70
32 81
32 40
32 25
32 0
32 72
32 50
32 38
32 12
32 68
32 84
32 97
32 89
32 78
32 71
32 41
32 61
32 30
32 24
32 64
32 86
14 81
14 8
14 16
14 80
14 49
14 63
14 97
14 69
14 75
14 26
14 89
14 61
14 84
14 48
14 6
14 47
14 3
14 38
14 12
14 91
94 12
94 80
94 8
94 97
94 23
94 45
94 40
94 68
94 89
94 35
94 90
94 81
94 6
94 0
94 75
94 48
94 26
94 71
94 72
94 55
58 74
58 25
58 97
58 39
58 69
58 78
58 61
58 51
58 26
58 9
58 38
58 12
58 90
58 86
58 40
58 95
58 70
58 21
58 89
58 48
28 0
28 91
28 69
28 16
28 45
28 67
28 12
28 6
28 68
28 97
28 81
28 84
28 73
28 58
28 3
28 38
28 15
28 23
28 89
28 8
57 97
57 45
57 16
57 75
57 13
57 61
57 8
57 89
57 39
57 48
57 34
57 77
57 52
57 68
57 23
57 64
57 41
57 12
57 73
57 72
5 40
5 35
5 18
5 38
5 48
5 39
5 0
5 25
5 61
5 73
5 26
5 90
5 84
5 75
5 8
5 74
5 23
5 6
5 53
5 50
83 65
83 12
83 68
83 23
83 95
83 6
83 16
83 90
83 92
83 81
83 61
83 26
83 80
83 46
83 45
83 77
83 91
83 84
83 38
83 39
4 90
4 12
4 84
4 40
4 41
4 83
4 38
4 55
4 48
4 95
4 72
4 53
4 8
4 15
4 91
4 39
4 45
4 47
4 86
4 23
17 84
17 61
17 23
17 12
17 91
17 71
17 45
17 82
17 16
17 26
17 56
17 75
17 97
17 15
17 13
17 90
17 68
17 72
17 41
17 40
66 73
66 76
66 68
66 97
66 13
66 18
66 12
66 38
66 84
66 79
66 85
66 75
66 3
66 45
66 90
66 40
66 26
66 81
66 16
66 39
98 45
98 23
98 61
98 95
98 6
98 75
98 68
98 78
98 96
98 97
98 8
98 12
98 62
98 38
98 41
98 69
98 89
98 93
98 48
98 40
42 40
42 37
42 84
42 90
42 41
42 86
42 16
42 12
42 14
42 38
42 91
42 81
42 75
42 23
42 97
42 61
42 72
42 4
42 35
42 39
2 50
2 23
2 45
2 81
2 75
2 47
2 36
2 12
2 69
2 35
2 16
2 97
2 26
2 13
2 48
2 89
2 72
2 29
2 68
2 40
87 86
87 40
87 68
87 89
87 45
87 97
87 8
87 6
87 75
87 80
87 48
87 23
87 38
87 95
87 59
87 49
87 12
87 62
87 69
87 81
44 10
44 53
44 48
44 23
44 26
44 16
44 72
44 40
44 6
44 12
44 41
44 74
44 8
44 45
44 97
44 68
44 61
44 25
44 84
44 18
27 20
27 97
27 6
27 8
27 60
27 61
27 72
27 50
27 68
27 12
27 86
27 16
27 80
27 74
27 95
27 45
27 38
27 84
27 40
27 35
11 8
11 72
11 40
11 94
11 31
11 77
11 12
11 7
11 60
11 16
11 61
11 73
11 38
11 6
11 75
11 23
11 26
11 3
11 97
11 35
43 40
43 81
43 72
43 30
43 71
43 60
43 95
43 75
43 28
43 1
43 90
43 69
43 89
43 78
43 92
43 56
43 97
43 12
43 26
43 8
