85 67
85 5
85 92
85 31
85 97
85 2
85 99
85 57
85 44
85 79
85 41
85 47
85 64
85 20
85 63
85 90
85 95
85 60
85 6
85 89
85 61
85 19
85 58
85 84
85 42
85 55
85 88
85 59
85 93
85 69
67 5
67 92
67 31
67 97
67 2
67 99
67 57
67 44
67 79
67 41
67 47
67 64
67 20
67 63
67 90
67 95
67 60
67 6
67 89
67 61
67 19
67 58
67 84
67 42
67 55
67 88
67 59
67 93
67 69
5 92
5 31
5 97
5 2
5 99
5 57
5 44
5 79
5 41
5 47
5 64
5 20
5 63
5 90
5 95
5 60
5 6
5 89
5 61
5 19
5 58
5 84
5 42
5 55
5 88
5 59
5 93
5 69
92 31
92 97
92 2
92 99
92 57
92 44
92 79
92 41
92 47
92 64
92 20
92 63
92 90
92 95
92 60
92 6
92 89
92 61
92 19
92 58
92 84
92 42
92 55
92 88
92 59
92 93
92 69
31 97
31 2
31 99
31 57
31 44
31 79
31 41
31 47
31 64
31 20
31 63
31 90
31 95
31 60
31 6
31 89
31 61
31 19
31 58
31 84
31 42
31 55
31 88
31 59
31 93
31 69
97 2
97 99
97 57
97 44
97 79
97 41
97 47
97 64
97 20
97 63
97 90
97 95
97 60
97 6
97 89
97 61
97 19
97 58
97 84
97 42
97 55
97 88
97 59
97 93
97 69
2 99
2 57
2 44
2 79
2 41
2 47
2 64
2 20
2 63
2 90
2 95
2 60
2 6
2 89
2 61
2 19
2 58
2 84
2 42
2 55
2 88
2 59
2 93
2 69
99 57
99 44
99 79
99 41
99 47
99 64
99 20
99 63
99 90
99 95
99 60
99 6
99 89
99 61
99 19
99 58
99 84
99 42
99 55
99 88
99 59
99 93
99 69
57 44
57 79
57 41
57 47
57 64
57 20
57 63
57 90
57 95
57 60
57 6
57 89
57 61
57 19
57 58
57 84
57 42
57 55
57 88
57 59
57 93
57 69
44 79
44 41
44 47
44 64
44 20
44 63
44 90
44 95
44 60
44 6
44 89
44 61
44 19
44 58
44 84
44 42
44 55
44 88
44 59
44 93
44 69
79 41
79 47
79 64
79 20
79 63
79 90
79 95
79 60
79 6
79 89
79 61
79 19
79 58
79 84
79 42
79 55
79 88
79 59
79 93
79 69
41 47
41 64
41 20
41 63
41 90
41 95
41 60
41 6
41 89
41 61
41 19
41 58
41 84
41 42
41 55
41 88
41 59
41 93
41 69
47 64
47 20
47 63
47 90
47 95
47 60
47 6
47 89
47 61
47 19
47 58
47 84
47 42
47 55
47 88
47 59
47 93
47 69
64 20
64 63
64 90
64 95
64 60
64 6
64 89
64 61
64 19
64 58
64 84
64 42
64 55
64 88
64 59
64 93
64 69
20 63
20 90
20 95
20 60
20 6
20 89
20 61
20 19
20 58
20 84
20 42
20 55
20 88
20 59
20 93
20 69
63 90
63 95
63 60
63 6
63 89
63 61
63 19
63 58
63 84
63 42
63 55
63 88
63 59
63 93
63 69
90 95
90 60
90 6
90 89
90 61
90 19
90 58
90 84
90 42
90 55
90 88
90 59
90 93
90 69
95 60
95 6
95 89
95 61
95 19
95 58
95 84
95 42
95 55
95 88
95 59
95 93
95 69
60 6
60 89
60 61
60 19
60 58
60 84
60 42
60 55
60 88
60 59
60 93
60 69
6 89
6 61
6 19
6 58
6 84
6 42
6 55
6 88
6 59
6 93
6 69
89 61
89 19
89 58
89 84
89 42
89 55
89 88
89 59
89 93
89 69
61 19
61 58
61 84
61 42
61 55
61 88
61 59
61 93
61 69
19 58
19 84
19 42
19 55
19 88
19 59
19 93
19 69
58 84
58 42
58 55
58 88
58 59
58 93
58 69
84 42
84 55
84 88
84 59
84 93
84 69
42 55
42 88
42 59
42 93
42 69
55 88
55 59
55 93
55 69
88 59
88 93
88 69
59 93
59 69
93 69
26 99
26 63
26 88
26 92
26 69
26 89
26 5
26 59
26 90
26 67
26 6
26 84
26 2
26 44
26 20
26 61
26 64
26 93
26 60
26 42
26 31
26 79
26 55
26 57
26 95
26 58
26 97
26 19
26 41
26 47
17 6
17 42
17 55
17 58
17 41
17 93
17 26
17 19
17 84
17 57
17 61
17 92
17 88
17 95
17 99
17 67
17 47
17 63
17 97
17 20
17 5
17 31
17 90
17 85
17 79
17 59
17 44
17 69
17 89
17 64
22 2
22 60
22 55
22 58
22 97
22 89
22 99
22 64
22 90
22 47
22 44
22 19
22 57
22 63
22 85
22 20
22 41
22 17
22 5
22 92
22 88
22 67
22 84
22 95
22 61
22 31
22 69
22 93
22 79
22 6
66 57
66 20
66 26
66 95
66 19
66 84
66 61
66 60
66 64
66 6
66 90
66 17
66 59
66 89
66 69
66 63
66 97
66 42
66 55
66 67
66 99
66 88
66 58
66 79
66 44
66 93
66 5
66 85
66 92
66 47
8 6
8 97
8 31
8 84
8 58
8 66
8 67
8 26
8 17
8 99
8 59
8 57
8 69
8 88
8 95
8 60
8 93
8 55
8 85
8 20
8 90
8 64
8 41
8 63
8 92
8 44
8 22
8 61
8 42
8 5
4 2
4 41
4 22
4 59
4 60
4 5
4 92
4 8
4 31
4 66
4 19
4 55
4 90
4 84
4 93
4 67
4 63
4 89
4 47
4 61
4 20
4 85
4 44
4 79
4 99
4 17
4 97
4 57
4 88
4 6
48 58
48 95
48 4
48 60
48 20
48 6
48 26
48 61
48 19
48 44
48 2
48 85
48 59
48 42
48 92
48 5
48 66
48 69
48 90
48 89
48 8
48 93
48 79
48 47
48 22
48 97
48 57
48 55
48 17
48 84
70 59
70 89
70 92
70 60
70 31
70 48
70 67
70 79
70 69
70 85
70 4
70 64
70 99
70 5
70 95
70 97
70 41
70 19
70 93
70 58
70 2
70 63
70 26
70 17
70 42
70 20
70 61
70 57
70 8
70 84
78 60
78 57
78 20
78 85
78 44
78 17
78 26
78 79
78 89
78 70
78 84
78 4
78 19
78 22
78 63
78 95
78 48
78 8
78 2
78 69
78 64
78 31
78 67
78 47
78 92
78 55
78 66
78 5
78 41
78 88
35 47
35 26
35 41
35 69
35 95
35 22
35 64
35 78
35 19
35 61
35 8
35 90
35 6
35 58
35 48
35 67
35 66
35 88
35 44
35 89
35 17
35 92
35 85
35 59
35 55
35 70
35 84
35 2
35 99
35 5
0 26
0 19
0 88
0 35
0 95
0 55
0 59
0 4
0 78
0 79
0 69
0 31
0 92
0 47
0 5
0 66
0 97
0 64
0 42
0 6
0 85
0 8
0 41
0 90
0 22
0 17
0 58
0 70
0 93
0 44
7 48
7 26
7 8
7 6
7 88
7 70
7 97
7 78
7 92
7 47
7 35
7 0
7 61
7 4
7 64
7 20
7 63
7 85
7 84
7 95
7 55
7 42
7 44
7 41
7 59
7 22
7 31
7 99
7 60
7 17
52 22
52 0
52 63
52 6
52 8
52 19
52 5
52 78
52 58
52 88
52 57
52 64
52 95
52 97
52 7
52 55
52 69
52 61
52 4
52 26
52 93
52 35
52 84
52 66
52 79
52 48
52 70
52 60
52 92
52 42
9 48
9 89
9 93
9 78
9 8
9 19
9 52
9 7
9 35
9 63
9 4
9 85
9 17
9 88
9 0
9 64
9 5
9 61
9 70
9 84
9 44
9 79
9 20
9 55
9 99
9 66
9 6
9 90
9 69
9 58
37 35
37 42
37 26
37 89
37 52
37 22
37 70
37 7
37 8
37 60
37 63
37 97
37 48
37 5
37 78
37 0
37 85
37 61
37 9
37 99
37 17
37 95
37 90
37 4
37 93
37 57
37 67
37 69
37 58
37 84
71 37
71 0
71 93
71 84
71 17
71 9
71 70
71 95
71 97
71 66
71 55
71 90
71 67
71 61
71 60
71 64
71 99
71 35
71 19
71 89
71 8
71 7
71 52
71 47
71 63
71 22
71 41
71 2
71 78
71 58
72 85
72 89
72 99
72 60
72 26
72 42
72 59
72 44
72 20
72 7
72 88
72 37
72 4
72 22
72 66
72 70
72 71
72 35
72 31
72 52
72 69
72 61
72 93
72 48
72 5
72 2
72 84
72 90
72 78
72 95
32 22
32 78
32 47
32 0
32 90
32 52
32 69
32 9
32 95
32 89
32 48
32 57
32 97
32 17
32 79
32 88
32 71
32 61
32 2
32 72
32 55
32 66
32 37
32 8
32 70
32 44
32 84
32 20
32 5
32 4
45 52
45 32
45 19
45 59
45 66
45 41
45 95
45 7
45 78
45 67
45 71
45 6
45 9
45 8
45 22
45 0
45 58
45 48
45 72
45 37
45 92
45 44
45 93
45 31
45 60
45 17
45 20
45 55
45 85
45 89
50 7
50 52
50 70
50 95
50 45
50 72
50 47
50 63
50 22
50 59
50 48
50 0
50 92
50 9
50 88
50 37
50 4
50 79
50 89
50 32
50 97
50 17
50 2
50 6
50 60
50 31
50 20
50 71
50 90
50 67
76 52
76 4
76 5
76 85
76 32
76 19
76 50
76 7
76 70
76 48
76 26
76 66
76 6
76 55
76 0
76 58
76 45
76 31
76 71
76 47
76 60
76 78
76 97
76 22
76 17
76 72
76 35
76 9
76 64
76 95
83 66
83 90
83 44
83 67
83 95
83 78
83 19
83 55
83 48
83 32
83 41
83 9
83 52
83 35
83 71
83 58
83 0
83 76
83 59
83 8
83 50
83 64
83 61
83 4
83 37
83 26
83 22
83 69
83 72
83 42
23 83
23 32
23 59
23 66
23 37
23 76
23 99
23 63
23 69
23 50
23 4
23 35
23 45
23 9
23 85
23 88
23 93
23 47
23 71
23 52
23 20
23 78
23 7
23 44
23 84
23 2
23 0
23 89
23 92
23 57
38 76
38 83
38 95
38 23
38 20
38 78
38 92
38 52
38 57
38 9
38 37
38 8
38 50
38 72
38 93
38 45
38 44
38 0
38 58
38 31
38 59
38 2
38 71
38 48
38 5
38 47
38 19
38 90
38 4
38 84
14 71
14 67
14 84
14 78
14 76
14 42
14 37
14 7
14 5
14 32
14 60
14 47
14 52
14 35
14 50
14 45
14 26
14 83
14 38
14 19
14 70
14 23
14 6
14 2
14 63
14 9
14 20
14 72
14 0
14 48
13 72
13 35
13 32
13 78
13 37
13 14
13 23
13 45
13 38
13 44
13 61
13 50
13 92
13 76
13 57
13 31
13 0
13 4
13 83
13 71
13 63
13 48
13 9
13 26
13 60
13 19
13 90
13 6
13 66
13 7
46 13
46 45
46 79
46 14
46 7
46 2
46 57
46 5
46 50
46 97
46 22
46 41
46 83
46 38
46 89
46 76
46 42
46 85
46 48
46 61
46 78
46 9
46 35
46 99
46 44
46 84
46 19
46 72
46 90
46 20
25 13
25 26
25 38
25 47
25 95
25 35
25 58
25 71
25 45
25 14
25 52
25 48
25 97
25 46
25 84
25 63
25 60
25 61
25 37
25 83
25 2
25 78
25 23
25 67
25 31
25 64
25 9
25 19
25 76
25 93
86 6
86 13
86 48
86 8
86 93
86 78
86 57
86 23
86 55
86 7
86 22
86 35
86 99
86 32
86 76
86 37
86 20
86 25
86 0
86 45
86 60
86 92
86 4
86 79
86 5
86 42
86 46
86 14
86 66
86 58
65 93
65 9
65 22
65 58
65 32
65 38
65 59
65 46
65 44
65 79
65 60
65 50
65 95
65 47
65 37
65 90
65 88
65 85
65 14
65 35
65 69
65 92
65 97
65 78
65 25
65 31
65 23
65 86
65 4
65 6
18 14
18 25
18 52
18 65
18 23
18 95
18 46
18 0
18 38
18 42
18 92
18 9
18 66
18 83
18 76
18 70
18 86
18 72
18 57
18 78
18 47
18 63
18 71
18 69
18 59
18 13
18 41
18 85
18 99
18 89
10 46
10 18
10 88
10 95
10 37
10 85
10 45
10 86
10 76
10 14
10 69
10 19
10 25
10 38
10 35
10 42
10 50
10 83
10 23
10 79
10 90
10 13
10 65
10 59
10 58
10 7
10 8
10 97
10 52
10 64
15 86
15 32
15 45
15 46
15 10
15 92
15 71
15 13
15 7
15 38
15 85
15 89
15 14
15 31
15 41
15 97
15 18
15 65
15 57
15 23
15 25
15 99
15 0
15 4
15 47
15 67
15 20
15 58
15 17
15 84
33 15
33 48
33 14
33 99
33 0
33 86
33 52
33 65
33 13
33 85
33 18
33 23
33 19
33 25
33 88
33 46
33 50
33 58
33 10
33 32
33 22
33 83
33 69
33 20
33 2
33 76
33 61
33 26
33 35
33 79
62 71
62 52
62 90
62 50
62 64
62 26
62 97
62 76
62 38
62 66
62 95
62 15
62 92
62 25
62 19
62 69
62 13
62 83
62 93
62 65
62 37
62 86
62 45
62 33
62 41
62 18
62 9
62 57
62 63
62 46
27 18
27 38
27 15
27 33
27 92
27 9
27 46
27 86
27 45
27 65
27 23
27 62
27 22
27 71
27 32
27 90
27 60
27 63
27 61
27 10
27 83
27 52
27 72
27 14
27 47
27 42
27 95
27 76
27 13
27 37
82 64
82 27
82 18
82 14
82 79
82 33
82 48
82 8
82 62
82 50
82 44
82 90
82 58
82 15
82 13
82 26
82 65
82 45
82 23
82 4
82 46
82 10
82 6
82 55
82 63
82 59
82 2
82 57
82 72
82 47
56 88
56 27
56 82
56 25
56 41
56 32
56 97
56 69
56 37
56 13
56 18
56 15
56 10
56 33
56 47
56 70
56 58
56 72
56 9
56 79
56 46
56 35
56 83
56 86
56 23
56 50
56 0
56 62
56 76
56 42
21 86
21 14
21 62
21 60
21 6
21 20
21 10
21 72
21 41
21 56
21 27
21 9
21 48
21 99
21 26
21 38
21 7
21 22
21 46
21 35
21 82
21 70
21 15
21 71
21 76
21 47
21 23
21 52
21 0
21 83
53 10
53 79
53 64
53 86
53 13
53 27
53 33
53 57
53 21
53 0
53 62
53 83
53 15
53 56
53 82
53 8
53 25
53 14
53 78
53 71
53 88
53 6
53 65
53 44
53 46
53 60
53 17
53 19
53 35
53 76
73 65
73 42
73 56
73 33
73 25
73 62
73 53
73 50
73 10
73 63
73 21
73 64
73 27
73 82
73 38
73 45
73 4
73 44
73 9
73 79
73 0
73 83
73 99
73 46
73 23
73 93
73 2
73 8
73 31
73 7
40 37
40 82
40 15
40 21
40 59
40 76
40 88
40 56
40 73
40 67
40 65
40 71
40 38
40 22
40 62
40 47
40 27
40 7
40 10
40 53
40 97
40 23
40 4
40 25
40 13
40 5
40 52
40 33
40 0
40 55
1 15
1 40
1 38
1 47
1 57
1 53
1 7
1 88
1 92
1 93
1 9
1 18
1 67
1 65
1 25
1 99
1 0
1 69
1 71
1 26
1 89
1 56
1 79
1 83
1 82
1 73
1 70
1 27
1 76
1 86
49 10
49 27
49 73
49 31
49 1
49 57
49 59
49 79
49 40
49 53
49 56
49 9
49 33
49 63
49 21
49 72
49 42
49 25
49 22
49 82
49 20
49 0
49 7
49 14
49 38
49 62
49 15
49 58
49 18
49 8
74 40
74 5
74 14
74 58
74 73
74 72
74 2
74 71
74 49
74 6
74 65
74 62
74 27
74 82
74 1
74 21
74 18
74 46
74 10
74 33
74 45
74 17
74 15
74 9
74 67
74 41
74 13
74 85
74 55
74 78
91 65
91 4
91 90
91 35
91 72
91 79
91 78
91 40
91 46
91 52
91 22
91 37
91 86
91 32
91 74
91 84
91 21
91 31
91 45
91 23
91 25
91 5
91 49
91 38
91 53
91 1
91 67
91 73
91 62
91 7
96 23
96 21
96 6
96 32
96 74
96 27
96 91
96 33
96 73
96 53
96 92
96 7
96 76
96 83
96 38
96 97
96 49
96 20
96 1
96 2
96 42
96 22
96 58
96 31
96 40
96 62
96 86
96 41
96 18
96 35
3 53
3 99
3 96
3 78
3 14
3 91
3 64
3 21
3 10
3 57
3 22
3 82
3 49
3 74
3 33
3 7
3 59
3 46
3 70
3 73
3 26
3 27
3 38
3 23
3 66
3 85
3 84
3 32
3 97
3 56
54 18
54 83
54 32
54 7
54 3
54 56
54 61
54 40
54 72
54 52
54 17
54 1
54 37
54 91
54 79
54 74
54 10
54 88
54 9
54 73
54 93
54 70
54 96
54 89
54 50
54 71
54 13
54 49
54 63
54 25
75 46
75 5
75 1
75 10
75 18
75 72
75 14
75 73
75 2
75 65
75 13
75 91
75 96
75 33
75 54
75 40
75 50
75 56
75 97
75 82
75 49
75 53
75 78
75 15
75 31
75 44
75 52
75 88
75 21
75 61
39 27
39 49
39 75
39 54
39 31
39 40
39 21
39 86
39 58
39 15
39 96
39 25
39 23
39 91
39 14
39 56
39 64
39 71
39 18
39 1
39 72
39 66
39 89
39 79
39 59
39 53
39 20
39 82
39 76
39 65
34 91
34 33
34 62
34 3
34 63
34 53
34 74
34 54
34 39
34 46
34 49
34 95
34 15
34 75
34 96
34 86
34 13
34 25
34 45
34 4
34 76
34 69
34 73
34 56
34 89
34 57
34 23
34 52
34 35
34 82
94 1
94 91
94 75
94 66
94 54
94 40
94 2
94 49
94 70
94 34
94 23
94 74
94 47
94 39
94 96
94 4
94 78
94 37
94 50
94 56
94 27
94 3
94 26
94 32
94 69
94 6
94 73
94 17
94 83
94 25
51 86
51 75
51 59
51 74
51 39
51 38
51 21
51 50
51 32
51 82
51 72
51 49
51 34
51 1
51 70
51 10
51 94
51 62
51 89
51 5
51 22
51 79
51 40
51 61
51 3
51 17
51 27
51 90
51 96
51 45
36 3
36 13
36 82
36 2
36 94
36 74
36 44
36 23
36 92
36 51
36 39
36 26
36 85
36 54
36 1
36 48
36 50
36 67
36 99
36 40
36 21
36 86
36 35
36 72
36 38
36 62
36 73
36 65
36 14
36 49
77 36
77 50
77 7
77 54
77 39
77 0
77 74
77 91
77 51
77 89
77 94
77 41
77 69
77 67
77 90
77 70
77 73
77 37
77 33
77 3
77 34
77 83
77 1
77 46
77 59
77 82
77 14
77 42
77 62
77 56
11 8
11 15
11 61
11 39
11 77
11 83
11 86
11 94
11 75
11 1
11 31
11 35
11 38
11 3
11 90
11 21
11 82
11 7
11 51
11 34
11 37
11 55
11 40
11 18
11 66
11 6
11 36
11 0
11 52
11 5
28 67
28 91
28 46
28 96
28 89
28 56
28 84
28 75
28 39
28 34
28 21
28 60
28 94
28 11
28 50
28 74
28 54
28 73
28 14
28 51
28 59
28 36
28 85
28 88
28 18
28 77
28 82
28 6
28 57
28 76
68 28
68 77
68 3
68 58
68 94
68 76
68 96
68 75
68 23
68 36
68 82
68 46
68 10
68 66
68 51
68 2
68 40
68 39
68 54
68 33
68 74
68 41
68 11
68 53
68 44
68 27
68 9
68 21
68 67
68 14
80 74
80 67
80 56
80 75
80 72
80 3
80 63
80 55
80 94
80 39
80 68
80 77
80 35
80 25
80 36
80 90
80 15
80 11
80 28
80 95
80 2
80 8
80 51
80 76
80 50
80 88
80 20
80 91
80 0
80 97
29 21
29 89
29 34
29 3
29 91
29 27
29 68
29 0
29 13
29 9
29 1
29 47
29 93
29 62
29 78
29 49
29 28
29 11
29 15
29 94
29 31
29 10
29 54
29 80
29 35
29 72
29 61
29 57
29 4
29 75
16 75
16 46
16 77
16 11
16 29
16 9
16 96
16 68
16 94
16 74
16 91
16 70
16 62
16 51
16 28
16 36
16 71
16 56
16 40
16 32
16 59
16 31
16 34
16 66
16 39
16 54
16 72
16 3
16 86
16 78
43 16
43 80
43 69
43 36
43 62
43 75
43 11
43 18
43 79
43 40
43 77
43 14
43 48
43 88
43 5
43 32
43 83
43 96
43 82
43 21
43 27
43 7
43 65
43 73
43 33
43 93
43 45
43 8
43 2
43 1
30 68
30 27
30 54
30 77
30 51
30 1
30 34
30 45
30 26
30 21
30 80
30 56
30 16
30 39
30 52
30 94
30 74
30 66
30 50
30 29
30 75
30 48
30 43
30 73
30 38
30 55
30 28
30 42
30 37
30 3
24 94
24 13
24 43
24 72
24 30
24 1
24 80
24 29
24 16
24 68
24 40
24 63
24 51
24 20
24 49
24 56
24 53
24 77
24 25
24 76
24 70
24 3
24 88
24 91
24 75
24 65
24 19
24 8
24 79
24 54
98 39
98 30
98 27
98 38
98 47
98 70
98 97
98 53
98 68
98 75
98 11
98 71
98 55
98 40
98 41
98 77
98 15
98 89
98 43
98 16
98 80
98 8
98 54
98 36
98 9
98 29
98 24
98 94
98 19
98 42
81 98
81 11
81 54
81 43
81 73
81 22
81 49
81 99
81 53
81 92
81 7
81 30
81 26
81 23
81 34
81 24
81 13
81 75
81 16
81 68
81 32
81 52
81 10
81 55
81 27
81 29
81 76
81 85
81 62
81 8
12 77
12 68
12 29
12 65
12 81
12 24
12 80
12 71
12 11
12 60
12 36
12 15
12 30
12 49
12 70
12 32
12 43
12 39
12 76
12 91
12 98
12 28
12 53
12 66
12 54
12 51
12 59
12 96
12 75
12 57
87 11
87 56
87 12
87 75
87 98
87 24
87 35
87 36
87 18
87 70
87 78
87 50
87 15
87 81
87 80
87 30
87 77
87 74
87 79
87 65
87 86
87 92
87 97
87 68
87 34
87 96
87 27
87 3
87 88
87 16
