50 41
50 82
50 14
50 38
50 0
50 95
50 7
50 28
50 84
50 18
50 94
50 39
50 47
50 30
50 45
50 55
50 5
50 65
50 53
50 93
50 48
50 21
50 52
50 96
50 3
50 34
50 33
50 32
50 42
50 26
41 82
41 14
41 38
41 0
41 95
41 7
41 28
41 84
41 18
41 94
41 39
41 47
41 30
41 45
41 55
41 5
41 65
41 53
41 93
41 48
41 21
41 52
41 96
41 3
41 34
41 33
41 32
41 42
41 26
82 14
82 38
82 0
82 95
82 7
82 28
82 84
82 18
82 94
82 39
82 47
82 30
82 45
82 55
82 5
82 65
82 53
82 93
82 48
82 21
82 52
82 96
82 3
82 34
82 33
82 32
82 42
82 26
14 38
14 0
14 95
14 7
14 28
14 84
14 18
14 94
14 39
14 47
14 30
14 45
14 55
14 5
14 65
14 53
14 93
14 48
14 21
14 52
14 96
14 3
14 34
14 33
14 32
14 42
14 26
38 0
38 95
38 7
38 28
38 84
38 18
38 94
38 39
38 47
38 30
38 45
38 55
38 5
38 65
38 53
38 93
38 48
38 21
38 52
38 96
38 3
38 34
38 33
38 32
38 42
38 26
0 95
0 7
0 28
0 84
0 18
0 94
0 39
0 47
0 30
0 45
0 55
0 5
0 65
0 53
0 93
0 48
0 21
0 52
0 96
0 3
0 34
0 33
0 32
0 42
0 26
95 7
95 28
95 84
95 18
95 94
95 39
95 47
95 30
95 45
95 55
95 5
95 65
95 53
95 93
95 48
95 21
95 52
95 96
95 3
95 34
95 33
95 32
95 42
95 26
7 28
7 84
7 18
7 94
7 39
7 47
7 30
7 45
7 55
7 5
7 65
7 53
7 93
7 48
7 21
7 52
7 96
7 3
7 34
7 33
7 32
7 42
7 26
28 84
28 18
28 94
28 39
28 47
28 30
28 45
28 55
28 5
28 65
28 53
28 93
28 48
28 21
28 52
28 96
28 3
28 34
28 33
28 32
28 42
28 26
84 18
84 94
84 39
84 47
84 30
84 45
84 55
84 5
84 65
84 53
84 93
84 48
84 21
84 52
84 96
84 3
84 34
84 33
84 32
84 42
84 26
18 94
18 39
18 47
18 30
18 45
18 55
18 5
18 65
18 53
18 93
18 48
18 21
18 52
18 96
18 3
18 34
18 33
18 32
18 42
18 26
94 39
94 47
94 30
94 45
94 55
94 5
94 65
94 53
94 93
94 48
94 21
94 52
94 96
94 3
94 34
94 33
94 32
94 42
94 26
39 47
39 30
39 45
39 55
39 5
39 65
39 53
39 93
39 48
39 21
39 52
39 96
39 3
39 34
39 33
39 32
39 42
39 26
47 30
47 45
47 55
47 5
47 65
47 53
47 93
47 48
47 21
47 52
47 96
47 3
47 34
47 33
47 32
47 42
47 26
30 45
30 55
30 5
30 65
30 53
30 93
30 48
30 21
30 52
30 96
30 3
30 34
30 33
30 32
30 42
30 26
45 55
45 5
45 65
45 53
45 93
45 48
45 21
45 52
45 96
45 3
45 34
45 33
45 32
45 42
45 26
55 5
55 65
55 53
55 93
55 48
55 21
55 52
55 96
55 3
55 34
55 33
55 32
55 42
55 26
5 65
5 53
5 93
5 48
5 21
5 52
5 96
5 3
5 34
5 33
5 32
5 42
5 26
65 53
65 93
65 48
65 21
65 52
65 96
65 3
65 34
65 33
65 32
65 42
65 26
53 93
53 48
53 21
53 52
53 96
53 3
53 34
53 33
53 32
53 42
53 26
93 48
93 21
93 52
93 96
93 3
93 34
93 33
93 32
93 42
93 26
48 21
48 52
48 96
48 3
48 34
48 33
48 32
48 42
48 26
21 52
21 96
21 3
21 34
21 33
21 32
21 42
21 26
52 96
52 3
52 34
52 33
52 32
52 42
52 26
96 3
96 34
96 33
96 32
96 42
96 26
3 34
3 33
3 32
3 42
3 26
34 33
34 32
34 42
34 26
33 32
33 42
33 26
32 42
32 26
42 26
60 32
60 41
60 42
60 65
60 45
60 94
60 39
60 30
60 50
60 38
60 96
60 7
60 33
60 84
60 82
60 21
60 14
60 55
60 28
60 47
60 3
60 0
60 5
60 34
60 93
60 95
60 26
60 52
60 18
60 48
19 42
19 26
19 7
19 55
19 93
19 41
19 5
19 33
19 21
19 18
19 50
19 94
19 82
19 45
19 53
19 34
19 30
19 96
19 28
19 84
19 32
19 47
19 39
19 52
19 95
19 65
19 3
19 60
19 0
19 38
63 38
63 32
63 21
63 42
63 94
63 84
63 26
63 39
63 0
63 93
63 48
63 18
63 47
63 55
63 52
63 53
63 30
63 45
63 82
63 19
63 34
63 41
63 50
63 7
63 3
63 65
63 95
63 28
63 96
63 14
66 55
66 93
66 18
66 0
66 53
66 38
66 45
66 30
66 19
66 21
66 52
66 33
66 60
66 82
66 84
66 26
66 5
66 39
66 65
66 32
66 3
66 47
66 63
66 42
66 41
66 48
66 34
66 95
66 50
66 28
35 34
35 48
35 33
35 65
35 93
35 55
35 28
35 21
35 50
35 94
35 52
35 38
35 45
35 82
35 84
35 3
35 96
35 26
35 32
35 14
35 42
35 66
35 30
35 47
35 39
35 41
35 7
35 19
35 0
35 95
88 84
88 39
88 32
88 47
88 45
88 3
88 82
88 50
88 18
88 26
88 0
88 38
88 33
88 66
88 41
88 96
88 7
88 94
88 48
88 52
88 21
88 95
88 28
88 5
88 93
88 42
88 30
88 19
88 65
88 55
57 53
57 28
57 52
57 32
57 82
57 47
57 33
57 34
57 42
57 30
57 38
57 65
57 0
57 41
57 96
57 50
57 93
57 95
57 18
57 21
57 45
57 19
57 7
57 94
57 84
57 39
57 48
57 55
57 5
57 60
51 26
51 19
51 48
51 18
51 50
51 41
51 93
51 38
51 82
51 39
51 65
51 28
51 95
51 0
51 57
51 42
51 14
51 88
51 84
51 47
51 5
51 55
51 33
51 7
51 60
51 21
51 30
51 96
51 94
51 52
9 47
9 94
9 42
9 32
9 21
9 5
9 55
9 65
9 84
9 28
9 18
9 39
9 7
9 52
9 95
9 33
9 45
9 19
9 50
9 53
9 26
9 82
9 93
9 38
9 3
9 41
9 88
9 30
9 60
9 96
54 65
54 3
54 94
54 95
54 19
54 18
54 38
54 42
54 52
54 57
54 45
54 34
54 32
54 39
54 55
54 48
54 30
54 26
54 50
54 5
54 33
54 0
54 82
54 93
54 21
54 53
54 60
54 41
54 7
54 28
72 7
72 51
72 41
72 66
72 82
72 96
72 50
72 39
72 21
72 34
72 65
72 52
72 45
72 93
72 95
72 5
72 33
72 3
72 38
72 26
72 28
72 48
72 63
72 47
72 30
72 94
72 55
72 53
72 19
72 0
23 96
23 53
23 63
23 39
23 94
23 48
23 82
23 55
23 41
23 33
23 45
23 19
23 32
23 30
23 18
23 95
23 21
23 5
23 38
23 51
23 26
23 84
23 47
23 34
23 93
23 52
23 7
23 0
23 28
23 66
2 28
2 55
2 0
2 42
2 3
2 52
2 33
2 30
2 65
2 19
2 82
2 21
2 95
2 48
2 32
2 7
2 26
2 88
2 45
2 14
2 39
2 18
2 5
2 41
2 84
2 34
2 47
2 50
2 93
2 38
1 26
1 42
1 50
1 5
1 14
1 30
1 95
1 7
1 47
1 21
1 41
1 84
1 94
1 19
1 38
1 48
1 32
1 82
1 93
1 52
1 55
1 0
1 96
1 53
1 65
1 28
1 3
1 60
1 45
1 66
20 47
20 41
20 32
20 95
20 18
20 82
20 39
20 30
20 48
20 55
20 38
20 19
20 50
20 52
20 28
20 93
20 21
20 0
20 26
20 34
20 42
20 7
20 45
20 94
20 3
20 33
20 53
20 84
20 63
20 5
71 0
71 65
71 33
71 41
71 94
71 26
71 95
71 93
71 38
71 7
71 47
71 32
71 88
71 55
71 21
71 30
71 52
71 19
71 35
71 84
71 5
71 18
71 48
71 50
71 28
71 51
71 39
71 34
71 14
71 3
10 65
10 95
10 94
10 7
10 26
10 38
10 48
10 32
10 84
10 39
10 0
10 50
10 41
10 47
10 55
10 28
10 45
10 19
10 42
10 30
10 3
10 93
10 52
10 21
10 1
10 82
10 34
10 33
10 60
10 5
13 33
13 93
13 26
13 30
13 7
13 47
13 96
13 21
13 50
13 65
13 52
13 95
13 60
13 66
13 82
13 32
13 3
13 18
13 84
13 38
13 34
13 42
13 45
13 41
13 48
13 19
13 55
13 28
13 5
13 0
27 65
27 38
27 52
27 7
27 45
27 0
27 21
27 93
27 47
27 34
27 50
27 84
27 41
27 19
27 39
27 42
27 5
27 55
27 95
27 30
27 33
27 32
27 53
27 28
27 96
27 48
27 94
27 26
27 82
27 3
61 32
61 52
61 30
61 45
61 96
61 55
61 95
61 21
61 42
61 7
61 34
61 38
61 47
61 33
61 50
61 93
61 5
61 82
61 26
61 48
61 9
61 39
61 94
61 60
61 84
61 18
61 19
61 0
61 28
61 65
8 33
8 52
8 38
8 53
8 34
8 84
8 95
8 50
8 18
8 21
8 19
8 93
8 55
8 32
8 28
8 0
8 30
8 14
8 63
8 26
8 96
8 39
8 45
8 7
8 47
8 3
8 41
8 94
8 82
8 48
75 52
75 3
75 0
75 84
75 7
75 33
75 55
75 82
75 19
75 39
75 41
75 48
75 28
75 93
75 30
75 94
75 26
75 65
75 60
75 50
75 45
75 34
75 96
75 47
75 5
75 32
75 95
75 42
75 21
75 14
90 47
90 65
90 32
90 34
90 0
90 82
90 55
90 84
90 48
90 50
90 33
90 41
90 3
90 39
90 93
90 7
90 42
90 52
90 45
90 19
90 94
90 28
90 96
90 38
90 30
90 26
90 95
90 5
90 21
90 18
6 39
6 7
6 94
6 45
6 50
6 52
6 21
6 48
6 95
6 28
6 55
6 41
6 47
6 82
6 26
6 93
6 33
6 3
6 65
6 5
6 84
6 32
6 42
6 30
6 53
6 0
6 34
6 38
6 96
6 35
70 26
70 30
70 18
70 93
70 94
70 21
70 95
70 39
70 82
70 55
70 47
70 38
70 48
70 52
70 84
70 5
70 34
70 32
70 45
70 65
70 3
70 28
70 19
70 33
70 41
70 50
70 53
70 54
70 0
70 7
85 33
85 28
85 1
85 82
85 21
85 34
85 93
85 95
85 20
85 55
85 38
85 30
85 5
85 50
85 0
85 84
85 41
85 52
85 7
85 19
85 32
85 42
85 45
85 47
85 3
85 26
85 39
85 48
85 53
85 65
64 93
64 95
64 47
64 3
64 45
64 94
64 42
64 50
64 82
64 28
64 32
64 5
64 41
64 38
64 0
64 21
64 52
64 60
64 33
64 55
64 65
64 7
64 26
64 19
64 30
64 96
64 39
64 48
64 84
64 53
36 7
36 45
36 50
36 93
36 0
36 94
36 30
36 18
36 38
36 32
36 21
36 95
36 5
36 33
36 42
36 55
36 3
36 48
36 52
36 84
36 82
36 41
36 19
36 34
36 47
36 26
36 28
36 65
36 96
36 39
24 19
24 30
24 33
24 55
24 0
24 5
24 93
24 50
24 45
24 48
24 28
24 3
24 65
24 47
24 52
24 95
24 84
24 21
24 94
24 38
24 60
24 39
24 34
24 7
24 41
24 26
24 18
24 82
24 42
24 32
81 39
81 28
81 82
81 0
81 65
81 94
81 41
81 55
81 32
81 84
81 7
81 21
81 26
81 95
81 42
81 38
81 50
81 5
81 48
81 96
81 47
81 52
81 45
81 93
81 3
81 34
81 14
81 30
81 53
81 19
29 42
29 28
29 84
29 21
29 32
29 82
29 33
29 95
29 39
29 93
29 5
29 65
29 55
29 0
29 47
29 94
29 38
29 19
29 45
29 50
29 48
29 41
29 3
29 30
29 7
29 52
29 18
29 26
29 34
29 96
4 7
4 30
4 82
4 28
4 19
4 32
4 93
4 52
4 47
4 38
4 42
4 33
4 65
4 34
4 50
4 94
4 18
4 48
4 21
4 26
4 3
4 53
4 39
4 84
4 45
4 5
4 55
4 66
4 95
4 96
69 45
69 34
69 50
69 33
69 82
69 7
69 30
69 55
69 26
69 32
69 95
69 38
69 52
69 94
69 3
69 65
69 48
69 5
69 28
69 39
69 47
69 21
69 19
69 41
69 84
69 42
69 0
69 66
69 53
69 93
76 93
76 94
76 28
76 7
76 55
76 3
76 50
76 21
76 52
76 82
76 84
76 41
76 30
76 32
76 0
76 26
76 5
76 19
76 33
76 34
76 47
76 66
76 42
76 65
76 45
76 96
76 95
76 38
76 39
76 18
87 32
87 65
87 55
87 7
87 39
87 33
87 93
87 38
87 19
87 47
87 3
87 95
87 30
87 18
87 45
87 50
87 48
87 5
87 82
87 0
87 34
87 42
87 21
87 84
87 28
87 26
87 41
87 60
87 94
87 52
62 42
62 50
62 52
62 55
62 30
62 45
62 33
62 93
62 82
62 32
62 47
62 53
62 3
62 38
62 39
62 84
62 5
62 19
62 34
62 28
62 41
62 26
62 21
62 94
62 7
62 96
62 48
62 0
62 95
62 65
12 7
12 82
12 93
12 5
12 47
12 0
12 3
12 38
12 94
12 26
12 28
12 32
12 50
12 45
12 52
12 95
12 39
12 55
12 30
12 19
12 84
12 42
12 41
12 65
12 21
12 18
12 96
12 34
12 33
12 48
40 96
40 55
40 50
40 41
40 94
40 95
40 84
40 38
40 0
40 28
40 26
40 39
40 47
40 48
40 54
40 32
40 5
40 21
40 19
40 7
40 33
40 93
40 45
40 3
40 65
40 82
40 30
40 18
40 34
40 42
11 48
11 47
11 26
11 0
11 3
11 95
11 32
11 65
11 84
11 33
11 82
11 39
11 50
11 96
11 19
11 94
11 55
11 41
11 52
11 34
11 93
11 30
11 5
11 38
11 45
11 42
11 7
11 28
11 21
11 18
43 94
43 3
43 19
43 55
43 33
43 95
43 39
43 30
43 93
43 42
43 5
43 34
43 41
43 47
43 32
43 28
43 65
43 84
43 26
43 7
43 50
43 21
43 52
43 66
43 82
43 38
43 0
43 45
43 48
43 18
15 41
15 95
15 93
15 28
15 55
15 0
15 7
15 30
15 42
15 82
15 32
15 21
15 18
15 19
15 39
15 65
15 3
15 34
15 38
15 84
15 26
15 48
15 50
15 5
15 94
15 47
15 52
15 45
15 33
15 96
16 39
16 93
16 34
16 65
16 0
16 48
16 38
16 84
16 82
16 28
16 18
16 19
16 21
16 42
16 50
16 5
16 41
16 26
16 47
16 52
16 30
16 94
16 33
16 7
16 96
16 45
16 32
16 95
16 3
16 55
86 21
86 33
86 82
86 95
86 0
86 50
86 38
86 48
86 65
86 7
86 42
86 52
86 47
86 19
86 93
86 32
86 26
86 55
86 45
86 30
86 28
86 41
86 39
86 34
86 5
86 84
86 18
86 3
86 94
86 53
99 45
99 48
99 28
99 52
99 95
99 30
99 34
99 93
99 0
99 47
99 5
99 41
99 82
99 7
99 42
99 84
99 33
99 21
99 55
99 14
99 94
99 39
99 96
99 19
99 26
99 38
99 50
99 65
99 3
99 32
17 26
17 41
17 45
17 84
17 95
17 39
17 19
17 30
17 55
17 5
17 21
17 28
17 93
17 38
17 82
17 52
17 7
17 48
17 96
17 0
17 32
17 94
17 47
17 18
17 33
17 50
17 42
17 65
17 3
17 34
37 28
37 41
37 48
37 96
37 95
37 38
37 82
37 45
37 7
37 52
37 47
37 34
37 30
37 39
37 93
37 3
37 21
37 19
37 0
37 42
37 94
37 84
37 32
37 50
37 55
37 26
37 33
37 18
37 66
37 65
25 28
25 41
25 50
25 52
25 45
25 95
25 7
25 33
25 34
25 93
25 65
25 55
25 5
25 39
25 47
25 0
25 82
25 42
25 94
25 30
25 21
25 48
25 32
25 19
25 18
25 96
25 84
25 3
25 26
25 38
67 47
67 48
67 39
67 5
67 65
67 28
67 82
67 3
67 94
67 21
67 96
67 41
67 38
67 33
67 7
67 95
67 42
67 45
67 30
67 32
67 18
67 0
67 52
67 50
67 84
67 93
67 26
67 19
67 34
67 55
58 47
58 84
58 34
58 82
58 38
58 0
58 21
58 52
58 94
58 19
58 50
58 32
58 45
58 93
58 95
58 7
58 3
58 39
58 18
58 96
58 30
58 26
58 55
58 33
58 41
58 28
58 65
58 42
58 5
58 48
83 3
83 39
83 38
83 41
83 28
83 50
83 65
83 55
83 94
83 84
83 26
83 42
83 32
83 34
83 21
83 30
83 19
83 93
83 45
83 47
83 33
83 5
83 95
83 82
83 7
83 52
83 0
83 48
83 96
83 18
78 30
78 41
78 26
78 47
78 93
78 21
78 55
78 48
78 39
78 52
78 95
78 82
78 28
78 7
78 5
78 66
78 19
78 32
78 84
78 38
78 94
78 0
78 50
78 42
78 33
78 65
78 3
78 17
78 34
78 18
59 5
59 38
59 93
59 21
59 32
59 39
59 55
59 95
59 30
59 47
59 7
59 28
59 52
59 82
59 41
59 19
59 94
59 18
59 3
59 45
59 33
59 0
59 50
59 65
59 84
59 34
59 42
59 48
59 26
59 96
73 18
73 47
73 26
73 95
73 42
73 30
73 32
73 39
73 48
73 84
73 33
73 55
73 52
73 7
73 38
73 34
73 50
73 0
73 93
73 82
73 28
73 41
73 21
73 5
73 3
73 45
73 94
73 96
73 65
73 19
89 52
89 3
89 84
89 0
89 33
89 93
89 55
89 82
89 30
89 21
89 50
89 7
89 38
89 19
89 28
89 32
89 45
89 95
89 41
89 39
89 47
89 48
89 5
89 65
89 26
89 34
89 94
89 96
89 42
89 18
46 19
46 38
46 0
46 50
46 41
46 93
46 95
46 47
46 21
46 7
46 65
46 30
46 94
46 3
46 96
46 48
46 18
46 39
46 26
46 82
46 55
46 84
46 5
46 52
46 34
46 33
46 45
46 28
46 32
46 42
44 82
44 26
44 21
44 38
44 32
44 48
44 28
44 95
44 42
44 7
44 93
44 84
44 5
44 52
44 47
44 94
44 33
44 3
44 65
44 30
44 34
44 45
44 19
44 39
44 55
44 18
44 0
44 96
44 50
44 41
56 47
56 33
56 21
56 41
56 38
56 65
56 50
56 19
56 28
56 82
56 93
56 26
56 55
56 45
56 39
56 95
56 32
56 7
56 30
56 48
56 0
56 84
56 94
56 52
56 42
56 34
56 3
56 5
56 18
56 96
68 28
68 45
68 93
68 52
68 3
68 26
68 32
68 33
68 94
68 82
68 38
68 50
68 96
68 95
68 65
68 39
68 7
68 48
68 19
68 42
68 41
68 47
68 21
68 30
68 18
68 34
68 84
68 5
68 55
68 0
74 45
74 95
74 50
74 52
74 7
74 47
74 3
74 39
74 0
74 34
74 94
74 33
74 26
74 28
74 82
74 84
74 38
74 48
74 55
74 93
74 19
74 21
74 41
74 32
74 42
74 5
74 96
74 30
74 65
74 18
79 96
79 39
79 45
79 41
79 28
79 93
79 55
79 34
79 30
79 84
79 7
79 32
79 0
79 38
79 50
79 82
79 19
79 65
79 94
79 5
79 47
79 52
79 48
79 42
79 3
79 33
79 21
79 95
79 26
79 18
97 26
97 38
97 82
97 65
97 7
97 48
97 45
97 19
97 52
97 33
97 34
97 28
97 32
97 94
97 55
97 84
97 0
97 50
97 5
97 42
97 41
97 21
97 18
97 93
97 47
97 95
97 30
97 39
97 3
97 96
98 45
98 28
98 48
98 33
98 0
98 55
98 32
98 95
98 38
98 41
98 93
98 96
98 94
98 84
98 65
98 26
98 3
98 52
98 7
98 21
98 30
98 42
98 82
98 39
98 19
98 34
98 5
98 47
98 50
98 53
92 30
92 5
92 7
92 93
92 0
92 50
92 42
92 52
92 84
92 3
92 94
92 96
92 26
92 47
92 65
92 55
92 39
92 32
92 45
92 95
92 82
92 28
92 48
92 41
92 34
92 38
92 21
92 19
92 33
92 18
91 30
91 95
91 55
91 28
91 94
91 65
91 84
91 21
91 32
91 5
91 34
91 0
91 7
91 47
91 38
91 42
91 82
91 50
91 18
91 93
91 96
91 3
91 19
91 52
91 41
91 33
91 26
91 39
91 48
91 45
77 47
77 39
77 7
77 0
77 19
77 41
77 26
77 33
77 5
77 55
77 30
77 48
77 21
77 3
77 84
77 50
77 82
77 52
77 38
77 42
77 93
77 65
77 32
77 28
77 45
77 34
77 18
77 95
77 94
77 96
80 93
80 38
80 47
80 41
80 33
80 52
80 42
80 7
80 55
80 26
80 45
80 34
80 30
80 0
80 21
80 32
80 94
80 48
80 19
80 82
80 28
80 95
80 65
80 84
80 39
80 50
80 3
80 5
80 96
80 18
49 28
49 84
49 93
49 39
49 50
49 33
49 3
49 47
49 52
49 42
49 32
49 26
49 48
49 94
49 18
49 41
49 21
49 65
49 7
49 38
49 34
49 5
49 82
49 96
49 95
49 55
49 30
49 45
49 19
49 0
31 41
31 55
31 34
31 5
31 94
31 21
31 32
31 26
31 45
31 7
31 38
31 28
31 30
31 48
31 95
31 0
31 84
31 52
31 93
31 82
31 39
31 33
31 50
31 19
31 47
31 3
31 96
31 42
31 65
31 18
22 42
22 84
22 39
22 33
22 55
22 30
22 52
22 50
22 32
22 5
22 38
22 95
22 41
22 45
22 47
22 7
22 96
22 0
22 28
22 94
22 48
22 3
22 34
22 82
22 65
22 26
22 19
22 21
22 93
22 18
