1 85
1 99
1 94
1 80
1 46
1 12
1 73
1 64
1 15
1 67
1 19
1 3
1 95
1 50
1 54
1 7
1 20
1 57
1 34
1 91
1 36
1 52
1 58
1 8
1 62
1 26
1 71
1 86
1 48
1 6
85 99
85 94
85 80
85 46
85 12
85 73
85 64
85 15
85 67
85 19
85 3
85 95
85 50
85 54
85 7
85 20
85 57
85 34
85 91
85 36
85 52
85 58
85 8
85 62
85 26
85 71
85 86
85 48
85 6
99 94
99 80
99 46
99 12
99 73
99 64
99 15
99 67
99 19
99 3
99 95
99 50
99 54
99 7
99 20
99 57
99 34
99 91
99 36
99 52
99 58
99 8
99 62
99 26
99 71
99 86
99 48
99 6
94 80
94 46
94 12
94 73
94 64
94 15
94 67
94 19
94 3
94 95
94 50
94 54
94 7
94 20
94 57
94 34
94 91
94 36
94 52
94 58
94 8
94 62
94 26
94 71
94 86
94 48
94 6
80 46
80 12
80 73
80 64
80 15
80 67
80 19
80 3
80 95
80 50
80 54
80 7
80 20
80 57
80 34
80 91
80 36
80 52
80 58
80 8
80 62
80 26
80 71
80 86
80 48
80 6
46 12
46 73
46 64
46 15
46 67
46 19
46 3
46 95
46 50
46 54
46 7
46 20
46 57
46 34
46 91
46 36
46 52
46 58
46 8
46 62
46 26
46 71
46 86
46 48
46 6
12 73
12 64
12 15
12 67
12 19
12 3
12 95
12 50
12 54
12 7
12 20
12 57
12 34
12 91
12 36
12 52
12 58
12 8
12 62
12 26
12 71
12 86
12 48
12 6
73 64
73 15
73 67
73 19
73 3
73 95
73 50
73 54
73 7
73 20
73 57
73 34
73 91
73 36
73 52
73 58
73 8
73 62
73 26
73 71
73 86
73 48
73 6
64 15
64 67
64 19
64 3
64 95
64 50
64 54
64 7
64 20
64 57
64 34
64 91
64 36
64 52
64 58
64 8
64 62
64 26
64 71
64 86
64 48
64 6
15 67
15 19
15 3
15 95
15 50
15 54
15 7
15 20
15 57
15 34
15 91
15 36
15 52
15 58
15 8
15 62
15 26
15 71
15 86
15 48
15 6
67 19
67 3
67 95
67 50
67 54
67 7
67 20
67 57
67 34
67 91
67 36
67 52
67 58
67 8
67 62
67 26
67 71
67 86
67 48
67 6
19 3
19 95
19 50
19 54
19 7
19 20
19 57
19 34
19 91
19 36
19 52
19 58
19 8
19 62
19 26
19 71
19 86
19 48
19 6
3 95
3 50
3 54
3 7
3 20
3 57
3 34
3 91
3 36
3 52
3 58
3 8
3 62
3 26
3 71
3 86
3 48
3 6
95 50
95 54
95 7
95 20
95 57
95 34
95 91
95 36
95 52
95 58
95 8
95 62
95 26
95 71
95 86
95 48
95 6
50 54
50 7
50 20
50 57
50 34
50 91
50 36
50 52
50 58
50 8
50 62
50 26
50 71
50 86
50 48
50 6
54 7
54 20
54 57
54 34
54 91
54 36
54 52
54 58
54 8
54 62
54 26
54 71
54 86
54 48
54 6
7 20
7 57
7 34
7 91
7 36
7 52
7 58
7 8
7 62
7 26
7 71
7 86
7 48
7 6
20 57
20 34
20 91
20 36
20 52
20 58
20 8
20 62
20 26
20 71
20 86
20 48
20 6
57 34
57 91
57 36
57 52
57 58
57 8
57 62
57 26
57 71
57 86
57 48
57 6
34 91
34 36
34 52
34 58
34 8
34 62
34 26
34 71
34 86
34 48
34 6
91 36
91 52
91 58
91 8
91 62
91 26
91 71
91 86
91 48
91 6
36 52
36 58
36 8
36 62
36 26
36 71
36 86
36 48
36 6
52 58
52 8
52 62
52 26
52 71
52 86
52 48
52 6
58 8
58 62
58 26
58 71
58 86
58 48
58 6
8 62
8 26
8 71
8 86
8 48
8 6
62 26
62 71
62 86
62 48
62 6
26 71
26 86
26 48
26 6
71 86
71 48
71 6
86 48
86 6
48 6
61 36
61 46
61 1
61 57
61 6
61 19
61 52
61 54
61 12
61 7
61 26
61 62
61 64
61 50
61 86
61 73
61 99
61 80
61 95
61 20
61 34
61 94
61 15
61 58
61 67
61 71
61 3
61 48
61 8
61 85
41 85
41 61
41 20
41 12
41 86
41 52
41 58
41 7
41 8
41 3
41 26
41 6
41 50
41 48
41 64
41 71
41 57
41 54
41 99
41 67
41 19
41 80
41 46
41 34
41 95
41 91
41 15
41 1
41 36
41 62
27 7
27 67
27 85
27 8
27 80
27 46
27 86
27 71
27 99
27 36
27 52
27 50
27 62
27 6
27 1
27 95
27 41
27 12
27 34
27 61
27 19
27 54
27 91
27 26
27 57
27 48
27 64
27 94
27 15
27 73
59 50
59 12
59 85
59 8
59 34
59 19
59 94
59 20
59 58
59 67
59 1
59 27
59 41
59 7
59 15
59 6
59 62
59 26
59 61
59 71
59 95
59 52
59 46
59 36
59 73
59 91
59 64
59 3
59 99
59 54
88 99
88 20
88 71
88 91
88 94
88 54
88 7
88 67
88 57
88 61
88 59
88 19
88 12
88 48
88 34
88 8
88 46
88 15
88 64
88 73
88 1
88 26
88 62
88 80
88 6
88 86
88 95
88 85
88 3
88 27
84 71
84 88
84 95
84 64
84 73
84 59
84 85
84 20
84 99
84 19
84 91
84 46
84 50
84 62
84 15
84 8
84 36
84 48
84 41
84 57
84 80
84 27
84 26
84 54
84 94
84 61
84 52
84 6
84 34
84 12
70 88
70 59
70 20
70 67
70 80
70 19
70 34
70 73
70 41
70 3
70 54
70 95
70 26
70 36
70 7
70 57
70 62
70 46
70 99
70 85
70 1
70 94
70 71
70 15
70 64
70 50
70 84
70 27
70 6
70 61
53 20
53 12
53 94
53 61
53 54
53 19
53 64
53 59
53 99
53 58
53 88
53 86
53 70
53 84
53 80
53 71
53 57
53 95
53 34
53 7
53 15
53 50
53 46
53 41
53 67
53 52
53 6
53 27
53 1
53 62
43 61
43 20
43 70
43 36
43 73
43 80
43 7
43 53
43 88
43 34
43 62
43 41
43 95
43 71
43 50
43 8
43 91
43 94
43 84
43 59
43 15
43 12
43 99
43 26
43 67
43 85
43 57
43 86
43 58
43 27
77 6
77 62
77 43
77 95
77 86
77 57
77 88
77 58
77 53
77 59
77 1
77 27
77 36
77 80
77 71
77 67
77 61
77 20
77 50
77 70
77 7
77 84
77 64
77 52
77 26
77 46
77 19
77 12
77 34
77 3
74 84
74 46
74 20
74 36
74 85
74 80
74 71
74 86
74 77
74 95
74 94
74 54
74 3
74 61
74 67
74 88
74 48
74 15
74 53
74 62
74 57
74 58
74 26
74 27
74 41
74 59
74 70
74 6
74 43
74 50
60 88
60 73
60 36
60 99
60 7
60 46
60 74
60 70
60 91
60 41
60 53
60 27
60 34
60 1
60 20
60 48
60 12
60 61
60 43
60 8
60 57
60 3
60 80
60 64
60 50
60 77
60 54
60 94
60 85
60 52
38 67
38 74
38 80
38 84
38 59
38 57
38 91
38 95
38 94
38 50
38 77
38 53
38 60
38 71
38 43
38 58
38 99
38 46
38 27
38 15
38 73
38 6
38 48
38 34
38 7
38 62
38 12
38 3
38 52
38 1
89 77
89 60
89 50
89 53
89 34
89 80
89 91
89 41
89 8
89 94
89 19
89 73
89 71
89 46
89 57
89 59
89 52
89 36
89 74
89 7
89 61
89 64
89 58
89 12
89 38
89 48
89 43
89 54
89 84
89 99
92 38
92 41
92 58
92 54
92 53
92 7
92 77
92 74
92 84
92 89
92 73
92 3
92 43
92 80
92 62
92 8
92 88
92 86
92 46
92 27
92 60
92 1
92 15
92 91
92 19
92 59
92 48
92 52
92 61
92 34
75 89
75 74
75 36
75 92
75 59
75 43
75 50
75 41
75 94
75 99
75 1
75 84
75 60
75 53
75 34
75 27
75 64
75 19
75 12
75 54
75 88
75 57
75 20
75 67
75 86
75 46
75 26
75 61
75 58
75 52
23 52
23 92
23 85
23 67
23 20
23 38
23 57
23 91
23 86
23 70
23 74
23 1
23 41
23 36
23 80
23 43
23 61
23 53
23 64
23 62
23 34
23 60
23 99
23 54
23 15
23 50
23 19
23 95
23 8
23 84
68 80
68 86
68 46
68 54
68 48
68 27
68 60
68 20
68 84
68 89
68 77
68 15
68 70
68 53
68 41
68 1
68 23
68 43
68 91
68 7
68 67
68 75
68 36
68 6
68 99
68 74
68 94
68 61
68 19
68 88
35 3
35 7
35 60
35 41
35 48
35 1
35 75
35 38
35 80
35 6
35 99
35 46
35 61
35 74
35 8
35 62
35 94
35 68
35 50
35 53
35 57
35 36
35 70
35 23
35 20
35 92
35 43
35 89
35 77
35 34
96 70
96 43
96 19
96 64
96 48
96 77
96 34
96 12
96 38
96 15
96 7
96 71
96 74
96 6
96 1
96 3
96 68
96 58
96 46
96 84
96 88
96 57
96 60
96 35
96 27
96 62
96 92
96 41
96 53
96 36
79 12
79 57
79 68
79 77
79 48
79 35
79 89
79 59
79 73
79 34
79 74
79 85
79 19
79 75
79 95
79 20
79 92
79 64
79 50
79 3
79 43
79 38
79 86
79 54
79 88
79 99
79 36
79 6
79 70
79 53
22 94
22 79
22 91
22 85
22 89
22 7
22 92
22 73
22 50
22 20
22 12
22 41
22 43
22 59
22 84
22 3
22 96
22 61
22 75
22 68
22 95
22 74
22 70
22 34
22 77
22 1
22 99
22 62
22 8
22 23
9 23
9 43
9 91
9 48
9 7
9 22
9 36
9 53
9 3
9 35
9 85
9 61
9 89
9 68
9 79
9 54
9 27
9 15
9 77
9 99
9 1
9 75
9 94
9 34
9 95
9 96
9 60
9 26
9 41
9 6
83 80
83 68
83 88
83 52
83 9
83 8
83 79
83 89
83 38
83 34
83 35
83 36
83 73
83 50
83 77
83 43
83 6
83 54
83 96
83 64
83 26
83 91
83 60
83 62
83 22
83 20
83 71
83 12
83 41
83 67
30 7
30 19
30 9
30 68
30 86
30 26
30 67
30 91
30 23
30 79
30 70
30 52
30 74
30 84
30 35
30 22
30 96
30 57
30 83
30 73
30 92
30 94
30 1
30 43
30 12
30 41
30 36
30 59
30 54
30 89
49 3
49 86
49 22
49 71
49 74
49 8
49 35
49 30
49 80
49 9
49 91
49 43
49 77
49 60
49 52
49 88
49 92
49 83
49 96
49 46
49 6
49 34
49 75
49 95
49 54
49 85
49 20
49 61
49 68
49 27
39 12
39 83
39 26
39 89
39 84
39 27
39 19
39 23
39 43
39 96
39 50
39 49
39 53
39 57
39 41
39 46
39 58
39 6
39 20
39 88
39 30
39 74
39 9
39 80
39 95
39 60
39 67
39 48
39 75
39 73
11 57
11 74
11 48
11 3
11 8
11 12
11 34
11 50
11 88
11 23
11 83
11 91
11 39
11 49
11 30
11 15
11 64
11 75
11 85
11 79
11 46
11 73
11 43
11 59
11 9
11 92
11 84
11 19
11 22
11 60
66 83
66 11
66 27
66 54
66 38
66 61
66 22
66 26
66 6
66 9
66 64
66 79
66 19
66 77
66 52
66 23
66 92
66 30
66 71
66 48
66 49
66 75
66 59
66 85
66 89
66 53
66 35
66 15
66 39
66 58
97 39
97 8
97 15
97 3
97 52
97 11
97 19
97 68
97 49
97 86
97 83
97 26
97 9
97 94
97 66
97 30
97 95
97 38
97 74
97 92
97 79
97 89
97 27
97 22
97 23
97 7
97 96
97 91
97 20
97 53
40 11
40 48
40 70
40 23
40 92
40 3
40 64
40 49
40 68
40 54
40 83
40 97
40 38
40 60
40 85
40 12
40 79
40 20
40 86
40 74
40 66
40 9
40 61
40 89
40 95
40 73
40 1
40 22
40 43
40 6
82 35
82 52
82 49
82 23
82 97
82 58
82 30
82 38
82 68
82 73
82 75
82 64
82 94
82 66
82 22
82 61
82 9
82 43
82 40
82 89
82 15
82 92
82 79
82 3
82 59
82 50
82 83
82 19
82 91
82 85
72 94
72 67
72 71
72 35
72 30
72 11
72 68
72 66
72 49
72 96
72 86
72 77
72 97
72 82
72 48
72 80
72 34
72 99
72 75
72 73
72 3
72 88
72 41
72 79
72 70
72 7
72 9
72 84
72 22
72 89
21 72
21 9
21 19
21 97
21 1
21 23
21 22
21 49
21 61
21 80
21 38
21 79
21 6
21 57
21 66
21 8
21 59
21 75
21 36
21 96
21 11
21 73
21 30
21 94
21 70
21 82
21 40
21 71
21 86
21 26
44 86
44 57
44 95
44 41
44 23
44 72
44 48
44 73
44 30
44 79
44 89
44 27
44 82
44 99
44 75
44 22
44 71
44 66
44 60
44 11
44 92
44 96
44 85
44 97
44 38
44 35
44 77
44 49
44 9
44 40
76 79
76 26
76 21
76 39
76 94
76 89
76 44
76 74
76 30
76 82
76 72
76 80
76 34
76 70
76 67
76 86
76 84
76 99
76 64
76 66
76 9
76 19
76 83
76 22
76 11
76 57
76 88
76 92
76 48
76 75
4 59
4 50
4 76
4 77
4 97
4 8
4 72
4 3
4 84
4 1
4 44
4 89
4 11
4 6
4 12
4 39
4 60
4 66
4 20
4 68
4 36
4 49
4 75
4 30
4 40
4 7
4 61
4 86
4 43
4 95
81 39
81 21
81 30
81 59
81 68
81 22
81 76
81 44
81 11
81 62
81 53
81 4
81 66
81 8
81 40
81 70
81 96
81 12
81 36
81 23
81 38
81 83
81 9
81 48
81 95
81 64
81 72
81 7
81 71
81 49
69 81
69 1
69 71
69 57
69 75
69 76
69 92
69 35
69 40
69 49
69 52
69 48
69 59
69 58
69 21
69 70
69 30
69 91
69 44
69 68
69 72
69 11
69 36
69 83
69 67
69 38
69 60
69 88
69 4
69 95
98 68
98 66
98 1
98 86
98 64
98 21
98 61
98 41
98 4
98 67
98 39
98 36
98 81
98 97
98 54
98 23
98 76
98 35
98 82
98 80
98 69
98 49
98 60
98 38
98 79
98 57
98 15
98 43
98 96
98 34
47 66
47 62
47 22
47 76
47 96
47 69
47 12
47 89
47 91
47 41
47 15
47 1
47 97
47 67
47 95
47 68
47 39
47 52
47 48
47 82
47 30
47 35
47 98
47 72
47 34
47 4
47 11
47 99
47 21
47 23
56 81
56 21
56 44
56 84
56 8
56 69
56 4
56 40
56 22
56 64
56 98
56 97
56 75
56 66
56 15
56 79
56 72
56 59
56 70
56 41
56 43
56 34
56 27
56 80
56 26
56 82
56 73
56 38
56 12
56 11
2 98
2 4
2 56
2 82
2 88
2 85
2 11
2 96
2 80
2 8
2 86
2 84
2 72
2 39
2 69
2 68
2 66
2 54
2 95
2 97
2 7
2 81
2 44
2 52
2 49
2 21
2 74
2 89
2 67
2 76
24 60
24 47
24 12
24 69
24 2
24 75
24 27
24 39
24 26
24 23
24 44
24 22
24 36
24 70
24 94
24 38
24 20
24 71
24 98
24 72
24 8
24 79
24 3
24 67
24 40
24 91
24 58
24 21
24 50
24 35
16 81
16 72
16 99
16 2
16 4
16 24
16 9
16 69
16 98
16 76
16 82
16 74
16 30
16 21
16 20
16 60
16 26
16 47
16 22
16 44
16 3
16 52
16 84
16 89
16 39
16 49
16 94
16 43
16 56
16 75
18 26
18 16
18 15
18 94
18 8
18 72
18 40
18 56
18 19
18 39
18 4
18 24
18 68
18 47
18 92
18 64
18 44
18 2
18 67
18 59
18 83
18 70
18 81
18 38
18 62
18 46
18 36
18 96
18 99
18 76
29 18
29 44
29 92
29 27
29 2
29 36
29 79
29 48
29 23
29 7
29 56
29 86
29 69
29 58
29 12
29 16
29 82
29 6
29 59
29 72
29 96
29 47
29 84
29 49
29 38
29 94
29 74
29 52
29 98
29 60
31 21
31 47
31 16
31 54
31 53
31 56
31 24
31 61
31 60
31 26
31 83
31 98
31 40
31 29
31 86
31 35
31 76
31 81
31 72
31 18
31 85
31 58
31 8
31 46
31 52
31 97
31 30
31 7
31 59
31 66
51 47
51 97
51 24
51 60
51 2
51 8
51 84
51 16
51 9
51 29
51 20
51 1
51 38
51 58
51 66
51 6
51 92
51 31
51 69
51 53
51 49
51 76
51 11
51 57
51 18
51 74
51 43
51 44
51 21
51 7
93 20
93 35
93 24
93 52
93 4
93 47
93 31
93 76
93 1
93 77
93 94
93 83
93 2
93 39
93 51
93 71
93 56
93 60
93 18
93 40
93 11
93 99
93 62
93 54
93 26
93 92
93 48
93 23
93 43
93 75
25 51
25 62
25 93
25 69
25 96
25 56
25 46
25 77
25 40
25 71
25 26
25 4
25 29
25 88
25 3
25 82
25 16
25 49
25 38
25 92
25 31
25 91
25 80
25 97
25 83
25 50
25 99
25 19
25 24
25 12
65 76
65 19
65 31
65 24
65 60
65 71
65 16
65 68
65 93
65 51
65 97
65 27
65 29
65 35
65 3
65 82
65 18
65 40
65 72
65 9
65 79
65 44
65 61
65 80
65 25
65 11
65 12
65 47
65 77
65 6
42 95
42 82
42 98
42 18
42 51
42 85
42 65
42 29
42 3
42 68
42 81
42 97
42 46
42 83
42 93
42 53
42 15
42 24
42 58
42 62
42 11
42 86
42 56
42 75
42 31
42 92
42 35
42 67
42 61
42 22
13 74
13 25
13 68
13 44
13 93
13 20
13 11
13 97
13 51
13 4
13 76
13 65
13 35
13 48
13 46
13 54
13 6
13 52
13 39
13 49
13 85
13 16
13 42
13 24
13 21
13 29
13 50
13 77
13 38
13 64
90 47
90 83
90 88
90 89
90 82
90 31
90 29
90 86
90 9
90 24
90 18
90 26
90 91
90 12
90 30
90 61
90 42
90 95
90 62
90 92
90 76
90 46
90 98
90 41
90 80
90 35
90 40
90 51
90 13
90 94
37 80
37 4
37 8
37 39
37 42
37 20
37 76
37 21
37 13
37 1
37 31
37 83
37 84
37 81
37 93
37 6
37 25
37 71
37 47
37 51
37 24
37 18
37 41
37 65
37 56
37 90
37 49
37 98
37 50
37 66
32 27
32 51
32 93
32 16
32 35
32 90
32 24
32 81
32 4
32 73
32 79
32 2
32 36
32 72
32 47
32 13
32 41
32 31
32 12
32 88
32 1
32 44
32 25
32 42
32 92
32 11
32 7
32 82
32 69
32 19
78 50
78 32
78 65
78 66
78 8
78 90
78 54
78 83
78 51
78 71
78 37
78 22
78 81
78 39
78 86
78 24
78 16
78 21
78 13
78 93
78 56
78 3
78 35
78 42
78 47
78 96
78 43
78 30
78 44
78 6
87 65
87 21
87 29
87 42
87 32
87 96
87 37
87 69
87 51
87 13
87 47
87 83
87 77
87 18
87 7
87 78
87 2
87 25
87 85
87 36
87 95
87 15
87 27
87 16
87 9
87 4
87 26
87 23
87 49
87 52
28 37
28 87
28 25
28 72
28 70
28 35
28 27
28 42
28 68
28 31
28 13
28 4
28 51
28 16
28 89
28 57
28 97
28 84
28 62
28 98
28 24
28 78
28 8
28 83
28 65
28 36
28 91
28 69
28 74
28 52
63 32
63 76
63 72
63 51
63 93
63 90
63 47
63 42
63 58
63 22
63 50
63 64
63 18
63 65
63 77
63 46
63 97
63 81
63 74
63 88
63 13
63 78
63 67
63 30
63 19
63 9
63 29
63 28
63 44
63 21
55 28
55 22
55 48
55 16
55 31
55 96
55 49
55 65
55 63
55 93
55 32
55 69
55 81
55 67
55 90
55 62
55 25
55 56
55 87
55 99
55 7
55 42
55 47
55 66
55 98
55 11
55 61
55 39
55 53
55 97
17 37
17 75
17 40
17 78
17 20
17 35
17 28
17 54
17 90
17 63
17 88
17 11
17 18
17 98
17 55
17 2
17 7
17 13
17 58
17 31
17 12
17 34
17 68
17 99
17 87
17 24
17 47
17 65
17 81
17 89
45 55
45 15
45 88
45 43
45 75
45 32
45 38
45 98
45 93
45 20
45 56
45 47
45 81
45 87
45 96
45 49
45 24
45 13
45 37
45 69
45 31
45 40
45 17
45 63
45 23
45 22
45 11
45 26
45 82
45 89
14 39
14 56
14 78
14 45
14 12
14 21
14 65
14 32
14 2
14 64
14 77
14 63
14 83
14 47
14 29
14 16
14 19
14 55
14 17
14 13
14 96
14 72
14 52
14 40
14 18
14 46
14 28
14 24
14 70
14 90
0 29
0 79
0 87
0 6
0 48
0 65
0 45
0 11
0 39
0 59
0 46
0 90
0 76
0 67
0 37
0 98
0 31
0 55
0 26
0 63
0 14
0 3
0 25
0 91
0 13
0 38
0 23
0 12
0 18
0 2
33 89
33 49
33 53
33 90
33 74
33 19
33 45
33 32
33 14
33 21
33 17
33 63
33 7
33 29
33 87
33 30
33 0
33 28
33 65
33 79
33 9
33 6
33 55
33 50
33 20
33 4
33 37
33 97
33 13
33 41
5 73
5 7
5 66
5 46
5 70
5 42
5 56
5 53
5 28
5 84
5 80
5 99
5 13
5 63
5 87
5 90
5 65
5 33
5 72
5 93
5 32
5 81
5 89
5 45
5 83
5 15
5 17
5 0
5 9
5 22
10 65
10 45
10 24
10 56
10 39
10 97
10 69
10 21
10 47
10 17
10 9
10 34
10 71
10 29
10 16
10 14
10 95
10 77
10 51
10 89
10 55
10 42
10 32
10 58
10 66
10 61
10 52
10 91
10 28
10 82
