0 5
0 83
0 73
0 27
0 85
0 52
0 6
0 51
0 87
0 18
0 54
0 8
0 21
0 96
0 76
0 66
0 43
0 33
0 23
0 75
0 88
0 65
0 55
0 32
0 45
0 35
0 90
0 34
0 11
0 47
0 24
0 1
0 79
0 56
0 92
0 69
0 46
0 59
0 36
0 26
0 3
0 81
0 71
0 48
0 25
0 61
0 15
0 28
1 90
1 67
1 34
1 70
1 47
1 24
1 37
1 4
1 79
1 92
1 59
1 36
1 49
1 26
1 3
1 6
1 81
1 48
1 84
1 61
1 15
1 51
1 28
1 5
1 18
1 93
1 83
1 96
1 73
1 27
1 20
1 95
1 85
1 75
1 52
1 65
1 19
1 32
1 97
1 87
1 54
1 31
1 8
1 21
1 11
1 76
1 53
1 66
1 43
1 56
1 33
1 46
1 23
1 13
1 88
1 55
1 45
1 35
1 25
2 50
2 17
2 72
2 62
2 75
2 52
2 29
2 42
2 9
2 84
2 97
2 74
2 87
2 64
2 41
2 54
2 31
2 96
2 86
2 63
2 53
2 20
2 56
2 33
2 98
2 78
2 22
2 12
2 67
2 44
2 80
2 57
2 34
2 37
2 14
2 4
2 89
2 46
2 82
2 13
2 49
2 16
2 58
2 48
2 38
2 18
2 93
2 70
2 83
2 60
3 15
3 28
3 5
3 18
3 93
3 70
3 83
3 73
3 27
3 95
3 85
3 75
3 52
3 6
3 19
3 84
3 51
3 87
3 54
3 8
3 21
3 11
3 96
3 76
3 66
3 43
3 20
3 56
3 33
3 23
3 88
3 65
3 55
3 32
3 45
3 35
3 25
3 90
3 34
3 47
3 24
3 37
3 4
3 79
3 92
3 69
3 46
3 59
3 36
3 13
3 26
3 81
3 71
3 48
3 61
4 96
4 86
4 99
4 76
4 53
4 66
4 43
4 20
4 33
4 98
4 75
4 42
4 78
4 32
4 22
4 35
4 12
4 87
4 77
4 44
4 80
4 57
4 34
4 11
4 47
4 14
4 89
4 56
4 92
4 69
4 46
4 13
4 26
4 68
4 81
4 58
4 71
4 48
4 38
4 28
4 5
4 93
4 70
4 83
4 60
4 37
4 73
4 50
4 27
4 82
4 72
4 49
4 62
4 52
4 29
4 6
4 9
4 84
4 51
4 41
4 18
4 54
4 31
4 8
5 83
5 96
5 73
5 27
5 72
5 85
5 75
5 52
5 29
5 19
5 32
5 87
5 77
5 54
5 31
5 8
5 21
5 11
5 99
5 76
5 53
5 66
5 43
5 20
5 56
5 33
5 23
5 13
5 88
5 65
5 55
5 68
5 45
5 22
5 58
5 35
5 25
5 90
5 67
5 34
5 70
5 47
5 37
5 79
5 92
5 69
5 46
5 82
5 59
5 36
5 49
5 26
5 6
5 81
5 71
5 48
5 84
5 61
5 15
5 51
5 28
5 18
5 93
6 48
6 61
6 51
6 96
6 73
6 27
6 20
6 72
6 75
6 29
6 32
6 9
6 77
6 31
6 8
6 11
6 99
6 76
6 43
6 33
6 46
6 68
6 58
6 35
6 57
6 34
6 37
6 79
6 92
6 69
6 82
6 49
6 26
6 81
6 71
7 21
7 63
7 53
7 66
7 56
7 10
7 88
7 90
7 67
7 47
7 24
7 46
7 59
7 36
7 13
7 16
7 91
7 94
7 25
7 15
7 28
7 70
7 83
7 40
7 17
7 30
7 95
7 39
7 52
7 19
7 84
7 97
7 74
7 87
7 64
7 18
7 54
8 51
8 11
8 96
8 99
8 76
8 43
8 20
8 33
8 32
8 68
8 35
8 77
8 34
8 37
8 79
8 92
8 69
8 26
8 81
8 71
8 48
8 61
8 73
8 27
8 72
8 75
8 29
9 44
9 80
9 57
9 34
9 14
9 89
9 68
9 58
9 48
9 38
9 93
9 60
9 37
9 50
9 82
9 72
9 49
9 62
9 29
9 41
9 31
9 96
9 86
9 99
9 20
9 33
9 98
9 75
9 42
9 78
9 22
9 12
9 77
10 54
10 21
10 53
10 66
10 56
10 13
10 88
10 65
10 25
10 90
10 67
10 70
10 47
10 24
10 59
10 36
10 39
10 16
10 91
10 94
10 15
10 28
10 18
10 63
10 40
10 30
10 95
10 52
10 19
10 97
10 74
10 87
11 89
11 79
11 56
11 92
11 69
11 46
11 59
11 36
11 13
11 49
11 26
11 81
11 58
11 71
11 48
11 25
11 61
11 15
11 28
11 93
11 70
11 83
11 37
11 73
11 50
11 27
11 82
11 95
11 72
11 85
11 75
11 52
11 29
11 19
11 84
11 97
11 51
11 87
11 18
11 54
11 31
11 21
11 96
11 99
11 76
11 53
11 66
11 43
11 20
11 33
11 23
11 88
11 65
11 78
11 55
11 32
11 68
11 22
11 35
11 77
11 90
11 67
11 57
11 34
11 47
12 44
12 80
12 57
12 34
12 37
12 14
12 89
12 82
12 49
12 58
12 48
12 38
12 93
12 60
12 50
12 72
12 62
12 29
12 42
12 84
12 64
12 41
12 31
12 96
12 86
12 99
12 20
12 98
12 78
12 22
13 88
13 65
13 78
13 32
13 22
13 90
13 67
13 57
13 34
13 47
13 14
13 46
13 82
13 59
13 36
13 49
13 16
13 91
13 81
13 58
13 94
13 48
13 25
13 15
13 28
13 18
13 93
13 70
13 83
13 60
13 50
13 63
13 40
13 17
13 30
13 95
13 62
13 39
13 75
13 52
13 29
13 42
13 19
13 84
13 97
13 74
13 51
13 87
13 64
13 54
13 31
13 21
13 96
13 86
13 53
13 89
13 66
13 20
13 56
13 33
13 23
13 98
14 37
14 46
14 82
14 49
14 58
14 48
14 38
14 18
14 93
14 83
14 60
14 96
14 50
14 17
14 72
14 62
14 75
14 52
14 29
14 42
14 84
14 97
14 74
14 87
14 64
14 41
14 54
14 31
14 44
14 86
14 99
14 53
14 89
14 20
14 56
14 33
14 98
14 78
14 68
14 22
14 67
14 80
14 57
14 34
14 70
15 25
15 90
15 67
15 34
15 70
15 47
15 24
15 46
15 59
15 36
15 49
15 39
15 16
15 91
15 81
15 94
15 48
15 61
15 28
15 18
15 93
15 83
15 73
15 50
15 27
15 63
15 40
15 17
15 30
15 95
15 85
15 75
15 52
15 19
15 32
15 84
15 97
15 74
15 87
15 64
15 54
15 21
15 53
15 66
15 56
15 33
15 23
15 88
15 65
15 55
15 45
16 93
16 70
16 83
16 50
16 40
16 17
16 30
16 95
16 39
16 52
16 42
16 19
16 84
16 97
16 74
16 87
16 64
16 18
16 54
16 21
16 63
16 53
16 66
16 33
16 88
16 90
16 67
16 34
16 47
16 24
16 56
16 46
16 59
16 36
16 49
16 91
16 94
16 25
16 28
17 58
17 94
17 93
17 70
17 83
17 60
17 50
17 40
17 30
17 62
17 52
17 42
17 19
17 84
17 97
17 74
17 87
17 64
17 18
17 54
17 31
17 63
17 53
17 56
17 33
17 98
17 78
17 22
17 67
17 34
17 89
17 46
17 82
17 49
17 91
18 30
18 95
18 85
18 62
18 39
18 75
18 52
18 29
18 42
18 19
18 84
18 97
18 74
18 51
18 87
18 64
18 54
18 31
18 21
18 96
18 76
18 53
18 89
18 66
18 43
18 20
18 56
18 33
18 23
18 98
18 88
18 65
18 78
18 55
18 32
18 22
18 90
18 67
18 57
18 34
18 47
18 24
18 37
18 46
18 82
18 59
18 36
18 49
18 26
18 91
18 81
18 58
18 94
18 48
18 25
18 61
18 28
18 93
18 70
18 83
18 60
18 73
18 50
18 27
18 63
18 40
19 93
19 83
19 50
19 63
19 40
19 30
19 95
19 85
19 39
19 75
19 52
19 84
19 97
19 74
19 87
19 64
19 54
19 31
19 21
19 53
19 89
19 66
19 56
19 33
19 23
19 88
19 65
19 32
19 45
19 25
19 90
19 67
19 34
19 70
19 47
19 24
19 46
19 59
19 36
19 49
19 91
19 81
19 94
19 48
19 28
20 81
20 71
20 48
20 38
20 51
20 28
20 93
20 83
20 60
20 96
20 73
20 50
20 27
20 72
20 62
20 75
20 52
20 29
20 42
20 32
20 84
20 87
20 64
20 41
20 77
20 54
20 31
20 44
20 21
20 86
20 99
20 76
20 53
20 89
20 66
20 43
20 56
20 33
20 23
20 98
20 88
20 78
20 68
20 22
20 58
20 35
20 90
20 67
20 80
20 57
20 34
20 70
20 47
20 37
20 92
20 46
20 82
20 49
20 26
21 64
21 54
21 31
21 63
21 53
21 66
21 43
21 33
21 23
21 88
21 65
21 55
21 32
21 45
21 90
21 67
21 34
21 47
21 24
21 79
21 56
21 46
21 59
21 36
21 49
21 26
21 91
21 81
21 94
21 48
21 25
21 61
21 28
21 93
21 70
21 83
21 73
21 50
21 27
21 40
21 30
21 95
21 85
21 39
21 75
21 52
21 84
21 97
21 51
21 87
22 28
22 93
22 83
22 60
22 96
22 50
22 53
22 62
22 98
22 75
22 52
22 29
22 42
22 97
22 74
22 87
22 64
22 41
22 77
22 54
22 31
22 44
22 86
22 99
22 89
22 56
22 33
22 46
22 78
22 68
22 58
22 67
22 80
22 57
22 34
22 70
22 37
22 82
22 72
22 49
22 81
22 48
22 84
22 38
22 51
23 76
23 53
23 66
23 43
23 56
23 33
23 88
23 65
23 55
23 32
23 45
23 90
23 67
23 34
23 47
23 24
23 79
23 92
23 46
23 59
23 36
23 26
23 81
23 48
23 25
23 61
23 28
23 93
23 70
23 83
23 73
23 27
23 95
23 85
23 39
23 75
23 52
23 84
23 97
23 51
23 87
23 54
23 96
24 97
24 87
24 54
24 66
24 56
24 88
24 65
24 55
24 32
24 45
24 25
24 90
24 67
24 70
24 47
24 46
24 59
24 36
24 91
24 81
24 94
24 61
24 28
24 73
24 27
24 63
24 30
24 95
24 85
24 39
24 52
25 47
25 56
25 46
25 59
25 36
25 91
25 81
25 61
25 28
25 70
25 83
25 73
25 27
25 95
25 85
25 39
25 52
25 94
25 97
25 87
25 54
25 63
25 53
25 30
25 66
25 33
25 88
25 65
25 55
25 32
25 45
25 90
25 67
26 99
26 76
26 66
26 43
26 33
26 46
26 88
26 55
26 68
26 35
26 90
26 34
26 47
26 37
26 79
26 92
26 69
26 59
26 49
26 81
26 71
26 48
26 84
26 61
26 51
26 28
26 83
26 96
26 73
26 27
26 72
26 85
26 75
26 52
26 29
26 65
26 32
26 77
26 54
26 31
27 87
27 77
27 54
27 76
27 66
27 43
27 56
27 33
27 46
27 88
27 55
27 68
27 45
27 35
27 90
27 34
27 70
27 47
27 37
27 79
27 92
27 69
27 59
27 36
27 81
27 71
27 48
27 84
27 61
27 51
27 28
27 83
27 96
27 73
27 85
27 75
27 52
27 65
27 32
28 67
28 34
28 47
28 37
28 79
28 92
28 46
28 59
28 36
28 49
28 81
28 58
28 94
28 48
28 61
28 93
28 70
28 83
28 73
28 50
28 63
28 95
28 85
28 39
28 75
28 52
28 29
28 84
28 97
28 51
28 87
28 54
28 31
28 96
28 76
28 53
28 89
28 66
28 43
28 56
28 33
28 88
28 65
28 55
28 32
28 45
28 90
29 32
29 68
29 77
29 80
29 57
29 34
29 70
29 37
29 92
29 46
29 82
29 49
29 81
29 58
29 48
29 38
29 51
29 93
29 83
29 60
29 96
29 50
29 72
29 62
29 75
29 52
29 42
29 84
29 87
29 64
29 41
29 54
29 31
29 44
29 86
29 99
29 76
29 53
29 89
29 43
29 56
29 33
29 98
29 78
30 36
30 91
30 94
30 93
30 83
30 50
30 63
30 40
30 95
30 39
30 52
30 84
30 97
30 74
30 87
30 64
30 54
30 53
30 56
30 88
30 67
30 70
31 67
31 80
31 57
31 34
31 70
31 37
31 46
31 82
31 49
31 81
31 48
31 84
31 38
31 51
31 93
31 83
31 60
31 96
31 50
31 72
31 62
31 75
31 52
31 42
31 32
31 97
31 87
31 64
31 41
31 77
31 54
31 44
31 86
31 99
31 76
31 53
31 89
31 66
31 43
31 56
31 33
31 98
31 88
31 78
31 68
31 58
32 55
32 68
32 45
32 35
32 90
32 34
32 70
32 47
32 37
32 79
32 92
32 69
32 59
32 36
32 72
32 49
32 81
32 71
32 48
32 84
32 61
32 51
32 93
32 83
32 96
32 73
32 85
32 75
32 52
32 65
32 87
32 77
32 54
32 99
32 76
32 66
32 43
32 56
32 33
32 46
32 88
33 93
33 70
33 83
33 60
33 73
33 50
33 63
33 95
33 72
33 85
33 62
33 75
33 52
33 42
33 84
33 97
33 51
33 87
33 64
33 54
33 96
33 86
33 99
33 76
33 53
33 89
33 66
33 43
33 56
33 98
33 88
33 65
33 78
33 55
33 68
33 77
33 90
33 67
33 57
33 34
33 47
33 37
33 79
33 92
33 46
33 82
33 59
33 36
33 49
33 81
33 58
33 48
33 61
34 81
34 58
34 48
34 61
34 51
34 93
34 83
34 60
34 96
34 73
34 50
34 63
34 95
34 72
34 62
34 75
34 52
34 42
34 84
34 97
34 87
34 64
34 41
34 54
34 86
34 99
34 76
34 53
34 89
34 66
34 43
34 56
34 98
34 88
34 65
34 78
34 68
34 77
34 90
34 67
34 80
34 57
34 70
34 47
34 37
34 79
34 92
34 46
34 82
34 59
34 49
35 96
35 73
35 72
35 75
35 77
35 99
35 76
35 43
35 68
35 37
35 79
35 92
35 69
35 81
35 71
35 48
35 61
35 51
36 84
36 61
36 83
36 73
36 63
36 40
36 95
36 85
36 52
36 65
36 97
36 87
36 54
36 53
36 66
36 56
36 88
36 55
36 45
36 90
36 67
36 70
36 47
36 46
36 59
36 39
36 91
36 81
36 94
37 96
37 86
37 99
37 76
37 43
37 98
37 78
37 68
37 77
37 44
37 80
37 57
37 89
37 92
37 69
37 46
37 49
37 81
37 58
37 71
37 48
37 38
37 93
37 83
37 60
37 73
37 50
37 82
37 72
37 62
37 75
37 52
37 84
37 51
37 41
37 54
38 41
38 96
38 86
38 99
38 98
38 78
38 68
38 77
38 44
38 80
38 57
38 89
38 82
38 49
38 58
38 48
38 60
38 50
38 72
38 62
38 42
39 81
39 94
39 84
39 83
39 63
39 40
39 53
39 95
39 52
39 65
39 97
39 74
39 87
39 54
39 67
39 66
39 56
39 46
39 88
39 91
39 45
39 90
39 70
39 47
39 59
40 54
40 53
40 56
40 88
40 67
40 70
40 46
40 91
40 94
40 93
40 83
40 50
40 63
40 95
40 52
40 42
40 84
40 97
40 74
40 87
40 64
41 42
41 77
41 44
41 86
41 99
41 89
41 98
41 78
41 68
41 58
41 80
41 57
41 82
41 49
41 48
41 84
41 93
41 83
41 60
41 96
41 50
41 72
41 62
41 75
42 67
42 44
42 80
42 57
42 89
42 46
42 49
42 58
42 48
42 93
42 70
42 83
42 60
42 50
42 82
42 62
42 75
42 52
42 84
42 97
42 74
42 87
42 64
42 54
42 96
42 86
42 63
42 53
42 56
42 98
42 78
43 77
43 54
43 99
43 76
43 66
43 79
43 46
43 88
43 55
43 68
43 90
43 47
43 92
43 69
43 59
43 72
43 49
43 81
43 71
43 48
43 84
43 61
43 51
43 83
43 96
43 73
43 85
43 75
43 52
43 65
44 82
44 49
44 58
44 60
44 96
44 50
44 72
44 62
44 86
44 99
44 89
44 98
44 78
44 80
44 57
45 90
45 47
45 79
45 59
45 81
45 61
45 73
45 95
45 85
45 54
45 66
45 88
45 65
45 55
46 98
46 88
46 78
46 55
46 68
46 58
46 90
46 67
46 57
46 70
46 47
46 79
46 82
46 59
46 49
46 91
46 81
46 94
46 48
46 84
46 61
46 51
46 93
46 83
46 60
46 96
46 73
46 50
46 63
46 95
46 72
46 85
46 62
46 75
46 52
46 65
46 97
46 74
46 87
46 64
46 77
46 54
46 86
46 99
46 76
46 53
46 89
46 66
46 56
47 70
47 79
47 92
47 59
47 49
47 81
47 48
47 84
47 61
47 51
47 93
47 83
47 96
47 73
47 63
47 95
47 85
47 75
47 52
47 65
47 97
47 87
47 54
47 76
47 53
47 66
47 56
47 88
47 55
47 90
47 67
48 58
48 90
48 67
48 80
48 57
48 70
48 92
48 69
48 82
48 59
48 72
48 49
48 81
48 71
48 84
48 61
48 51
48 93
48 83
48 60
48 96
48 73
48 50
48 53
48 62
48 98
48 75
48 52
48 65
48 97
48 87
48 64
48 77
48 54
48 86
48 99
48 76
48 89
48 66
48 79
48 56
48 88
48 78
48 68
49 93
49 83
49 60
49 50
49 63
49 72
49 62
49 75
49 52
49 84
49 97
49 74
49 51
49 87
49 64
49 54
49 96
49 86
49 99
49 76
49 53
49 89
49 66
49 56
49 98
49 88
49 78
49 68
49 77
49 90
49 67
49 80
49 57
49 70
49 82
49 81
49 58
50 91
50 58
50 93
50 83
50 60
50 96
50 63
50 62
50 75
50 52
50 84
50 97
50 74
50 87
50 64
50 54
50 86
50 53
50 89
50 56
50 98
50 88
50 78
50 67
50 80
50 57
50 70
50 82
51 68
51 81
51 58
51 90
51 57
51 93
51 70
51 92
51 69
51 82
51 59
51 72
51 71
51 84
51 61
51 83
51 96
51 73
51 85
51 98
51 75
51 52
51 65
51 55
51 87
51 77
51 54
51 99
51 76
51 89
51 66
51 79
51 56
51 88
51 78
52 93
52 83
52 60
52 96
52 73
52 63
52 95
52 85
52 62
52 75
52 65
52 97
52 74
52 87
52 64
52 54
52 76
52 53
52 89
52 66
52 56
52 98
52 88
52 78
52 55
52 91
52 58
52 90
52 67
52 57
52 70
52 82
52 59
52 81
52 94
52 84
52 61
53 81
53 94
53 84
53 93
53 83
53 60
53 96
53 63
53 95
53 62
53 98
53 75
53 65
53 97
53 74
53 87
53 64
53 54
53 89
53 66
53 56
53 88
53 78
53 91
53 58
53 90
53 67
53 57
53 70
53 82
53 59
54 97
54 74
54 87
54 64
54 96
54 76
54 89
54 66
54 56
54 98
54 88
54 65
54 78
54 55
54 90
54 67
54 57
54 70
54 79
54 82
54 59
54 91
54 81
54 58
54 94
54 61
54 93
54 83
54 60
54 73
54 63
54 95
54 85
54 62
54 75
54 84
55 61
55 73
55 95
55 85
55 75
55 65
55 76
55 66
55 79
55 88
55 90
55 92
55 59
55 81
56 89
56 66
56 98
56 88
56 78
56 58
56 90
56 67
56 57
56 70
56 82
56 59
56 91
56 81
56 94
56 84
56 93
56 83
56 60
56 96
56 73
56 63
56 95
56 85
56 62
56 75
56 65
56 97
56 74
56 87
56 64
57 87
57 64
57 77
57 86
57 99
57 89
57 98
57 78
57 68
57 58
57 80
57 70
57 82
57 72
57 84
57 93
57 83
57 60
57 96
57 62
57 75
58 62
58 98
58 75
58 97
58 87
58 64
58 77
58 86
58 99
58 89
58 78
58 68
58 67
58 80
58 70
58 82
58 72
58 81
58 84
58 93
58 83
58 60
58 96
59 90
59 67
59 70
59 79
59 81
59 94
59 61
59 93
59 83
59 73
59 63
59 95
59 85
59 75
59 84
59 97
59 87
59 66
59 88
59 65
60 74
60 87
60 64
60 67
60 99
60 89
60 78
60 68
60 80
60 93
60 70
60 82
60 72
60 84
60 83
60 96
60 86
60 62
60 98
60 75
61 90
61 79
61 92
61 69
61 81
61 71
61 73
61 85
61 75
61 87
61 76
61 66
61 88
61 65
62 78
62 68
62 67
62 80
62 70
62 82
62 84
62 93
62 83
62 96
62 72
62 75
62 97
62 74
62 87
62 64
62 86
62 99
62 89
62 98
63 93
63 70
63 83
63 95
63 84
63 97
63 74
63 87
63 64
63 66
63 88
63 90
63 67
63 89
63 91
63 94
64 67
64 70
64 82
64 94
64 84
64 93
64 83
64 86
64 95
64 98
64 75
64 97
64 74
64 87
64 89
64 88
64 78
64 91
65 88
65 90
65 93
65 70
65 81
65 84
65 83
65 73
65 95
65 85
65 75
65 97
65 87
65 67
65 76
65 66
65 79
66 84
66 93
66 83
66 96
66 73
66 95
66 85
66 75
66 97
66 87
66 76
66 88
66 90
66 67
66 70
66 79
66 91
66 81
66 94
67 81
67 94
67 84
67 93
67 83
67 96
67 95
67 75
67 97
67 74
67 87
67 89
67 88
67 78
67 91
67 90
67 70
67 82
68 93
68 96
68 73
68 98
68 75
68 77
68 86
68 99
68 76
68 89
68 78
68 80
68 92
68 69
68 82
68 72
68 81
68 71
69 71
69 96
69 73
69 75
69 77
69 99
69 76
69 79
69 92
69 72
70 89
70 98
70 88
70 78
70 90
70 82
70 91
70 81
70 94
70 93
70 83
70 96
70 73
70 95
70 75
70 84
70 97
70 74
70 87
71 77
71 99
71 76
71 79
71 92
71 96
71 73
71 72
71 75
72 84
72 83
72 96
72 86
72 98
72 75
72 77
72 99
72 76
72 89
72 78
72 80
72 93
72 92
72 82
73 87
73 77
73 76
73 88
73 90
73 79
73 92
73 81
73 84
73 83
73 96
73 85
73 75
74 97
74 87
74 89
74 91
74 94
74 84
74 93
74 83
74 95
75 90
75 80
75 79
75 92
75 82
75 81
75 93
75 83
75 96
75 95
75 85
75 84
75 97
75 87
75 77
75 86
75 99
75 76
75 89
75 98
75 88
75 78
76 77
76 99
76 79
76 90
76 92
76 81
76 83
76 96
76 85
77 98
77 99
77 79
77 78
77 81
77 80
77 92
77 82
77 96
77 86
78 80
78 82
78 84
78 93
78 83
78 96
78 98
78 87
78 86
78 99
78 89
79 88
79 90
79 92
79 81
79 96
79 85
80 93
80 82
80 96
80 86
80 98
80 99
80 89
81 90
81 93
81 92
81 84
81 83
81 96
81 95
81 85
81 97
81 87
81 88
82 93
82 83
82 96
82 87
82 86
82 99
82 89
82 98
82 84
83 94
83 84
83 93
83 96
83 95
83 98
83 97
83 87
83 86
83 99
83 89
83 88
83 91
83 90
84 94
84 93
84 96
84 95
84 98
84 97
84 87
84 86
84 99
84 89
84 88
84 91
84 90
85 95
85 87
85 88
85 90
85 92
86 96
86 98
86 99
86 89
86 93
87 97
87 89
87 98
87 88
87 91
87 90
87 94
87 93
87 96
87 95
88 95
88 97
88 91
88 90
88 94
88 93
88 96
89 99
89 93
89 96
89 98
89 97
90 97
90 94
90 93
90 96
90 95
91 95
91 97
91 93
91 94
92 96
92 99
93 97
93 99
93 94
93 96
93 95
93 98
94 95
94 97
95 97
96 99
96 98
98 99
