binom	1	0	0.01	0.01714	0.501091
binom	1	0.01	0.01	0.01708	0.501048
binom	1	0.02	0.01	0.01639	0.502575
binom	1	0.03	0.01	0.01706	0.504994
binom	1	0.05	0.01	0.01652	0.507972
binom	1	0.07	0.01	0.01707	0.509221
binom	1	0.08	0.01	0.01677	0.511258
binom	1	0.1	0.01	0.01639	0.514521
binom	1	0.2	0.01	0.01678	0.530739
binom	1	0.3	0.01	0.0158	0.543196
binom	1	0.4	0.01	0.01531	0.557178
binom	1	0.5	0.01	0.01446	0.575373
binom	1	0.6	0.01	0.01466	0.587667
binom	1	0.7	0.01	0.0126	0.602
binom	1	0.8	0.01	0.01224	0.618284
binom	1	0.9	0.01	0.01163	0.630808
