binom	1	0	0.01	0.01649	0.497538
binom	1	0.01	0.01	0.01653	0.499655
binom	1	0.02	0.01	0.01534	0.502034
binom	1	0.03	0.01	0.01565	0.504268
binom	1	0.05	0.01	0.01563	0.50483
binom	1	0.07	0.01	0.01592	0.507783
binom	1	0.08	0.01	0.01582	0.510714
binom	1	0.1	0.01	0.01585	0.510789
binom	1	0.2	0.01	0.01603	0.522183
binom	1	0.3	0.01	0.01533	0.534273
binom	1	0.4	0.01	0.0148	0.543399
binom	1	0.5	0.01	0.01432	0.55301
binom	1	0.6	0.01	0.01382	0.563119
binom	1	0.7	0.01	0.01329	0.572318
binom	1	0.8	0.01	0.01246	0.583547
binom	1	0.9	0.01	0.01179	0.594427
