binom	1	0	0.01	0.01643	0.500797
binom	1	0.01	0.01	0.01557	0.502319
binom	1	0.02	0.01	0.01604	0.500368
binom	1	0.03	0.01	0.01584	0.501376
binom	1	0.05	0.01	0.01592	0.506646
binom	1	0.07	0.01	0.01704	0.509842
binom	1	0.08	0.01	0.01644	0.509033
binom	1	0.1	0.01	0.01627	0.51134
binom	1	0.2	0.01	0.01542	0.521978
binom	1	0.3	0.01	0.01554	0.533784
binom	1	0.4	0.01	0.01517	0.543632
binom	1	0.5	0.01	0.01445	0.555343
binom	1	0.6	0.01	0.01384	0.565903
binom	1	0.7	0.01	0.01305	0.576897
binom	1	0.8	0.01	0.01279	0.585434
binom	1	0.9	0.01	0.01237	0.596152
