binom	1	0	0.01	0.01649	0.499491
binom	1	0.01	0.01	0.01674	0.502527
binom	1	0.02	0.01	0.01586	0.503506
binom	1	0.03	0.01	0.01614	0.502305
binom	1	0.05	0.01	0.01558	0.50654
binom	1	0.07	0.01	0.01565	0.509399
binom	1	0.08	0.01	0.01632	0.508805
binom	1	0.1	0.01	0.01557	0.512017
binom	1	0.2	0.01	0.01603	0.519807
binom	1	0.3	0.01	0.01569	0.532957
binom	1	0.4	0.01	0.01553	0.541442
binom	1	0.5	0.01	0.01359	0.555946
binom	1	0.6	0.01	0.01362	0.565162
binom	1	0.7	0.01	0.01323	0.575707
binom	1	0.8	0.01	0.01187	0.585392
binom	1	0.9	0.01	0.01169	0.593131
