binom	1	0	0.01	0.01577	0.500932
binom	1	0.01	0.01	0.01604	0.502893
binom	1	0.02	0.01	0.01542	0.500084
binom	1	0.03	0.01	0.01586	0.503266
binom	1	0.05	0.01	0.01582	0.505436
binom	1	0.07	0.01	0.0162	0.505722
binom	1	0.08	0.01	0.01575	0.50807
binom	1	0.1	0.01	0.01616	0.509443
binom	1	0.2	0.01	0.01543	0.518153
binom	1	0.3	0.01	0.01523	0.525758
binom	1	0.4	0.01	0.015	0.535113
binom	1	0.5	0.01	0.01327	0.542027
binom	1	0.6	0.01	0.01376	0.551047
binom	1	0.7	0.01	0.01258	0.55934
binom	1	0.8	0.01	0.01188	0.567045
binom	1	0.9	0.01	0.01216	0.576678
