binom	1	0	0.01	0.01598	0.499812
binom	1	0.01	0.01	0.01644	0.502634
binom	1	0.02	0.01	0.01619	0.500605
binom	1	0.03	0.01	0.01602	0.501423
binom	1	0.05	0.01	0.01673	0.505852
binom	1	0.07	0.01	0.01554	0.507645
binom	1	0.08	0.01	0.01593	0.506547
binom	1	0.1	0.01	0.01541	0.511726
binom	1	0.2	0.01	0.01603	0.515621
binom	1	0.3	0.01	0.01601	0.527021
binom	1	0.4	0.01	0.01464	0.533832
binom	1	0.5	0.01	0.01407	0.543618
binom	1	0.6	0.01	0.01391	0.554292
binom	1	0.7	0.01	0.01373	0.561231
binom	1	0.8	0.01	0.01312	0.567569
binom	1	0.9	0.01	0.01205	0.577112
