binom	1	0	0.01	0.01157	0.499888
binom	1	0.01	0.01	0.01232	0.50349
binom	1	0.02	0.01	0.01118	0.504454
binom	1	0.03	0.01	0.01227	0.504124
binom	1	0.05	0.01	0.01224	0.508366
binom	1	0.07	0.01	0.0121	0.509653
binom	1	0.08	0.01	0.01234	0.511337
binom	1	0.1	0.01	0.01263	0.515146
binom	1	0.2	0.01	0.0119	0.528143
binom	1	0.3	0.01	0.01124	0.543719
binom	1	0.4	0.01	0.01105	0.558009
binom	1	0.5	0.01	0.00997	0.57317
binom	1	0.6	0.01	0.00923	0.587627
binom	1	0.7	0.01	0.00833	0.602545
binom	1	0.8	0.01	0.00805	0.61805
binom	1	0.9	0.01	0.00745	0.631758
