binom	1	0	0.01	0.02044	0.498571
binom	1	0.01	0.01	0.02053	0.498943
binom	1	0.02	0.01	0.02086	0.503591
binom	1	0.03	0.01	0.02126	0.504468
binom	1	0.05	0.01	0.02152	0.506138
binom	1	0.07	0.01	0.0216	0.507782
binom	1	0.08	0.01	0.02115	0.510652
binom	1	0.1	0.01	0.02111	0.512004
binom	1	0.2	0.01	0.02008	0.525822
binom	1	0.3	0.01	0.02004	0.537909
binom	1	0.4	0.01	0.01851	0.551469
binom	1	0.5	0.01	0.01879	0.564369
binom	1	0.6	0.01	0.01676	0.574606
binom	1	0.7	0.01	0.01651	0.590363
binom	1	0.8	0.01	0.01538	0.604077
binom	1	0.9	0.01	0.01384	0.617038
