binom	1	0	0.01	0.02006	0.501102
binom	1	0.01	0.01	0.02191	0.500739
binom	1	0.02	0.01	0.02111	0.501757
binom	1	0.03	0.01	0.02054	0.504026
binom	1	0.05	0.01	0.02167	0.507383
binom	1	0.07	0.01	0.02225	0.511213
binom	1	0.08	0.01	0.02175	0.510786
binom	1	0.1	0.01	0.02088	0.513089
binom	1	0.2	0.01	0.02096	0.530243
binom	1	0.3	0.01	0.01995	0.54592
binom	1	0.4	0.01	0.01943	0.561292
binom	1	0.5	0.01	0.01818	0.577778
binom	1	0.6	0.01	0.01725	0.594168
binom	1	0.7	0.01	0.01682	0.606231
binom	1	0.8	0.01	0.01633	0.623491
binom	1	0.9	0.01	0.01436	0.638454
