binom	1	0	0.01	0.01873	0.499888
binom	1	0.01	0.01	0.01748	0.503747
binom	1	0.02	0.01	0.01777	0.504491
binom	1	0.03	0.01	0.01822	0.503419
binom	1	0.05	0.01	0.01854	0.513074
binom	1	0.07	0.01	0.01903	0.515502
binom	1	0.08	0.01	0.0177	0.515599
binom	1	0.1	0.01	0.01828	0.523337
binom	1	0.2	0.01	0.01762	0.544779
binom	1	0.3	0.01	0.01651	0.567329
binom	1	0.4	0.01	0.01654	0.590024
binom	1	0.5	0.01	0.01575	0.613727
binom	1	0.6	0.01	0.01536	0.633021
binom	1	0.7	0.01	0.01378	0.655189
binom	1	0.8	0.01	0.01389	0.678992
binom	1	0.9	0.01	0.01197	0.699507
