binom	1	0	0.01	0.01729	0.50022
binom	1	0.01	0.01	0.01735	0.501867
binom	1	0.02	0.01	0.01667	0.503983
binom	1	0.03	0.01	0.01745	0.504848
binom	1	0.05	0.01	0.01733	0.510456
binom	1	0.07	0.01	0.01705	0.516041
binom	1	0.08	0.01	0.01806	0.517697
binom	1	0.1	0.01	0.01713	0.52209
binom	1	0.2	0.01	0.01744	0.53965
binom	1	0.3	0.01	0.01591	0.559755
binom	1	0.4	0.01	0.01474	0.579925
binom	1	0.5	0.01	0.01431	0.601041
binom	1	0.6	0.01	0.01408	0.62255
binom	1	0.7	0.01	0.01299	0.639069
binom	1	0.8	0.01	0.01219	0.659869
binom	1	0.9	0.01	0.01235	0.68013
