binom	1	0	0.01	0.01579	0.502508
binom	1	0.01	0.01	0.01552	0.501134
binom	1	0.02	0.01	0.01475	0.502603
binom	1	0.03	0.01	0.01509	0.502121
binom	1	0.05	0.01	0.01591	0.50406
binom	1	0.07	0.01	0.01644	0.504599
binom	1	0.08	0.01	0.01589	0.506482
binom	1	0.1	0.01	0.01502	0.508941
binom	1	0.2	0.01	0.01594	0.518074
binom	1	0.3	0.01	0.01511	0.527922
binom	1	0.4	0.01	0.01486	0.5343
binom	1	0.5	0.01	0.01455	0.54332
binom	1	0.6	0.01	0.0132	0.551129
binom	1	0.7	0.01	0.01279	0.558061
binom	1	0.8	0.01	0.01249	0.563603
binom	1	0.9	0.01	0.01167	0.569949
