0 1
0 2
0 3
0 4
0 5
1 2
1 3
1 4
1 5
1 7
2 3
2 4
2 5
3 4
3 5
4 5
6 41
6 53
6 66
7 82
7 36
7 80
24 73
24 56
24 17
73 59
73 20
56 49
56 93
17 78
17 71
59 70
59 14
20 43
20 21
49 54
49 84
93 74
93 98
78 41
78 8
71 8
71 30
41 22
8 70
22 52
22 62
70 47
82 81
82 91
36 50
36 58
80 37
80 53
81 12
81 35
91 42
91 29
50 69
50 12
58 44
58 99
37 83
37 26
53 23
92 55
92 67
92 38
55 84
55 67
67 85
38 84
38 77
85 45
85 29
77 10
77 96
13 87
13 51
13 47
87 26
87 48
51 47
51 99
26 48
48 46
99 44
23 66
23 32
66 11
32 25
32 35
11 28
11 98
25 90
25 63
35 65
90 63
90 10
63 64
10 96
64 18
64 83
52 69
52 86
69 86
86 39
39 27
39 9
62 9
62 94
31 95
31 28
31 27
95 43
95 57
28 76
27 9
43 19
57 79
57 98
76 60
76 15
60 34
60 16
34 65
34 68
16 42
16 54
65 72
68 72
68 14
15 79
15 29
42 18
54 94
12 46
46 30
18 40
40 33
40 97
33 44
33 97
97 96
83 45
19 88
19 21
79 89
72 75
75 74
75 61
30 94
89 74
89 14
61 88
61 21
45 88
