binom	1	0	0.15	0.14436	0.499792
binom	1	0.01	0.15	0.14448	0.501013
binom	1	0.02	0.15	0.1452	0.502092
binom	1	0.03	0.15	0.14767	0.503679
binom	1	0.05	0.15	0.14402	0.505236
binom	1	0.07	0.15	0.14625	0.508571
binom	1	0.08	0.15	0.14358	0.509241
binom	1	0.1	0.15	0.14419	0.51151
binom	1	0.2	0.15	0.13924	0.522409
binom	1	0.3	0.15	0.13667	0.536137
binom	1	0.4	0.15	0.13191	0.546941
binom	1	0.5	0.15	0.12504	0.558578
binom	1	0.6	0.15	0.11751	0.571315
binom	1	0.7	0.15	0.10795	0.583284
binom	1	0.8	0.15	0.09982	0.596048
binom	1	0.9	0.15	0.09256	0.609813
