binom	1	0	0.15	0.14512	0.49933
binom	1	0.01	0.15	0.14787	0.501284
binom	1	0.02	0.15	0.14377	0.501972
binom	1	0.03	0.15	0.14437	0.503609
binom	1	0.05	0.15	0.14637	0.505108
binom	1	0.07	0.15	0.14611	0.508851
binom	1	0.08	0.15	0.14398	0.510141
binom	1	0.1	0.15	0.14329	0.511824
binom	1	0.2	0.15	0.14128	0.524473
binom	1	0.3	0.15	0.13836	0.536395
binom	1	0.4	0.15	0.13174	0.549041
binom	1	0.5	0.15	0.12621	0.561017
binom	1	0.6	0.15	0.11744	0.574134
binom	1	0.7	0.15	0.10736	0.587513
binom	1	0.8	0.15	0.09884	0.601835
binom	1	0.9	0.15	0.09325	0.615357
