binom	1	0	0.15	0.14718	0.499755
binom	1	0.01	0.15	0.14785	0.502691
binom	1	0.02	0.15	0.14838	0.503876
binom	1	0.03	0.15	0.14867	0.50502
binom	1	0.05	0.15	0.14833	0.508352
binom	1	0.07	0.15	0.14595	0.511923
binom	1	0.08	0.15	0.14581	0.513377
binom	1	0.1	0.15	0.14806	0.516611
binom	1	0.2	0.15	0.14413	0.534284
binom	1	0.3	0.15	0.1377	0.55183
binom	1	0.4	0.15	0.13349	0.569089
binom	1	0.5	0.15	0.12879	0.587392
binom	1	0.6	0.15	0.11982	0.605847
binom	1	0.7	0.15	0.11066	0.623962
binom	1	0.8	0.15	0.10322	0.642695
binom	1	0.9	0.15	0.09486	0.662843
