binom	1	0	0.15	0.13534	0.49965
binom	1	0.01	0.15	0.13557	0.501174
binom	1	0.02	0.15	0.13709	0.500485
binom	1	0.03	0.15	0.1379	0.502844
binom	1	0.05	0.15	0.13309	0.503506
binom	1	0.07	0.15	0.13647	0.506029
binom	1	0.08	0.15	0.13468	0.50597
binom	1	0.1	0.15	0.13502	0.507287
binom	1	0.2	0.15	0.13397	0.516252
binom	1	0.3	0.15	0.12943	0.524531
binom	1	0.4	0.15	0.12356	0.531252
binom	1	0.5	0.15	0.11547	0.540758
binom	1	0.6	0.15	0.10812	0.548263
binom	1	0.7	0.15	0.10328	0.557367
binom	1	0.8	0.15	0.0924	0.5654
binom	1	0.9	0.15	0.08772	0.574341
