binom	1	0	0.15	0.15565	0.500424
binom	1	0.01	0.15	0.15309	0.500479
binom	1	0.02	0.15	0.15335	0.500544
binom	1	0.03	0.15	0.15444	0.501195
binom	1	0.05	0.15	0.15513	0.501336
binom	1	0.07	0.15	0.15161	0.501115
binom	1	0.08	0.15	0.15334	0.501647
binom	1	0.1	0.15	0.1524	0.502582
binom	1	0.2	0.15	0.15088	0.505217
binom	1	0.3	0.15	0.1437	0.507112
binom	1	0.4	0.15	0.13892	0.510808
binom	1	0.5	0.15	0.13211	0.512871
binom	1	0.6	0.15	0.12394	0.515284
binom	1	0.7	0.15	0.11631	0.516892
binom	1	0.8	0.15	0.10779	0.519937
binom	1	0.9	0.15	0.09909	0.521728
