binom	1	0	0.15	0.15125	0.500216
binom	1	0.01	0.15	0.15181	0.50101
binom	1	0.02	0.15	0.15248	0.50316
binom	1	0.03	0.15	0.14943	0.505314
binom	1	0.05	0.15	0.15188	0.509001
binom	1	0.07	0.15	0.15002	0.512322
binom	1	0.08	0.15	0.15072	0.513676
binom	1	0.1	0.15	0.1506	0.517809
binom	1	0.2	0.15	0.14613	0.535447
binom	1	0.3	0.15	0.14291	0.553697
binom	1	0.4	0.15	0.13705	0.572452
binom	1	0.5	0.15	0.12916	0.590416
binom	1	0.6	0.15	0.1224	0.609737
binom	1	0.7	0.15	0.11326	0.62895
binom	1	0.8	0.15	0.10435	0.649369
binom	1	0.9	0.15	0.09461	0.669775
