binom	1	0	0.15	0.13961	0.500038
binom	1	0.01	0.15	0.14057	0.500881
binom	1	0.02	0.15	0.13863	0.50238
binom	1	0.03	0.15	0.13797	0.504778
binom	1	0.05	0.15	0.13776	0.506865
binom	1	0.07	0.15	0.13903	0.509827
binom	1	0.08	0.15	0.13822	0.511147
binom	1	0.1	0.15	0.1378	0.513482
binom	1	0.2	0.15	0.13426	0.527571
binom	1	0.3	0.15	0.13055	0.541534
binom	1	0.4	0.15	0.1254	0.555765
binom	1	0.5	0.15	0.11813	0.570413
binom	1	0.6	0.15	0.10994	0.584713
binom	1	0.7	0.15	0.10406	0.600809
binom	1	0.8	0.15	0.09643	0.615864
binom	1	0.9	0.15	0.08865	0.631622
