binom	1	0	0.15	0.13066	0.499793
binom	1	0.01	0.15	0.13169	0.502637
binom	1	0.02	0.15	0.13102	0.504503
binom	1	0.03	0.15	0.12963	0.507564
binom	1	0.05	0.15	0.13199	0.511239
binom	1	0.07	0.15	0.13065	0.515664
binom	1	0.08	0.15	0.1299	0.518103
binom	1	0.1	0.15	0.13198	0.523536
binom	1	0.2	0.15	0.12795	0.545655
binom	1	0.3	0.15	0.12358	0.56835
binom	1	0.4	0.15	0.11622	0.592472
binom	1	0.5	0.15	0.11003	0.616914
binom	1	0.6	0.15	0.09952	0.641826
binom	1	0.7	0.15	0.08812	0.669046
binom	1	0.8	0.15	0.08103	0.697033
binom	1	0.9	0.15	0.07224	0.725576
