binom	1	0	0.15	0.13116	0.500473
binom	1	0.01	0.15	0.13092	0.501997
binom	1	0.02	0.15	0.13181	0.504863
binom	1	0.03	0.15	0.13274	0.5064
binom	1	0.05	0.15	0.13113	0.510704
binom	1	0.07	0.15	0.12985	0.515503
binom	1	0.08	0.15	0.13206	0.517496
binom	1	0.1	0.15	0.1277	0.522957
binom	1	0.2	0.15	0.12668	0.545749
binom	1	0.3	0.15	0.12288	0.567546
binom	1	0.4	0.15	0.11777	0.590363
binom	1	0.5	0.15	0.10947	0.614606
binom	1	0.6	0.15	0.09909	0.639809
binom	1	0.7	0.15	0.09088	0.666507
binom	1	0.8	0.15	0.08075	0.693123
binom	1	0.9	0.15	0.07233	0.72143
