binom	1	0	0.15	0.17801	0.500341
binom	1	0.01	0.15	0.18078	0.502365
binom	1	0.02	0.15	0.17784	0.503263
binom	1	0.03	0.15	0.17831	0.504516
binom	1	0.05	0.15	0.1775	0.508158
binom	1	0.07	0.15	0.17994	0.511642
binom	1	0.08	0.15	0.17752	0.512907
binom	1	0.1	0.15	0.179	0.516448
binom	1	0.2	0.15	0.17363	0.532053
binom	1	0.3	0.15	0.17023	0.548444
binom	1	0.4	0.15	0.15989	0.564571
binom	1	0.5	0.15	0.15323	0.581459
binom	1	0.6	0.15	0.1434	0.598911
binom	1	0.7	0.15	0.13439	0.615576
binom	1	0.8	0.15	0.12306	0.634083
binom	1	0.9	0.15	0.11434	0.652966
