binom	1	0	0.15	0.13074	0.50032
binom	1	0.01	0.15	0.13074	0.500568
binom	1	0.02	0.15	0.12984	0.50026
binom	1	0.03	0.15	0.13137	0.501467
binom	1	0.05	0.15	0.1292	0.501173
binom	1	0.07	0.15	0.13071	0.502222
binom	1	0.08	0.15	0.13082	0.503189
binom	1	0.1	0.15	0.12916	0.503514
binom	1	0.2	0.15	0.12545	0.506897
binom	1	0.3	0.15	0.12307	0.510453
binom	1	0.4	0.15	0.11621	0.513341
binom	1	0.5	0.15	0.11122	0.516927
binom	1	0.6	0.15	0.10182	0.519928
binom	1	0.7	0.15	0.09622	0.522575
binom	1	0.8	0.15	0.0884	0.526276
binom	1	0.9	0.15	0.08166	0.530547
