1 2
1 8
1 9
2 9
2 5
8 4
8 0
9 5
5 6
3 4
3 7
3 0
4 7
7 6
0 6
0 90
27 68
27 38
27 80
27 10
27 83
27 16
27 50
27 40
27 49
27 85
27 84
27 24
27 74
27 51
27 41
27 11
27 22
27 73
27 86
27 76
27 53
27 30
27 66
27 43
27 33
27 65
27 42
27 78
27 55
27 32
27 67
27 20
27 44
27 57
27 34
27 47
27 69
27 46
68 95
68 72
68 85
68 42
68 56
68 74
68 24
68 54
68 35
68 66
68 19
68 20
68 52
68 89
68 37
68 67
68 23
68 33
68 14
68 15
68 80
68 17
68 32
68 46
68 92
68 69
68 18
68 48
68 82
68 94
68 12
68 26
68 83
68 29
68 73
68 10
68 43
38 77
38 57
38 56
38 92
38 91
38 24
38 35
38 48
38 22
38 80
38 25
38 82
38 95
38 72
38 33
38 84
38 17
38 74
38 51
38 64
38 41
38 31
38 18
38 63
38 76
38 53
38 66
38 43
38 75
38 28
38 88
38 55
38 12
38 15
38 26
38 87
38 29
80 65
80 77
80 21
80 50
80 87
80 52
80 43
80 54
80 20
80 76
80 34
80 84
80 53
80 69
80 10
80 11
80 41
80 13
80 96
80 86
80 72
80 56
80 36
80 66
80 67
80 92
80 15
80 45
80 31
80 62
80 83
80 30
80 44
80 82
80 40
10 81
10 90
10 18
10 87
10 52
10 48
10 54
10 20
10 64
10 76
10 42
10 53
10 97
10 72
10 26
10 71
10 95
10 74
10 83
10 41
10 40
10 89
10 13
10 61
10 96
10 85
10 14
10 92
10 82
10 59
10 49
10 73
10 63
10 32
10 25
83 46
83 77
83 24
83 39
83 50
83 43
83 20
83 64
83 88
83 34
83 53
83 91
83 12
83 30
83 22
83 45
83 11
83 75
83 98
83 93
83 71
83 16
83 31
83 23
83 29
83 96
83 60
83 63
83 41
83 89
83 92
83 56
83 36
83 28
16 81
16 90
16 18
16 87
16 51
16 48
16 54
16 20
16 64
16 42
16 12
16 37
16 72
16 30
16 22
16 70
16 47
16 98
16 28
16 60
16 73
16 85
16 13
16 62
16 74
16 31
16 86
16 33
16 32
16 35
16 67
16 44
16 89
16 15
16 59
16 36
50 81
50 65
50 94
50 77
50 21
50 78
50 87
50 64
50 26
50 96
50 63
50 76
50 13
50 43
50 30
50 98
50 88
50 55
50 41
50 22
50 25
50 69
50 59
50 23
50 91
50 58
50 71
50 14
50 93
50 17
50 31
50 34
50 95
50 52
50 28
40 65
40 90
40 21
40 78
40 52
40 54
40 88
40 34
40 84
40 53
40 12
40 72
40 22
40 70
40 47
40 11
40 75
40 98
40 95
40 23
40 74
40 89
40 56
40 14
40 15
40 32
40 61
40 73
40 49
40 62
40 86
40 66
40 33
40 35
40 17
49 77
49 57
49 18
49 19
49 24
49 39
49 87
49 52
49 43
49 48
49 42
49 55
49 12
49 37
49 72
49 30
49 22
49 47
49 11
49 26
49 99
49 89
49 13
49 28
49 60
49 61
49 36
49 29
49 14
49 33
49 32
49 56
49 25
49 35
49 82
85 77
85 24
85 78
85 87
85 54
85 64
85 34
85 69
85 55
85 79
85 70
85 47
85 75
85 98
85 26
85 71
85 99
85 23
85 74
85 89
85 28
85 60
85 96
85 29
85 59
85 92
85 32
85 62
85 44
85 25
85 58
85 33
85 66
85 17
84 46
84 81
84 94
84 57
84 18
84 19
84 39
84 87
84 51
84 43
84 54
84 20
84 34
84 67
84 70
84 97
84 12
84 99
84 89
84 26
84 62
84 60
84 61
84 71
84 25
84 69
84 23
84 56
84 93
84 33
84 14
84 36
84 66
84 17
24 46
24 65
24 94
24 90
24 19
24 21
24 47
24 89
24 92
24 91
24 23
24 25
24 28
24 37
24 73
24 17
24 72
24 52
24 97
24 74
24 87
24 12
24 15
24 86
24 63
24 53
24 30
24 66
24 43
24 13
24 98
24 88
74 81
74 94
74 18
74 21
74 39
74 64
74 34
74 97
74 55
74 91
74 37
74 30
74 45
74 47
74 11
74 75
74 26
74 93
74 71
74 95
74 99
74 67
74 28
74 73
74 44
74 96
74 35
74 33
74 36
74 17
51 81
51 77
51 21
51 39
51 78
51 87
51 52
51 64
51 96
51 99
51 28
51 53
51 66
51 15
51 98
51 29
51 32
51 13
51 30
51 67
51 56
51 35
51 41
51 91
51 25
51 58
51 71
51 42
51 23
51 70
51 73
51 82
51 95
51 62
41 46
41 90
41 18
41 19
41 54
41 64
41 76
41 42
41 88
41 55
41 79
41 45
41 47
41 75
41 93
41 31
41 56
41 59
41 58
41 15
41 61
41 29
41 32
41 13
41 73
41 82
41 96
41 63
41 66
41 14
41 36
11 81
11 77
11 57
11 19
11 21
11 78
11 52
11 54
11 42
11 88
11 53
11 97
11 69
11 91
11 37
11 72
11 44
11 14
11 59
11 58
11 71
11 15
11 28
11 93
11 60
11 17
11 82
11 62
11 75
11 63
11 32
11 35
22 46
22 81
22 77
22 18
22 39
22 87
22 43
22 48
22 54
22 76
22 79
22 37
22 72
22 30
22 67
22 99
22 89
22 56
22 59
22 36
22 17
22 58
22 71
22 25
22 70
22 95
22 13
22 61
22 28
22 73
22 63
73 81
73 65
73 77
73 90
73 39
73 78
73 52
73 20
73 76
73 42
73 34
73 53
73 69
73 91
73 45
73 70
73 26
73 93
73 71
73 95
73 31
73 67
73 89
73 60
73 86
73 58
73 82
73 92
86 46
86 57
86 19
86 78
86 87
86 48
86 20
86 76
86 88
86 34
86 97
86 12
86 37
86 30
86 45
86 75
86 95
86 31
86 99
86 67
86 13
86 14
86 15
86 59
86 32
86 62
86 82
86 92
86 44
86 35
86 96
86 25
76 46
76 81
76 65
76 94
76 77
76 39
76 87
76 52
76 43
76 48
76 20
76 33
76 36
76 47
76 93
76 31
76 70
76 95
76 15
76 30
76 63
76 35
76 25
76 58
76 79
76 92
76 72
76 23
76 91
53 46
53 81
53 65
53 21
53 78
53 52
53 48
53 20
53 64
53 42
53 34
53 97
53 33
53 17
53 99
53 89
53 28
53 15
53 45
53 26
53 13
53 82
53 59
53 91
53 71
53 35
53 60
53 75
30 65
30 94
30 21
30 39
30 52
30 43
30 48
30 88
30 69
30 91
30 72
30 58
30 14
30 93
30 60
30 82
30 26
30 13
30 66
30 98
30 32
30 45
30 35
30 47
30 89
30 23
66 81
66 65
66 94
66 57
66 90
66 19
66 54
66 64
66 34
66 97
66 37
66 75
66 93
66 95
66 99
66 13
66 28
66 60
66 61
66 36
66 29
66 44
66 33
66 17
66 35
66 62
66 25
43 46
43 81
43 19
43 21
43 39
43 87
43 48
43 33
43 14
43 31
43 82
43 37
43 72
43 62
43 97
43 28
43 15
43 32
43 75
43 55
43 45
43 89
43 79
43 25
43 42
43 23
33 81
33 39
33 78
33 52
33 54
33 42
33 88
33 34
33 97
33 55
33 47
33 98
33 71
33 99
33 23
33 13
33 60
33 36
33 58
33 44
33 14
33 17
33 59
33 62
33 25
65 46
65 94
65 23
65 56
65 36
65 17
65 95
65 72
65 64
65 18
65 97
65 12
65 15
65 45
65 26
65 62
65 13
65 78
65 60
65 44
65 70
65 21
65 79
65 92
65 19
65 52
65 25
65 58
42 94
42 77
42 57
42 21
42 54
42 20
42 64
42 88
42 23
42 55
42 14
42 15
42 79
42 92
42 34
42 82
42 91
42 71
42 61
42 93
42 25
42 72
42 75
42 36
42 99
42 98
78 77
78 90
78 18
78 19
78 21
78 39
78 69
78 72
78 93
78 56
78 47
78 34
78 37
78 67
78 48
78 96
78 99
78 14
78 98
78 15
78 59
78 32
78 63
78 79
78 82
78 54
78 91
55 77
55 90
55 18
55 21
55 39
55 88
55 34
55 23
55 67
55 89
55 14
55 56
55 17
55 47
55 31
55 58
55 71
55 61
55 93
55 28
55 12
55 26
55 95
55 72
55 29
55 32
55 35
55 98
32 46
32 81
32 94
32 57
32 90
32 21
32 39
32 20
32 64
32 69
32 12
32 37
32 45
32 70
32 47
32 75
32 99
32 23
32 67
32 28
32 60
32 61
32 63
67 94
67 77
67 18
67 19
67 21
67 39
67 20
67 97
67 69
67 79
67 91
67 37
67 45
67 70
67 47
67 93
67 23
67 58
67 89
67 92
67 29
67 59
67 60
67 44
67 35
20 57
20 18
20 21
20 39
20 52
20 64
20 96
20 17
20 98
20 75
20 88
20 45
20 35
20 44
20 89
20 79
20 92
20 69
20 25
20 61
20 28
20 70
20 37
20 29
44 46
44 81
44 94
44 77
44 90
44 18
44 21
44 39
44 52
44 64
44 88
44 79
44 70
44 75
44 98
44 99
44 89
44 13
44 60
44 96
44 29
44 25
44 14
44 17
44 63
44 56
57 46
57 77
57 90
57 54
57 52
57 25
57 89
57 69
57 39
57 82
57 59
57 23
57 91
57 71
57 61
57 14
57 36
57 18
57 95
57 62
57 87
57 12
57 26
57 63
57 99
57 98
57 88
57 21
34 94
34 77
34 90
34 18
34 52
34 48
34 54
34 88
34 97
34 25
34 23
34 98
34 75
34 45
34 35
34 92
34 12
34 58
34 71
34 15
34 61
34 26
47 46
47 81
47 94
47 90
47 21
47 87
47 52
47 48
47 69
47 79
47 91
47 12
47 45
47 25
47 23
47 56
47 58
47 28
47 93
47 31
47 82
47 62
47 61
69 81
69 90
69 19
69 54
69 64
69 89
69 79
69 56
69 91
69 36
69 93
69 70
69 31
69 72
69 28
69 12
69 15
69 29
69 62
69 13
69 63
69 98
69 75
46 81
46 71
46 61
46 21
46 93
46 60
46 19
46 25
46 82
46 62
46 87
46 14
46 36
46 96
46 17
46 31
46 37
46 15
46 26
46 29
46 89
46 13
95 94
95 77
95 90
95 18
95 21
95 48
95 88
95 79
95 91
95 72
95 26
95 93
95 71
95 96
95 29
95 59
95 92
95 99
95 25
95 58
95 56
95 14
95 17
72 94
72 18
72 19
72 39
72 52
72 88
72 79
72 91
72 12
72 28
72 15
72 59
72 92
72 60
72 71
72 25
72 23
72 56
72 96
56 39
56 52
56 97
56 79
56 12
56 37
56 45
56 70
56 75
56 71
56 31
56 99
56 23
56 13
56 28
56 60
56 29
56 14
56 62
56 15
54 81
54 77
54 90
54 19
54 21
54 89
54 92
54 28
54 45
54 17
54 60
54 82
54 62
54 64
54 26
54 96
54 99
54 23
54 75
54 35
54 36
35 81
35 77
35 19
35 48
35 64
35 97
35 91
35 45
35 70
35 98
35 26
35 31
35 99
35 89
35 28
35 60
35 36
35 96
35 59
35 82
19 90
19 18
19 21
19 99
19 23
19 12
19 15
19 26
19 91
19 93
19 37
19 39
19 61
19 28
19 64
19 96
19 98
19 14
19 52
19 17
19 87
52 81
52 18
52 39
52 12
52 15
52 59
52 29
52 70
52 60
52 82
52 61
52 97
52 96
52 98
52 31
89 21
89 48
89 79
89 91
89 45
89 70
89 75
89 92
89 82
89 28
89 15
89 29
89 62
89 13
89 58
37 77
37 90
37 39
37 87
37 48
37 88
37 97
37 79
37 12
37 26
37 29
37 99
37 98
37 92
37 71
37 61
37 31
37 93
37 70
37 63
37 28
23 18
23 48
23 91
23 26
23 93
23 58
23 25
23 15
23 82
23 62
23 29
23 61
23 13
23 63
14 39
14 48
14 64
14 97
14 79
14 45
14 26
14 93
14 31
14 99
14 13
14 60
14 29
14 58
14 63
14 25
14 92
15 94
15 87
15 88
15 97
15 91
15 45
15 75
15 71
15 99
15 96
15 58
15 59
15 62
17 81
17 18
17 39
17 87
17 48
17 79
17 12
17 45
17 70
17 71
17 99
17 36
17 29
17 58
17 63
17 82
17 62
92 94
92 77
92 90
92 39
92 48
92 64
92 88
92 97
92 79
92 45
92 75
92 26
92 71
92 60
92 61
92 29
92 25
18 90
18 31
18 96
18 99
18 12
18 75
18 13
18 87
18 59
18 26
18 58
18 93
18 60
18 82
18 39
48 81
48 94
48 90
48 96
48 98
48 75
48 88
48 99
48 36
48 59
48 31
48 91
48 58
48 60
48 45
48 62
82 87
82 64
82 88
82 79
82 91
82 70
82 93
82 99
82 60
82 61
82 36
82 58
82 62
94 79
94 63
94 28
94 45
94 26
94 29
94 59
94 13
94 58
94 61
94 91
94 97
94 96
94 25
94 99
94 39
94 98
94 31
12 90
12 21
12 64
12 97
12 62
12 29
12 61
12 96
12 63
12 45
12 59
12 36
12 13
12 58
12 25
26 64
26 88
26 97
26 45
26 70
26 93
26 62
26 31
26 96
26 99
26 59
26 58
29 81
29 77
29 90
29 21
29 87
29 88
29 93
29 71
29 31
29 36
29 62
29 63
29 59
81 79
81 63
81 97
81 77
81 21
81 71
81 25
81 88
81 58
81 39
81 31
81 45
81 13
71 39
71 97
71 79
71 70
71 75
71 63
71 25
71 61
71 36
71 99
71 28
71 13
61 39
61 87
61 64
61 88
61 79
61 70
61 75
61 13
61 60
61 25
61 96
61 63
61 36
61 62
21 77
21 99
21 59
21 36
21 93
21 62
21 97
21 28
21 64
21 87
93 39
93 87
93 88
93 97
93 79
93 59
93 13
93 63
93 58
93 99
93 31
60 90
60 39
60 79
60 45
60 75
60 98
60 99
60 59
60 58
60 96
60 36
25 45
25 70
25 75
25 98
25 96
25 63
62 77
62 90
62 87
62 91
62 70
62 98
62 13
62 63
62 59
87 70
87 97
87 31
87 98
87 63
87 28
87 13
87 58
87 96
87 36
36 77
36 90
36 39
36 64
36 97
36 79
36 31
36 96
36 59
36 58
96 64
96 79
96 45
96 99
96 13
96 28
96 63
96 58
31 77
31 90
31 64
31 97
31 91
31 70
31 75
31 98
31 28
31 59
13 77
13 90
13 64
13 70
13 98
13 28
79 77
79 90
79 88
79 91
79 58
79 75
79 70
79 63
63 90
63 39
63 97
63 91
63 45
63 75
63 99
63 28
97 77
97 90
97 88
97 70
97 98
97 91
97 75
77 91
77 70
77 99
77 59
77 98
77 88
88 90
88 39
88 75
88 70
88 59
88 98
88 58
58 90
58 45
58 70
39 59
39 70
45 90
45 64
45 70
45 98
45 59
64 90
64 99
64 98
64 75
64 59
64 91
70 98
70 75
28 91
28 75
28 98
28 59
59 90
59 75
91 90
91 99
91 98
98 75
