1 2
1 8
1 9
2 9
2 5
8 4
8 0
9 5
5 6
3 4
3 7
3 0
4 7
7 6
0 6
0 90
27 68
27 35
27 71
27 48
27 80
27 10
27 70
27 13
27 60
27 50
27 82
27 95
27 72
27 49
27 39
27 29
27 94
27 21
27 97
27 24
27 74
27 51
27 28
27 31
27 19
27 22
27 96
27 25
27 86
27 63
27 76
27 53
27 43
27 98
27 75
27 78
27 45
27 14
27 17
27 54
27 90
27 20
27 44
27 57
27 99
27 89
27 79
27 36
68 58
68 72
68 60
68 85
68 84
68 97
68 87
68 21
68 54
68 35
68 96
68 76
68 89
68 37
68 67
68 39
68 51
68 98
68 23
68 88
68 78
68 77
68 33
68 14
68 80
68 45
68 17
68 32
68 34
68 64
68 65
68 16
68 46
68 92
68 18
68 82
68 91
68 94
68 28
68 93
68 57
68 29
68 10
68 41
68 13
68 43
68 55
35 77
35 19
35 15
35 50
35 93
35 43
35 48
35 44
35 25
35 99
35 89
35 66
35 36
35 21
35 58
35 71
35 22
35 34
35 60
35 23
35 92
35 82
35 95
35 72
35 14
35 94
35 17
35 97
35 29
35 31
35 41
35 16
35 30
35 63
35 40
35 98
35 75
35 28
35 65
35 12
35 55
35 45
35 26
35 87
35 54
35 90
71 81
71 18
71 15
71 50
71 51
71 93
71 39
71 78
71 48
71 83
71 25
71 42
71 88
71 26
71 80
71 65
71 16
71 90
71 30
71 79
71 92
71 40
71 21
71 54
71 57
71 41
71 69
71 23
71 73
71 56
71 36
71 47
71 31
71 97
71 34
71 74
71 37
71 67
71 70
71 86
71 28
71 12
71 98
71 75
71 29
71 62
48 10
48 93
48 43
48 84
48 61
48 74
48 64
48 96
48 86
48 63
48 76
48 40
48 66
48 21
48 98
48 75
48 11
48 65
48 22
48 87
48 42
48 23
48 54
48 90
48 57
48 89
48 79
48 69
48 36
48 47
48 31
48 58
48 80
48 70
48 60
48 73
48 28
48 82
48 95
48 26
48 72
48 49
48 62
48 32
48 13
80 46
80 81
80 38
80 19
80 15
80 51
80 39
80 83
80 13
80 25
80 32
80 76
80 42
80 26
80 57
80 11
80 41
80 74
80 86
80 61
80 72
80 36
80 90
80 22
80 53
80 34
80 67
80 70
80 23
80 92
80 45
80 17
80 62
80 65
80 16
80 79
80 60
80 63
80 82
80 95
80 28
80 94
80 24
80 54
10 81
10 38
10 77
10 19
10 15
10 70
10 83
10 60
10 14
10 17
10 16
10 52
10 29
10 74
10 51
10 28
10 64
10 31
10 96
10 73
10 86
10 63
10 76
10 30
10 20
10 33
10 75
10 88
10 42
10 55
10 45
10 22
10 12
10 87
10 67
10 57
10 34
10 11
10 24
10 89
10 79
10 56
10 69
10 23
10 58
70 38
70 77
70 50
70 51
70 93
70 39
70 78
70 83
70 49
70 20
70 13
70 88
70 28
70 30
70 96
70 74
70 57
70 60
70 31
70 21
70 99
70 97
70 61
70 34
70 17
70 56
70 89
70 14
70 73
70 67
70 37
70 75
70 85
70 79
70 63
70 12
70 29
70 59
70 41
70 82
70 36
70 66
70 95
13 81
13 18
13 15
13 50
13 51
13 39
13 78
13 43
13 83
13 91
13 20
13 25
13 28
13 60
13 40
13 17
13 82
13 11
13 95
13 85
13 62
13 94
13 61
13 74
13 41
13 54
13 31
13 96
13 99
13 98
13 32
13 45
13 22
13 90
13 67
13 57
13 34
13 47
13 89
13 23
13 59
13 36
13 58
60 46
60 77
60 18
60 19
60 50
60 51
60 39
60 78
60 83
60 91
60 20
60 64
60 25
60 32
60 26
60 65
60 40
60 16
60 30
60 96
60 74
60 54
60 61
60 82
60 95
60 72
60 62
60 21
60 11
60 41
60 87
60 55
60 98
60 36
60 17
60 47
60 31
60 67
60 37
60 92
50 18
50 19
50 15
50 51
50 26
50 96
50 29
50 63
50 32
50 76
50 16
50 49
50 30
50 98
50 88
50 44
50 55
50 90
50 24
50 57
50 11
50 41
50 89
50 25
50 79
50 56
50 59
50 23
50 91
50 33
50 93
50 17
50 47
50 31
50 37
50 82
50 95
50 85
50 62
50 94
50 28
50 74
82 46
82 38
82 18
82 39
82 52
82 43
82 83
82 84
82 44
82 49
82 20
82 64
82 25
82 42
82 88
82 26
82 65
82 30
82 96
82 53
82 94
82 23
82 57
82 31
82 61
82 56
82 98
82 73
82 55
82 86
82 85
82 79
82 63
82 12
82 29
82 59
82 36
82 92
82 24
95 15
95 52
95 43
95 44
95 49
95 91
95 64
95 88
95 26
95 69
95 28
95 90
95 58
95 30
95 96
95 53
95 74
95 94
95 23
95 54
95 99
95 97
95 61
95 45
95 56
95 22
95 73
95 55
95 86
95 67
95 37
95 75
95 85
95 79
95 29
95 59
95 47
95 36
95 92
95 24
72 81
72 77
72 93
72 78
72 43
72 49
72 91
72 64
72 26
72 65
72 40
72 90
72 30
72 33
72 96
72 53
72 74
72 94
72 23
72 54
72 87
72 31
72 21
72 99
72 97
72 61
72 34
72 17
72 56
72 59
72 62
72 24
72 11
72 41
72 73
72 85
72 14
72 66
72 47
72 86
72 37
72 67
49 81
49 38
49 77
49 19
49 51
49 39
49 52
49 43
49 44
49 91
49 58
49 28
49 12
49 45
49 96
49 26
49 73
49 11
49 85
49 62
49 97
49 87
49 21
49 24
49 86
49 99
49 20
49 53
49 66
49 22
49 98
49 88
49 23
49 90
49 57
49 33
49 14
49 47
49 31
49 92
49 16
39 46
39 81
39 18
39 78
39 45
39 44
39 57
39 12
39 47
39 26
39 29
39 79
39 56
39 92
39 16
39 59
39 30
39 91
39 61
39 21
39 73
39 25
39 85
39 52
39 23
39 74
39 64
39 33
39 14
39 36
39 86
39 17
39 63
39 99
39 20
39 31
39 34
39 37
39 75
29 81
29 38
29 77
29 18
29 19
29 78
29 52
29 43
29 84
29 44
29 91
29 42
29 88
29 26
29 65
29 69
29 28
29 40
29 30
29 53
29 74
29 57
29 87
29 31
29 99
29 97
29 56
29 73
29 11
29 67
29 75
29 79
29 12
29 41
29 66
29 47
29 59
29 36
94 81
94 77
94 18
94 51
94 43
94 83
94 84
94 44
94 25
94 32
94 76
94 42
94 69
94 28
94 90
94 30
94 33
94 53
94 79
94 45
94 57
94 59
94 11
94 41
94 73
94 61
94 75
94 89
94 24
94 54
94 66
94 55
94 99
94 23
94 87
94 14
94 17
94 47
94 34
21 46
21 81
21 38
21 18
21 19
21 93
21 43
21 83
21 84
21 44
21 64
21 42
21 26
21 65
21 69
21 28
21 40
21 90
21 58
21 16
21 30
21 53
21 74
21 57
21 99
21 17
21 56
21 12
21 47
21 37
21 85
21 62
21 61
21 73
21 55
21 45
21 22
21 67
97 46
97 81
97 38
97 77
97 18
97 15
97 51
97 93
97 78
97 52
97 43
97 44
97 91
97 64
97 25
97 32
97 42
97 88
97 69
97 28
97 40
97 16
97 30
97 96
97 74
97 23
97 87
97 31
97 99
97 14
97 73
97 63
97 24
97 55
97 85
97 75
97 56
97 66
97 17
24 46
24 81
24 38
24 77
24 18
24 15
24 84
24 44
24 91
24 20
24 64
24 25
24 32
24 26
24 65
24 69
24 40
24 16
24 74
24 87
24 99
24 61
24 56
24 98
24 89
24 14
24 73
24 55
24 86
24 11
24 37
24 85
24 79
24 41
24 59
24 36
24 92
24 62
74 15
74 78
74 52
74 43
74 91
74 25
74 32
74 76
74 42
74 88
74 65
74 69
74 58
74 16
74 33
74 53
74 34
74 37
74 67
74 45
74 59
74 62
74 73
74 63
74 75
74 54
74 11
74 87
74 86
74 99
74 89
74 98
51 38
51 77
51 18
51 19
51 52
51 37
51 84
51 64
51 54
51 86
51 63
51 99
51 28
51 76
51 66
51 98
51 32
51 55
51 30
51 44
51 57
51 89
51 40
51 59
51 11
51 41
51 61
51 93
51 83
51 73
51 33
51 14
51 36
51 85
51 62
51 75
28 77
28 93
28 43
28 44
28 64
28 32
28 88
28 65
28 40
28 16
28 41
28 54
28 31
28 96
28 86
28 63
28 53
28 33
28 23
28 55
28 87
28 90
28 67
28 22
28 79
28 59
28 36
28 14
28 17
28 37
28 73
31 46
31 77
31 18
31 19
31 93
31 78
31 52
31 64
31 32
31 88
31 26
31 65
31 40
31 58
31 53
31 23
31 54
31 57
31 63
31 98
31 75
31 55
31 45
31 67
31 89
31 66
31 79
31 36
31 22
31 47
31 92
31 14
19 81
19 38
19 18
19 54
19 44
19 57
19 34
19 89
19 66
19 79
19 33
19 69
19 12
19 36
19 26
19 78
19 25
19 93
19 47
19 37
19 92
19 62
19 11
19 61
19 64
19 73
19 86
19 53
19 30
19 85
19 52
19 88
19 65
19 55
19 45
19 22
19 87
22 81
22 38
22 77
22 18
22 15
22 93
22 43
22 84
22 44
22 91
22 64
22 32
22 76
22 42
22 69
22 40
22 90
22 16
22 53
22 23
22 54
22 61
22 34
22 45
22 56
22 89
22 47
22 79
22 92
22 14
22 37
22 85
22 62
22 86
22 63
22 66
96 81
96 38
96 77
96 15
96 93
96 43
96 83
96 84
96 44
96 64
96 32
96 26
96 69
96 40
96 90
96 58
96 16
96 30
96 33
96 53
96 34
96 37
96 12
96 45
96 62
96 92
96 73
96 75
96 54
96 55
96 86
96 23
96 87
96 89
25 46
25 38
25 77
25 15
25 93
25 78
25 52
25 83
25 84
25 20
25 64
25 16
25 34
25 47
25 56
25 92
25 59
25 36
25 58
25 61
25 23
25 40
25 85
25 62
25 14
25 42
25 87
25 41
25 54
25 86
25 66
25 33
25 12
25 75
86 38
86 77
86 18
86 78
86 52
86 91
86 20
86 32
86 76
86 42
86 26
86 65
86 69
86 58
86 33
86 53
86 54
86 57
86 61
86 34
86 45
86 17
86 56
86 89
86 36
86 66
86 59
86 62
86 79
86 75
63 46
63 38
63 77
63 93
63 78
63 52
63 84
63 44
63 20
63 64
63 32
63 65
63 69
63 40
63 90
63 58
63 30
63 33
63 53
63 57
63 61
63 45
63 17
63 56
63 98
63 89
63 11
63 75
63 85
63 36
63 62
63 66
63 41
76 81
76 38
76 18
76 15
76 93
76 78
76 43
76 83
76 44
76 91
76 20
76 33
76 14
76 36
76 66
76 17
76 47
76 34
76 37
76 67
76 12
76 45
76 73
76 16
76 99
76 30
76 98
76 40
76 54
76 90
76 57
76 41
76 55
76 89
76 92
76 75
76 56
53 77
53 18
53 93
53 52
53 43
53 83
53 84
53 44
53 64
53 88
53 69
53 58
53 16
53 33
53 87
53 54
53 14
53 36
53 89
53 66
53 56
53 37
53 98
53 55
53 12
53 67
53 57
53 59
53 61
53 85
53 62
43 46
43 81
43 38
43 77
43 18
43 15
43 14
43 83
43 36
43 73
43 20
43 62
43 64
43 99
43 32
43 66
43 30
43 98
43 88
43 55
43 45
43 87
43 40
43 67
43 11
43 89
43 79
43 69
43 91
98 46
98 81
98 38
98 77
98 18
98 15
98 93
98 52
98 83
98 84
98 91
98 20
98 42
98 26
98 90
98 16
98 87
98 45
98 17
98 56
98 89
98 36
98 66
98 37
98 67
98 12
98 59
98 92
98 79
98 41
75 46
75 81
75 77
75 18
75 93
75 78
75 52
75 44
75 91
75 42
75 88
75 26
75 69
75 99
75 61
75 34
75 45
75 17
75 14
75 55
75 11
75 37
75 47
75 79
75 12
75 59
75 41
75 36
75 66
78 81
78 15
78 93
78 69
78 42
78 56
78 33
78 85
78 36
78 66
78 47
78 84
78 37
78 67
78 87
78 99
78 12
78 14
78 45
78 88
78 59
78 73
78 65
78 30
78 92
78 54
78 57
78 11
78 52
78 58
45 46
45 38
45 77
45 83
45 84
45 44
45 91
45 64
45 42
45 88
45 65
45 69
45 90
45 58
45 16
45 57
45 85
45 14
45 17
45 66
45 12
45 67
45 79
45 56
45 59
14 46
14 81
14 38
14 77
14 18
14 15
14 93
14 83
14 32
14 42
14 26
14 69
14 40
14 58
14 23
14 34
14 17
14 56
14 89
14 73
14 11
14 85
14 79
14 36
14 62
14 41
17 38
17 18
17 93
17 83
17 84
17 44
17 91
17 20
17 64
17 32
17 42
17 88
17 26
17 69
17 40
17 90
17 58
17 16
17 73
17 67
17 47
17 89
17 11
17 37
17 85
17 41
54 46
54 81
54 18
54 15
54 52
54 84
54 91
54 20
54 32
54 65
54 69
54 40
54 90
54 58
54 16
54 34
54 37
54 92
54 47
54 12
54 11
54 41
54 99
54 66
54 55
90 46
90 38
90 77
90 18
90 15
90 93
90 52
90 44
90 20
90 32
90 42
90 88
90 65
90 69
90 40
90 55
90 85
90 61
90 36
90 47
90 37
90 87
90 59
90 73
90 16
90 79
90 99
20 46
20 15
20 93
20 52
20 83
20 91
20 64
20 99
20 30
20 66
20 23
20 88
20 65
20 55
20 67
20 57
20 34
20 12
20 79
20 56
20 92
20 59
20 58
20 61
20 37
20 40
20 85
20 62
20 42
20 87
44 46
44 81
44 18
44 84
44 11
44 58
44 61
44 42
44 23
44 73
44 36
44 34
44 37
44 64
44 99
44 66
44 26
44 88
44 65
44 30
44 67
44 56
44 69
44 59
57 81
57 38
57 15
57 93
57 83
57 84
57 42
57 88
57 26
57 65
57 40
57 16
57 41
57 89
57 92
57 59
57 61
57 36
57 47
57 34
57 87
57 12
57 66
99 81
99 18
99 15
99 52
99 84
99 91
99 64
99 32
99 42
99 65
99 69
99 58
99 30
99 33
99 36
99 37
99 67
99 47
99 92
99 79
99 11
99 55
99 61
99 56
99 89
89 46
89 81
89 38
89 15
89 83
89 84
89 91
89 32
89 42
89 26
89 40
89 16
89 23
89 61
89 56
89 55
89 85
89 66
89 37
89 79
89 12
89 59
79 46
79 77
79 18
79 15
79 93
79 83
79 32
79 88
79 65
79 69
79 40
79 58
79 23
79 87
79 34
79 55
79 11
79 67
79 37
79 47
79 59
36 46
36 81
36 15
36 52
36 83
36 91
36 32
36 42
36 40
36 58
36 33
36 34
36 56
36 73
36 41
36 47
36 66
58 81
58 38
58 93
58 83
58 84
58 91
58 32
58 88
58 26
58 65
58 40
58 30
58 92
58 59
58 41
58 23
58 56
58 73
58 33
58 47
58 62
58 87
58 66
85 46
85 81
85 38
85 77
85 18
85 83
85 64
85 32
85 42
85 88
85 69
85 33
85 61
85 34
85 56
85 55
85 67
85 37
85 12
85 59
85 92
85 41
85 47
84 46
84 38
84 77
84 18
84 15
84 52
84 83
84 67
84 87
84 62
84 73
84 65
84 16
84 88
84 30
84 61
84 40
84 41
84 91
84 69
84 42
84 23
84 56
84 33
84 47
87 46
87 18
87 15
87 93
87 52
87 91
87 42
87 88
87 26
87 16
87 30
87 33
87 23
87 37
87 67
87 47
87 34
87 12
87 11
87 41
87 73
87 55
37 38
37 15
37 93
37 64
37 42
37 88
37 26
37 30
37 61
37 34
37 56
37 73
37 11
37 67
37 41
37 66
37 62
67 46
67 18
67 15
67 93
67 52
67 83
67 91
67 42
67 65
67 69
67 40
67 16
67 33
67 23
67 55
67 11
67 66
67 92
67 62
23 77
23 18
23 15
23 52
23 83
23 91
23 32
23 88
23 30
23 33
23 55
23 34
23 56
23 59
23 62
23 61
23 12
23 11
23 66
88 38
88 77
88 93
88 52
88 83
88 91
88 42
88 92
88 34
88 59
88 62
88 73
88 16
88 30
88 40
88 55
88 69
77 46
77 81
77 38
77 91
77 83
77 34
77 64
77 18
77 12
77 15
77 32
77 62
77 73
77 30
77 61
77 40
77 92
33 46
33 81
33 38
33 18
33 15
33 52
33 83
33 26
33 65
33 40
33 66
33 55
33 34
33 47
33 56
33 12
33 92
33 59
33 73
33 11
33 61
33 41
32 46
32 81
32 38
32 18
32 52
32 83
32 91
32 40
32 62
32 42
32 41
32 12
32 65
32 30
32 34
32 47
32 92
32 61
34 81
34 38
34 18
34 15
34 52
34 64
34 26
34 65
34 69
34 16
34 30
34 11
34 12
34 73
34 62
64 46
64 81
64 93
64 91
64 66
64 12
64 65
64 26
64 62
64 30
64 92
64 69
64 40
64 41
64 61
64 73
64 56
64 47
65 46
65 81
65 38
65 18
65 15
65 52
65 91
65 12
65 66
65 59
65 62
65 30
65 92
65 41
65 55
16 46
16 81
16 38
16 15
16 52
16 91
16 42
16 40
16 73
16 12
16 11
16 62
16 41
16 55
16 47
16 92
16 59
46 81
46 61
46 40
46 93
46 11
46 41
46 42
46 52
46 55
46 15
46 26
46 56
46 69
46 30
46 91
92 81
92 38
92 83
92 91
92 42
92 26
92 40
92 30
92 61
92 73
92 55
92 12
92 59
92 47
92 66
92 62
18 81
18 61
18 12
18 56
18 26
18 91
18 93
18 83
18 40
91 93
91 30
91 61
91 11
91 55
91 56
91 12
91 26
91 73
93 15
93 26
93 62
93 30
93 40
93 41
93 52
93 55
93 69
93 66
93 47
41 15
41 52
41 83
41 42
41 69
41 40
41 30
41 61
41 56
41 73
41 11
41 47
55 81
55 38
55 42
55 26
55 69
55 61
55 73
55 59
55 12
55 62
81 11
81 52
81 42
81 56
81 66
81 12
81 15
81 62
61 52
61 42
61 26
61 30
61 11
61 62
61 66
61 47
40 38
40 52
40 12
40 59
40 11
40 47
11 38
11 15
11 83
11 42
11 26
11 69
11 30
11 73
11 47
11 59
11 62
42 15
42 52
42 47
42 69
42 59
42 66
42 56
52 15
52 12
52 56
52 26
52 59
52 30
52 83
52 73
15 38
15 83
15 56
15 59
15 12
26 83
26 62
26 73
26 66
26 56
26 69
26 12
26 59
56 38
56 83
56 62
56 12
56 66
69 38
69 83
69 66
69 73
69 12
69 59
69 62
69 30
30 83
30 73
30 12
30 47
66 83
66 12
66 59
66 47
66 62
12 83
12 62
12 47
62 38
62 59
62 47
38 47
38 59
38 83
38 73
47 83
47 59
59 83
59 73
