binom	1	0	0.15	0.14501	0.499728
binom	1	0.01	0.15	0.14496	0.501093
binom	1	0.02	0.15	0.1456	0.501839
binom	1	0.03	0.15	0.14512	0.504223
binom	1	0.05	0.15	0.14758	0.505201
binom	1	0.07	0.15	0.1461	0.50829
binom	1	0.08	0.15	0.14389	0.509527
binom	1	0.1	0.15	0.14615	0.511636
binom	1	0.2	0.15	0.14516	0.522563
binom	1	0.3	0.15	0.13884	0.534473
binom	1	0.4	0.15	0.13188	0.545952
binom	1	0.5	0.15	0.12521	0.557792
binom	1	0.6	0.15	0.11911	0.569326
binom	1	0.7	0.15	0.11038	0.582718
binom	1	0.8	0.15	0.09986	0.595366
binom	1	0.9	0.15	0.09302	0.608189
