binom	1	0	0.15	0.14839	0.500311
binom	1	0.01	0.15	0.14613	0.501178
binom	1	0.02	0.15	0.14696	0.502763
binom	1	0.03	0.15	0.14803	0.50347
binom	1	0.05	0.15	0.14848	0.505395
binom	1	0.07	0.15	0.14649	0.50752
binom	1	0.08	0.15	0.14646	0.50827
binom	1	0.1	0.15	0.14659	0.51078
binom	1	0.2	0.15	0.14395	0.522432
binom	1	0.3	0.15	0.1389	0.533126
binom	1	0.4	0.15	0.13236	0.544545
binom	1	0.5	0.15	0.125	0.556628
binom	1	0.6	0.15	0.11869	0.566816
binom	1	0.7	0.15	0.1109	0.579108
binom	1	0.8	0.15	0.10123	0.591562
binom	1	0.9	0.15	0.09238	0.604302
