binom	1	0	0.15	0.14588	0.500207
binom	1	0.01	0.15	0.14594	0.501568
binom	1	0.02	0.15	0.14501	0.501484
binom	1	0.03	0.15	0.14594	0.503596
binom	1	0.05	0.15	0.14428	0.505492
binom	1	0.07	0.15	0.14436	0.50739
binom	1	0.08	0.15	0.14477	0.509007
binom	1	0.1	0.15	0.14362	0.512653
binom	1	0.2	0.15	0.14309	0.523252
binom	1	0.3	0.15	0.13867	0.534149
binom	1	0.4	0.15	0.13204	0.545428
binom	1	0.5	0.15	0.12431	0.558406
binom	1	0.6	0.15	0.11743	0.57007
binom	1	0.7	0.15	0.10895	0.582629
binom	1	0.8	0.15	0.09973	0.595284
binom	1	0.9	0.15	0.09338	0.608607
