binom	1	0	0.15	0.13395	0.500208
binom	1	0.01	0.15	0.1355	0.500399
binom	1	0.02	0.15	0.1364	0.501697
binom	1	0.03	0.15	0.13559	0.502037
binom	1	0.05	0.15	0.13411	0.504023
binom	1	0.07	0.15	0.13597	0.505448
binom	1	0.08	0.15	0.13593	0.506344
binom	1	0.1	0.15	0.1375	0.507959
binom	1	0.2	0.15	0.13236	0.515416
binom	1	0.3	0.15	0.12922	0.523531
binom	1	0.4	0.15	0.12544	0.531832
binom	1	0.5	0.15	0.11602	0.5396
binom	1	0.6	0.15	0.11054	0.547409
binom	1	0.7	0.15	0.10257	0.556559
binom	1	0.8	0.15	0.09317	0.563956
binom	1	0.9	0.15	0.08768	0.573428
