binom	1	0	0.15	0.14643	0.499829
binom	1	0.01	0.15	0.14687	0.501659
binom	1	0.02	0.15	0.14678	0.503071
binom	1	0.03	0.15	0.14528	0.504303
binom	1	0.05	0.15	0.14549	0.507779
binom	1	0.07	0.15	0.14511	0.511639
binom	1	0.08	0.15	0.1491	0.512778
binom	1	0.1	0.15	0.14594	0.51659
binom	1	0.2	0.15	0.14293	0.532804
binom	1	0.3	0.15	0.13772	0.548784
binom	1	0.4	0.15	0.13594	0.566398
binom	1	0.5	0.15	0.12547	0.583854
binom	1	0.6	0.15	0.11801	0.601112
binom	1	0.7	0.15	0.1095	0.617728
binom	1	0.8	0.15	0.1014	0.63625
binom	1	0.9	0.15	0.09316	0.655944
