binom	1	0	0.15	0.13611	0.499863
binom	1	0.01	0.15	0.13325	0.500771
binom	1	0.02	0.15	0.13435	0.501725
binom	1	0.03	0.15	0.13557	0.502319
binom	1	0.05	0.15	0.13242	0.503538
binom	1	0.07	0.15	0.13205	0.504436
binom	1	0.08	0.15	0.13345	0.505119
binom	1	0.1	0.15	0.13244	0.506309
binom	1	0.2	0.15	0.13134	0.512375
binom	1	0.3	0.15	0.12637	0.518101
binom	1	0.4	0.15	0.1206	0.524057
binom	1	0.5	0.15	0.11565	0.529922
binom	1	0.6	0.15	0.10907	0.536841
binom	1	0.7	0.15	0.10118	0.542314
binom	1	0.8	0.15	0.09371	0.549058
binom	1	0.9	0.15	0.08542	0.554833
