binom	1	0	0.15	0.13483	0.499515
binom	1	0.01	0.15	0.13422	0.500721
binom	1	0.02	0.15	0.13677	0.500669
binom	1	0.03	0.15	0.13835	0.501984
binom	1	0.05	0.15	0.13563	0.503604
binom	1	0.07	0.15	0.13522	0.503356
binom	1	0.08	0.15	0.13511	0.50546
binom	1	0.1	0.15	0.13381	0.506282
binom	1	0.2	0.15	0.13223	0.512862
binom	1	0.3	0.15	0.12762	0.518758
binom	1	0.4	0.15	0.12375	0.524356
binom	1	0.5	0.15	0.11473	0.531058
binom	1	0.6	0.15	0.10878	0.536064
binom	1	0.7	0.15	0.0997	0.543356
binom	1	0.8	0.15	0.09312	0.549263
binom	1	0.9	0.15	0.08538	0.554794
