binom	1	0	0.15	0.13228	0.501238
binom	1	0.01	0.15	0.13652	0.499793
binom	1	0.02	0.15	0.13388	0.501187
binom	1	0.03	0.15	0.13476	0.501614
binom	1	0.05	0.15	0.1364	0.503137
binom	1	0.07	0.15	0.13494	0.504532
binom	1	0.08	0.15	0.13565	0.504894
binom	1	0.1	0.15	0.13513	0.506562
binom	1	0.2	0.15	0.13315	0.512506
binom	1	0.3	0.15	0.12828	0.519457
binom	1	0.4	0.15	0.12275	0.526194
binom	1	0.5	0.15	0.11732	0.531668
binom	1	0.6	0.15	0.10713	0.537793
binom	1	0.7	0.15	0.1004	0.544641
binom	1	0.8	0.15	0.09231	0.550906
binom	1	0.9	0.15	0.08641	0.558193
