binom	1	0	0.15	0.20543	0.500017
binom	1	0.01	0.15	0.20581	0.500353
binom	1	0.02	0.15	0.20682	0.500612
binom	1	0.03	0.15	0.20728	0.500495
binom	1	0.05	0.15	0.20466	0.501828
binom	1	0.07	0.15	0.20501	0.501355
binom	1	0.08	0.15	0.20656	0.501721
binom	1	0.1	0.15	0.2041	0.50278
binom	1	0.2	0.15	0.20466	0.504478
binom	1	0.3	0.15	0.19659	0.506571
binom	1	0.4	0.15	0.18859	0.509021
binom	1	0.5	0.15	0.17749	0.51109
binom	1	0.6	0.15	0.16515	0.513985
binom	1	0.7	0.15	0.15581	0.515155
binom	1	0.8	0.15	0.14391	0.517029
binom	1	0.9	0.15	0.13027	0.518944
