binom	1	0	0.15	0.17219	0.499852
binom	1	0.01	0.15	0.17092	0.500332
binom	1	0.02	0.15	0.16987	0.500911
binom	1	0.03	0.15	0.17032	0.500849
binom	1	0.05	0.15	0.17023	0.501448
binom	1	0.07	0.15	0.16831	0.501367
binom	1	0.08	0.15	0.16972	0.502226
binom	1	0.1	0.15	0.1712	0.50261
binom	1	0.2	0.15	0.16857	0.504853
binom	1	0.3	0.15	0.16211	0.507727
binom	1	0.4	0.15	0.15618	0.510082
binom	1	0.5	0.15	0.146	0.512118
binom	1	0.6	0.15	0.13801	0.51414
binom	1	0.7	0.15	0.12889	0.516452
binom	1	0.8	0.15	0.11795	0.518347
binom	1	0.9	0.15	0.10724	0.521986
