binom	1	0	0.15	0.13344	0.500388
binom	1	0.01	0.15	0.134	0.50032
binom	1	0.02	0.15	0.13219	0.50053
binom	1	0.03	0.15	0.13406	0.500363
binom	1	0.05	0.15	0.13152	0.502083
binom	1	0.07	0.15	0.13137	0.501793
binom	1	0.08	0.15	0.13225	0.501621
binom	1	0.1	0.15	0.12948	0.502524
binom	1	0.2	0.15	0.12925	0.505711
binom	1	0.3	0.15	0.12631	0.508571
binom	1	0.4	0.15	0.12079	0.510629
binom	1	0.5	0.15	0.11386	0.512721
binom	1	0.6	0.15	0.10664	0.516107
binom	1	0.7	0.15	0.09741	0.516899
binom	1	0.8	0.15	0.09155	0.520786
binom	1	0.9	0.15	0.08177	0.52199
