binom	1	0	0.15	0.14898	0.500406
binom	1	0.01	0.15	0.14865	0.501676
binom	1	0.02	0.15	0.15031	0.504459
binom	1	0.03	0.15	0.15132	0.505269
binom	1	0.05	0.15	0.15086	0.509116
binom	1	0.07	0.15	0.14832	0.511994
binom	1	0.08	0.15	0.14828	0.514521
binom	1	0.1	0.15	0.1503	0.517473
binom	1	0.2	0.15	0.14528	0.5355
binom	1	0.3	0.15	0.14238	0.55345
binom	1	0.4	0.15	0.13783	0.571887
binom	1	0.5	0.15	0.13037	0.590327
binom	1	0.6	0.15	0.11975	0.609589
binom	1	0.7	0.15	0.11404	0.629401
binom	1	0.8	0.15	0.10373	0.649788
binom	1	0.9	0.15	0.09678	0.670247
