binom	1	0	0.15	0.20468	0.500288
binom	1	0.01	0.15	0.20241	0.500627
binom	1	0.02	0.15	0.20275	0.502728
binom	1	0.03	0.15	0.20308	0.503407
binom	1	0.05	0.15	0.20416	0.505551
binom	1	0.07	0.15	0.20297	0.50907
binom	1	0.08	0.15	0.20295	0.51056
binom	1	0.1	0.15	0.20384	0.512652
binom	1	0.2	0.15	0.19711	0.524805
binom	1	0.3	0.15	0.19527	0.537489
binom	1	0.4	0.15	0.18449	0.550763
binom	1	0.5	0.15	0.17336	0.563751
binom	1	0.6	0.15	0.16589	0.57702
binom	1	0.7	0.15	0.15191	0.590646
binom	1	0.8	0.15	0.14422	0.606085
binom	1	0.9	0.15	0.13187	0.620837
