binom	1	0	0.15	0.16879	0.499914
binom	1	0.01	0.15	0.16892	0.501296
binom	1	0.02	0.15	0.166	0.503624
binom	1	0.03	0.15	0.16881	0.505639
binom	1	0.05	0.15	0.16871	0.509317
binom	1	0.07	0.15	0.16763	0.512048
binom	1	0.08	0.15	0.16891	0.514274
binom	1	0.1	0.15	0.16855	0.51733
binom	1	0.2	0.15	0.16635	0.534572
binom	1	0.3	0.15	0.15999	0.55213
binom	1	0.4	0.15	0.15166	0.571387
binom	1	0.5	0.15	0.14477	0.588616
binom	1	0.6	0.15	0.13747	0.607068
binom	1	0.7	0.15	0.12694	0.626751
binom	1	0.8	0.15	0.11708	0.646445
binom	1	0.9	0.15	0.10606	0.666661
