binom	1	0	0.15	0.15667	0.499951
binom	1	0.01	0.15	0.15928	0.502437
binom	1	0.02	0.15	0.15774	0.503733
binom	1	0.03	0.15	0.15854	0.505086
binom	1	0.05	0.15	0.15932	0.508446
binom	1	0.07	0.15	0.15682	0.511115
binom	1	0.08	0.15	0.15774	0.513557
binom	1	0.1	0.15	0.15794	0.517051
binom	1	0.2	0.15	0.15555	0.533892
binom	1	0.3	0.15	0.15109	0.551687
binom	1	0.4	0.15	0.14431	0.56879
binom	1	0.5	0.15	0.1375	0.587128
binom	1	0.6	0.15	0.12947	0.605709
binom	1	0.7	0.15	0.1184	0.624443
binom	1	0.8	0.15	0.11038	0.644605
binom	1	0.9	0.15	0.10151	0.663489
