binom	1	0	0.15	0.15157	0.500687
binom	1	0.01	0.15	0.15155	0.502391
binom	1	0.02	0.15	0.15279	0.503691
binom	1	0.03	0.15	0.15288	0.504691
binom	1	0.05	0.15	0.1539	0.509138
binom	1	0.07	0.15	0.15179	0.512378
binom	1	0.08	0.15	0.15106	0.513445
binom	1	0.1	0.15	0.14973	0.51764
binom	1	0.2	0.15	0.15124	0.535805
binom	1	0.3	0.15	0.14532	0.553084
binom	1	0.4	0.15	0.1388	0.57102
binom	1	0.5	0.15	0.13133	0.590251
binom	1	0.6	0.15	0.12505	0.608808
binom	1	0.7	0.15	0.11616	0.628147
binom	1	0.8	0.15	0.10645	0.647979
binom	1	0.9	0.15	0.09765	0.668396
