binom	1	0	0.15	0.12641	0.499467
binom	1	0.01	0.15	0.12424	0.5011
binom	1	0.02	0.15	0.12499	0.502022
binom	1	0.03	0.15	0.12585	0.502157
binom	1	0.05	0.15	0.12462	0.502723
binom	1	0.07	0.15	0.12329	0.504379
binom	1	0.08	0.15	0.12464	0.504389
binom	1	0.1	0.15	0.12509	0.505031
binom	1	0.2	0.15	0.1217	0.51137
binom	1	0.3	0.15	0.11708	0.517367
binom	1	0.4	0.15	0.11474	0.522513
binom	1	0.5	0.15	0.10676	0.528055
binom	1	0.6	0.15	0.10153	0.533283
binom	1	0.7	0.15	0.09303	0.537652
binom	1	0.8	0.15	0.08725	0.543097
binom	1	0.9	0.15	0.07978	0.548936
