binom	1	0	0.15	0.13004	0.500924
binom	1	0.01	0.15	0.12985	0.499506
binom	1	0.02	0.15	0.12742	0.500986
binom	1	0.03	0.15	0.13045	0.50169
binom	1	0.05	0.15	0.12861	0.501865
binom	1	0.07	0.15	0.1274	0.502673
binom	1	0.08	0.15	0.1297	0.502649
binom	1	0.1	0.15	0.1277	0.503027
binom	1	0.2	0.15	0.12535	0.507961
binom	1	0.3	0.15	0.1214	0.510423
binom	1	0.4	0.15	0.11832	0.513819
binom	1	0.5	0.15	0.11137	0.517315
binom	1	0.6	0.15	0.10231	0.519967
binom	1	0.7	0.15	0.09819	0.523663
binom	1	0.8	0.15	0.08913	0.526934
binom	1	0.9	0.15	0.08184	0.529456
