binom	1	0	0.15	0.14678	0.499972
binom	1	0.01	0.15	0.14967	0.50161
binom	1	0.02	0.15	0.14647	0.502915
binom	1	0.03	0.15	0.14894	0.503446
binom	1	0.05	0.15	0.14957	0.505938
binom	1	0.07	0.15	0.14653	0.507949
binom	1	0.08	0.15	0.14824	0.509074
binom	1	0.1	0.15	0.14788	0.512034
binom	1	0.2	0.15	0.14508	0.523231
binom	1	0.3	0.15	0.14331	0.53455
binom	1	0.4	0.15	0.1345	0.54664
binom	1	0.5	0.15	0.12904	0.557774
binom	1	0.6	0.15	0.1199	0.570081
binom	1	0.7	0.15	0.11101	0.582945
binom	1	0.8	0.15	0.10551	0.594928
binom	1	0.9	0.15	0.09496	0.608539
