binom	1	0	0.15	0.14529	0.500524
binom	1	0.01	0.15	0.14422	0.500381
binom	1	0.02	0.15	0.14381	0.502497
binom	1	0.03	0.15	0.14301	0.503452
binom	1	0.05	0.15	0.14561	0.50634
binom	1	0.07	0.15	0.14551	0.508197
binom	1	0.08	0.15	0.14501	0.510226
binom	1	0.1	0.15	0.14585	0.512701
binom	1	0.2	0.15	0.14029	0.523816
binom	1	0.3	0.15	0.13644	0.536118
binom	1	0.4	0.15	0.12947	0.548204
binom	1	0.5	0.15	0.12447	0.560669
binom	1	0.6	0.15	0.117	0.572658
binom	1	0.7	0.15	0.10811	0.585231
binom	1	0.8	0.15	0.10021	0.599122
binom	1	0.9	0.15	0.09187	0.613544
