binom	1	0	0.15	0.14902	0.499393
binom	1	0.01	0.15	0.1447	0.500793
binom	1	0.02	0.15	0.1455	0.502365
binom	1	0.03	0.15	0.14606	0.503549
binom	1	0.05	0.15	0.1474	0.505872
binom	1	0.07	0.15	0.14547	0.508261
binom	1	0.08	0.15	0.14442	0.510003
binom	1	0.1	0.15	0.14433	0.510857
binom	1	0.2	0.15	0.14115	0.523166
binom	1	0.3	0.15	0.13913	0.53505
binom	1	0.4	0.15	0.13095	0.547549
binom	1	0.5	0.15	0.12479	0.559643
binom	1	0.6	0.15	0.11662	0.572042
binom	1	0.7	0.15	0.11019	0.58453
binom	1	0.8	0.15	0.10016	0.598077
binom	1	0.9	0.15	0.09446	0.611114
