binom	1	0	0.15	0.13337	0.499888
binom	1	0.01	0.15	0.13396	0.500158
binom	1	0.02	0.15	0.13273	0.500973
binom	1	0.03	0.15	0.13274	0.502119
binom	1	0.05	0.15	0.1317	0.503538
binom	1	0.07	0.15	0.13339	0.504451
binom	1	0.08	0.15	0.13177	0.503939
binom	1	0.1	0.15	0.13407	0.505967
binom	1	0.2	0.15	0.12994	0.511571
binom	1	0.3	0.15	0.12427	0.518405
binom	1	0.4	0.15	0.12146	0.523715
binom	1	0.5	0.15	0.11259	0.530919
binom	1	0.6	0.15	0.10797	0.536718
binom	1	0.7	0.15	0.09997	0.542934
binom	1	0.8	0.15	0.09179	0.548543
binom	1	0.9	0.15	0.08421	0.555039
