binom	1	0	0.15	0.13568	0.499716
binom	1	0.01	0.15	0.13496	0.500785
binom	1	0.02	0.15	0.13781	0.500657
binom	1	0.03	0.15	0.13469	0.501353
binom	1	0.05	0.15	0.13497	0.50234
binom	1	0.07	0.15	0.13193	0.504555
binom	1	0.08	0.15	0.13496	0.504651
binom	1	0.1	0.15	0.13595	0.50566
binom	1	0.2	0.15	0.13216	0.512116
binom	1	0.3	0.15	0.12939	0.517964
binom	1	0.4	0.15	0.12287	0.523993
binom	1	0.5	0.15	0.11701	0.530213
binom	1	0.6	0.15	0.10855	0.537351
binom	1	0.7	0.15	0.10062	0.542229
binom	1	0.8	0.15	0.09203	0.548854
binom	1	0.9	0.15	0.08549	0.555865
