binom	1	0	0.15	0.13494	0.500626
binom	1	0.01	0.15	0.13432	0.500628
binom	1	0.02	0.15	0.13496	0.501212
binom	1	0.03	0.15	0.13297	0.501434
binom	1	0.05	0.15	0.1351	0.504358
binom	1	0.07	0.15	0.1343	0.504561
binom	1	0.08	0.15	0.13373	0.503826
binom	1	0.1	0.15	0.13389	0.505611
binom	1	0.2	0.15	0.13024	0.512419
binom	1	0.3	0.15	0.12712	0.517878
binom	1	0.4	0.15	0.12375	0.524776
binom	1	0.5	0.15	0.11574	0.531037
binom	1	0.6	0.15	0.10759	0.536359
binom	1	0.7	0.15	0.10211	0.543811
binom	1	0.8	0.15	0.09274	0.549287
binom	1	0.9	0.15	0.08439	0.556058
