binom	1	0	0.15	0.15595	0.500524
binom	1	0.01	0.15	0.15364	0.501921
binom	1	0.02	0.15	0.1539	0.503273
binom	1	0.03	0.15	0.15306	0.504919
binom	1	0.05	0.15	0.15375	0.508671
binom	1	0.07	0.15	0.15266	0.512296
binom	1	0.08	0.15	0.15202	0.513385
binom	1	0.1	0.15	0.15011	0.517476
binom	1	0.2	0.15	0.15084	0.534193
binom	1	0.3	0.15	0.14544	0.551284
binom	1	0.4	0.15	0.13955	0.569136
binom	1	0.5	0.15	0.13378	0.58827
binom	1	0.6	0.15	0.12359	0.606
binom	1	0.7	0.15	0.1163	0.624367
binom	1	0.8	0.15	0.10562	0.643713
binom	1	0.9	0.15	0.09881	0.663062
