binom	1	0	0.15	0.23678	0.500183
binom	1	0.01	0.15	0.23469	0.500654
binom	1	0.02	0.15	0.23347	0.500297
binom	1	0.03	0.15	0.23439	0.500358
binom	1	0.05	0.15	0.23416	0.50101
binom	1	0.07	0.15	0.23451	0.500917
binom	1	0.08	0.15	0.23495	0.501378
binom	1	0.1	0.15	0.23533	0.501945
binom	1	0.2	0.15	0.2298	0.50446
binom	1	0.3	0.15	0.2262	0.506694
binom	1	0.4	0.15	0.21369	0.507923
binom	1	0.5	0.15	0.20262	0.51047
binom	1	0.6	0.15	0.19068	0.512829
binom	1	0.7	0.15	0.17639	0.514423
binom	1	0.8	0.15	0.16152	0.517138
binom	1	0.9	0.15	0.1524	0.518161
