binom	1	0	0.15	0.13278	0.500235
binom	1	0.01	0.15	0.13276	0.498917
binom	1	0.02	0.15	0.13253	0.500285
binom	1	0.03	0.15	0.13288	0.500766
binom	1	0.05	0.15	0.13355	0.501539
binom	1	0.07	0.15	0.13186	0.501797
binom	1	0.08	0.15	0.13595	0.502477
binom	1	0.1	0.15	0.13312	0.5024
binom	1	0.2	0.15	0.13011	0.504713
binom	1	0.3	0.15	0.1246	0.508184
binom	1	0.4	0.15	0.12031	0.509932
binom	1	0.5	0.15	0.11298	0.513057
binom	1	0.6	0.15	0.10742	0.516416
binom	1	0.7	0.15	0.09885	0.518792
binom	1	0.8	0.15	0.09175	0.521399
binom	1	0.9	0.15	0.08367	0.522178
