binom	1	0	0.15	0.13327	0.499441
binom	1	0.01	0.15	0.13256	0.501813
binom	1	0.02	0.15	0.13254	0.50338
binom	1	0.03	0.15	0.13111	0.50451
binom	1	0.05	0.15	0.13023	0.50823
binom	1	0.07	0.15	0.13182	0.512108
binom	1	0.08	0.15	0.13214	0.512618
binom	1	0.1	0.15	0.13045	0.515309
binom	1	0.2	0.15	0.12817	0.532403
binom	1	0.3	0.15	0.12658	0.547944
binom	1	0.4	0.15	0.12013	0.5655
binom	1	0.5	0.15	0.11255	0.582487
binom	1	0.6	0.15	0.10561	0.598844
binom	1	0.7	0.15	0.09647	0.616761
binom	1	0.8	0.15	0.09016	0.633226
binom	1	0.9	0.15	0.08324	0.650535
