binom	1	0	0.15	0.14919	0.49953
binom	1	0.01	0.15	0.15022	0.501238
binom	1	0.02	0.15	0.14863	0.502596
binom	1	0.03	0.15	0.14916	0.505615
binom	1	0.05	0.15	0.14862	0.508553
binom	1	0.07	0.15	0.14933	0.511103
binom	1	0.08	0.15	0.14984	0.513468
binom	1	0.1	0.15	0.14857	0.516583
binom	1	0.2	0.15	0.14736	0.53303
binom	1	0.3	0.15	0.14233	0.549848
binom	1	0.4	0.15	0.13779	0.566962
binom	1	0.5	0.15	0.12982	0.584558
binom	1	0.6	0.15	0.12071	0.602729
binom	1	0.7	0.15	0.11527	0.62023
binom	1	0.8	0.15	0.104	0.638591
binom	1	0.9	0.15	0.09596	0.658055
