binom	1	0	0.01	0.0216	0.499565
binom	1	0.01	0.01	0.02152	0.500544
binom	1	0.02	0.01	0.02171	0.501331
binom	1	0.03	0.01	0.02196	0.501566
binom	1	0.05	0.01	0.02274	0.504877
binom	1	0.07	0.01	0.02214	0.507132
binom	1	0.08	0.01	0.02207	0.506842
binom	1	0.1	0.01	0.02159	0.507212
binom	1	0.2	0.01	0.02115	0.513877
binom	1	0.3	0.01	0.01999	0.522071
binom	1	0.4	0.01	0.02038	0.530236
binom	1	0.5	0.01	0.01911	0.539587
binom	1	0.6	0.01	0.01794	0.545491
binom	1	0.7	0.01	0.01702	0.554765
binom	1	0.8	0.01	0.01567	0.558992
binom	1	0.9	0.01	0.01544	0.566477
