binom	1	0	0.15	0.17842	0.500321
binom	1	0.01	0.15	0.17684	0.501488
binom	1	0.02	0.15	0.1786	0.503758
binom	1	0.03	0.15	0.17731	0.505263
binom	1	0.05	0.15	0.17708	0.50812
binom	1	0.07	0.15	0.17652	0.511511
binom	1	0.08	0.15	0.17785	0.512518
binom	1	0.1	0.15	0.17699	0.515758
binom	1	0.2	0.15	0.17278	0.532145
binom	1	0.3	0.15	0.16906	0.548095
binom	1	0.4	0.15	0.16336	0.564702
binom	1	0.5	0.15	0.15387	0.581661
binom	1	0.6	0.15	0.14546	0.599599
binom	1	0.7	0.15	0.1351	0.615963
binom	1	0.8	0.15	0.12329	0.634188
binom	1	0.9	0.15	0.11462	0.652823
