binom	1	0	0.15	0.14551	0.499923
binom	1	0.01	0.15	0.14542	0.5015
binom	1	0.02	0.15	0.14559	0.502137
binom	1	0.03	0.15	0.14487	0.50449
binom	1	0.05	0.15	0.14426	0.506161
binom	1	0.07	0.15	0.14546	0.508391
binom	1	0.08	0.15	0.14371	0.509819
binom	1	0.1	0.15	0.142	0.512982
binom	1	0.2	0.15	0.14094	0.526029
binom	1	0.3	0.15	0.13628	0.539254
binom	1	0.4	0.15	0.13171	0.552048
binom	1	0.5	0.15	0.12258	0.56499
binom	1	0.6	0.15	0.11472	0.580017
binom	1	0.7	0.15	0.10752	0.594764
binom	1	0.8	0.15	0.09965	0.608622
binom	1	0.9	0.15	0.0913	0.622686
