binom	1	0	0.15	0.14919	0.499706
binom	1	0.01	0.15	0.14946	0.501613
binom	1	0.02	0.15	0.1475	0.502511
binom	1	0.03	0.15	0.15009	0.50368
binom	1	0.05	0.15	0.14856	0.506524
binom	1	0.07	0.15	0.14666	0.508778
binom	1	0.08	0.15	0.14729	0.510243
binom	1	0.1	0.15	0.14641	0.512519
binom	1	0.2	0.15	0.14493	0.525011
binom	1	0.3	0.15	0.14049	0.53808
binom	1	0.4	0.15	0.13516	0.551116
binom	1	0.5	0.15	0.12686	0.565645
binom	1	0.6	0.15	0.12053	0.578011
binom	1	0.7	0.15	0.11255	0.59194
binom	1	0.8	0.15	0.10125	0.605823
binom	1	0.9	0.15	0.09552	0.621553
