binom	1	0	0.15	0.1309	0.50036
binom	1	0.01	0.15	0.13017	0.500175
binom	1	0.02	0.15	0.13023	0.501273
binom	1	0.03	0.15	0.12856	0.50179
binom	1	0.05	0.15	0.13047	0.502713
binom	1	0.07	0.15	0.12755	0.504931
binom	1	0.08	0.15	0.12772	0.505103
binom	1	0.1	0.15	0.12971	0.50705
binom	1	0.2	0.15	0.12619	0.512557
binom	1	0.3	0.15	0.12171	0.51898
binom	1	0.4	0.15	0.11662	0.524797
binom	1	0.5	0.15	0.11038	0.530013
binom	1	0.6	0.15	0.10441	0.536675
binom	1	0.7	0.15	0.09627	0.5427
binom	1	0.8	0.15	0.08838	0.548746
binom	1	0.9	0.15	0.08234	0.554659
