binom	1	0	0.15	0.12962	0.499759
binom	1	0.01	0.15	0.12879	0.499539
binom	1	0.02	0.15	0.12952	0.501576
binom	1	0.03	0.15	0.12961	0.501113
binom	1	0.05	0.15	0.12927	0.502424
binom	1	0.07	0.15	0.12992	0.501832
binom	1	0.08	0.15	0.13058	0.503245
binom	1	0.1	0.15	0.12773	0.503101
binom	1	0.2	0.15	0.12805	0.506796
binom	1	0.3	0.15	0.12121	0.509245
binom	1	0.4	0.15	0.11535	0.512904
binom	1	0.5	0.15	0.11154	0.516044
binom	1	0.6	0.15	0.10427	0.518416
binom	1	0.7	0.15	0.09792	0.521443
binom	1	0.8	0.15	0.08878	0.525456
binom	1	0.9	0.15	0.0821	0.527078
