binom	1	0	0.15	0.13029	0.49979
binom	1	0.01	0.15	0.12804	0.500683
binom	1	0.02	0.15	0.13036	0.50072
binom	1	0.03	0.15	0.13007	0.500757
binom	1	0.05	0.15	0.13023	0.502144
binom	1	0.07	0.15	0.1279	0.502073
binom	1	0.08	0.15	0.12737	0.502038
binom	1	0.1	0.15	0.13098	0.503094
binom	1	0.2	0.15	0.12533	0.506685
binom	1	0.3	0.15	0.12236	0.510644
binom	1	0.4	0.15	0.11677	0.513774
binom	1	0.5	0.15	0.10967	0.517032
binom	1	0.6	0.15	0.1043	0.519756
binom	1	0.7	0.15	0.0961	0.523135
binom	1	0.8	0.15	0.08991	0.525928
binom	1	0.9	0.15	0.08165	0.528797
