binom	1	0	0.2	0.18501	0.500249
binom	1	0.01	0.2	0.18403	0.501139
binom	1	0.02	0.2	0.18829	0.501944
binom	1	0.03	0.2	0.18555	0.502877
binom	1	0.05	0.2	0.18477	0.505107
binom	1	0.07	0.2	0.18579	0.507052
binom	1	0.08	0.2	0.18503	0.508748
binom	1	0.1	0.2	0.18236	0.509696
binom	1	0.2	0.2	0.18416	0.521124
binom	1	0.3	0.2	0.17759	0.531321
binom	1	0.4	0.2	0.16989	0.542483
binom	1	0.5	0.2	0.16077	0.553925
binom	1	0.6	0.2	0.15267	0.564249
binom	1	0.7	0.2	0.14435	0.575465
binom	1	0.8	0.2	0.13301	0.588887
binom	1	0.9	0.2	0.12338	0.600597
