binom	1	0	0.2	0.17017	0.499461
binom	1	0.01	0.2	0.171	0.500653
binom	1	0.02	0.2	0.16955	0.500313
binom	1	0.03	0.2	0.17118	0.500971
binom	1	0.05	0.2	0.16829	0.501592
binom	1	0.07	0.2	0.16941	0.502516
binom	1	0.08	0.2	0.1685	0.503703
binom	1	0.1	0.2	0.16627	0.503328
binom	1	0.2	0.2	0.16813	0.508115
binom	1	0.3	0.2	0.16037	0.510079
binom	1	0.4	0.2	0.15271	0.514239
binom	1	0.5	0.2	0.14682	0.518792
binom	1	0.6	0.2	0.14213	0.522304
binom	1	0.7	0.2	0.12914	0.525191
binom	1	0.8	0.2	0.12184	0.53014
binom	1	0.9	0.2	0.11048	0.532448
