binom	1	0	0.2	0.1836	0.500696
binom	1	0.01	0.2	0.18493	0.500676
binom	1	0.02	0.2	0.18499	0.501904
binom	1	0.03	0.2	0.18638	0.503434
binom	1	0.05	0.2	0.18592	0.50502
binom	1	0.07	0.2	0.18475	0.507362
binom	1	0.08	0.2	0.18463	0.508596
binom	1	0.1	0.2	0.18287	0.51045
binom	1	0.2	0.2	0.17944	0.521762
binom	1	0.3	0.2	0.17719	0.532919
binom	1	0.4	0.2	0.16682	0.544348
binom	1	0.5	0.2	0.16124	0.555912
binom	1	0.6	0.2	0.15055	0.567371
binom	1	0.7	0.2	0.1427	0.579212
binom	1	0.8	0.2	0.13163	0.591902
binom	1	0.9	0.2	0.12381	0.60471
