binom	1	0	0.2	0.18235	0.499715
binom	1	0.01	0.2	0.18394	0.500967
binom	1	0.02	0.2	0.18572	0.502305
binom	1	0.03	0.2	0.18221	0.503482
binom	1	0.05	0.2	0.18119	0.505722
binom	1	0.07	0.2	0.18057	0.507857
binom	1	0.08	0.2	0.17912	0.508695
binom	1	0.1	0.2	0.18323	0.510238
binom	1	0.2	0.2	0.17859	0.521068
binom	1	0.3	0.2	0.17501	0.532645
binom	1	0.4	0.2	0.16775	0.543878
binom	1	0.5	0.2	0.15834	0.55496
binom	1	0.6	0.2	0.15123	0.564875
binom	1	0.7	0.2	0.14131	0.577116
binom	1	0.8	0.2	0.12979	0.590427
binom	1	0.9	0.2	0.11815	0.60271
