binom	1	0	0.2	0.17297	0.49971
binom	1	0.01	0.2	0.17369	0.501001
binom	1	0.02	0.2	0.17348	0.501519
binom	1	0.03	0.2	0.17538	0.501002
binom	1	0.05	0.2	0.17059	0.50286
binom	1	0.07	0.2	0.17245	0.50397
binom	1	0.08	0.2	0.17211	0.50449
binom	1	0.1	0.2	0.17222	0.504933
binom	1	0.2	0.2	0.169	0.510957
binom	1	0.3	0.2	0.16467	0.516725
binom	1	0.4	0.2	0.15668	0.522865
binom	1	0.5	0.2	0.15138	0.528718
binom	1	0.6	0.2	0.14382	0.533803
binom	1	0.7	0.2	0.13606	0.539572
binom	1	0.8	0.2	0.12504	0.546419
binom	1	0.9	0.2	0.11536	0.551993
