binom	1	0	0.2	0.20095	0.500303
binom	1	0.01	0.2	0.20225	0.500427
binom	1	0.02	0.2	0.20014	0.500608
binom	1	0.03	0.2	0.2012	0.500692
binom	1	0.05	0.2	0.20155	0.500889
binom	1	0.07	0.2	0.204	0.50153
binom	1	0.08	0.2	0.20151	0.501268
binom	1	0.1	0.2	0.19888	0.502051
binom	1	0.2	0.2	0.19704	0.50462
binom	1	0.3	0.2	0.19278	0.506687
binom	1	0.4	0.2	0.18571	0.507811
binom	1	0.5	0.2	0.17589	0.510943
binom	1	0.6	0.2	0.16414	0.512692
binom	1	0.7	0.2	0.15475	0.514405
binom	1	0.8	0.2	0.14536	0.517067
binom	1	0.9	0.2	0.13203	0.518717
