binom	1	0	0.2	0.18617	0.49955
binom	1	0.01	0.2	0.18566	0.502125
binom	1	0.02	0.2	0.18782	0.503812
binom	1	0.03	0.2	0.18694	0.504707
binom	1	0.05	0.2	0.18458	0.508373
binom	1	0.07	0.2	0.18592	0.512095
binom	1	0.08	0.2	0.18845	0.512587
binom	1	0.1	0.2	0.18493	0.516919
binom	1	0.2	0.2	0.18035	0.532602
binom	1	0.3	0.2	0.17789	0.550145
binom	1	0.4	0.2	0.1711	0.56709
binom	1	0.5	0.2	0.16333	0.583535
binom	1	0.6	0.2	0.15369	0.601262
binom	1	0.7	0.2	0.14499	0.619802
binom	1	0.8	0.2	0.1331	0.638231
binom	1	0.9	0.2	0.12432	0.657851
