binom	1	0	0.2	0.16839	0.500656
binom	1	0.01	0.2	0.17097	0.501749
binom	1	0.02	0.2	0.16853	0.503151
binom	1	0.03	0.2	0.16846	0.504888
binom	1	0.05	0.2	0.16676	0.50849
binom	1	0.07	0.2	0.16794	0.511187
binom	1	0.08	0.2	0.16559	0.51339
binom	1	0.1	0.2	0.1659	0.517363
binom	1	0.2	0.2	0.16365	0.533743
binom	1	0.3	0.2	0.15932	0.550848
binom	1	0.4	0.2	0.1531	0.568419
binom	1	0.5	0.2	0.14627	0.584596
binom	1	0.6	0.2	0.13664	0.602716
binom	1	0.7	0.2	0.12804	0.620676
binom	1	0.8	0.2	0.11943	0.637804
binom	1	0.9	0.2	0.11071	0.656123
