binom	1	0	0.2	0.16376	0.49962
binom	1	0.01	0.2	0.16335	0.502506
binom	1	0.02	0.2	0.16328	0.505809
binom	1	0.03	0.2	0.16395	0.507586
binom	1	0.05	0.2	0.1624	0.513233
binom	1	0.07	0.2	0.16237	0.519012
binom	1	0.08	0.2	0.16118	0.5219
binom	1	0.1	0.2	0.16225	0.526947
binom	1	0.2	0.2	0.15934	0.554485
binom	1	0.3	0.2	0.15415	0.58258
binom	1	0.4	0.2	0.14747	0.612855
binom	1	0.5	0.2	0.14069	0.6421
binom	1	0.6	0.2	0.12972	0.674564
binom	1	0.7	0.2	0.11997	0.707562
binom	1	0.8	0.2	0.11168	0.742663
binom	1	0.9	0.2	0.10044	0.779639
