binom	1	0	0.2	0.21397	0.500184
binom	1	0.01	0.2	0.21508	0.501635
binom	1	0.02	0.2	0.21428	0.502632
binom	1	0.03	0.2	0.21375	0.504668
binom	1	0.05	0.2	0.21517	0.507657
binom	1	0.07	0.2	0.21561	0.511017
binom	1	0.08	0.2	0.21429	0.512191
binom	1	0.1	0.2	0.21298	0.516026
binom	1	0.2	0.2	0.20886	0.531174
binom	1	0.3	0.2	0.20325	0.545782
binom	1	0.4	0.2	0.19838	0.562421
binom	1	0.5	0.2	0.18658	0.579227
binom	1	0.6	0.2	0.17881	0.595935
binom	1	0.7	0.2	0.16533	0.61318
binom	1	0.8	0.2	0.15762	0.630925
binom	1	0.9	0.2	0.14375	0.649729
