binom	1	0	0.2	0.18401	0.501043
binom	1	0.01	0.2	0.18218	0.501275
binom	1	0.02	0.2	0.18343	0.502549
binom	1	0.03	0.2	0.18442	0.503401
binom	1	0.05	0.2	0.18311	0.505412
binom	1	0.07	0.2	0.18206	0.508308
binom	1	0.08	0.2	0.18064	0.509501
binom	1	0.1	0.2	0.18114	0.511757
binom	1	0.2	0.2	0.18017	0.524376
binom	1	0.3	0.2	0.17502	0.536691
binom	1	0.4	0.2	0.1654	0.548295
binom	1	0.5	0.2	0.15924	0.560843
binom	1	0.6	0.2	0.14973	0.572984
binom	1	0.7	0.2	0.14025	0.586401
binom	1	0.8	0.2	0.12948	0.601013
binom	1	0.9	0.2	0.12031	0.614291
