binom	1	0	0.2	0.18585	0.500422
binom	1	0.01	0.2	0.1838	0.501311
binom	1	0.02	0.2	0.18672	0.502162
binom	1	0.03	0.2	0.18833	0.502379
binom	1	0.05	0.2	0.18639	0.505873
binom	1	0.07	0.2	0.18637	0.507262
binom	1	0.08	0.2	0.18694	0.509368
binom	1	0.1	0.2	0.18705	0.512083
binom	1	0.2	0.2	0.18287	0.523457
binom	1	0.3	0.2	0.17793	0.536059
binom	1	0.4	0.2	0.1713	0.548402
binom	1	0.5	0.2	0.16138	0.560649
binom	1	0.6	0.2	0.15382	0.573869
binom	1	0.7	0.2	0.14548	0.587586
binom	1	0.8	0.2	0.13495	0.601057
binom	1	0.9	0.2	0.12179	0.616333
