binom	1	0	0.2	0.16432	0.500417
binom	1	0.01	0.2	0.1649	0.499572
binom	1	0.02	0.2	0.16676	0.500759
binom	1	0.03	0.2	0.16524	0.500353
binom	1	0.05	0.2	0.16388	0.501761
binom	1	0.07	0.2	0.16423	0.502151
binom	1	0.08	0.2	0.16686	0.502652
binom	1	0.1	0.2	0.16678	0.502649
binom	1	0.2	0.2	0.1616	0.506284
binom	1	0.3	0.2	0.15844	0.509125
binom	1	0.4	0.2	0.15216	0.512436
binom	1	0.5	0.2	0.14484	0.514865
binom	1	0.6	0.2	0.13431	0.518263
binom	1	0.7	0.2	0.1274	0.521291
binom	1	0.8	0.2	0.11703	0.524623
binom	1	0.9	0.2	0.10796	0.527349
