binom	1	0	0.2	0.16372	0.499442
binom	1	0.01	0.2	0.16212	0.502013
binom	1	0.02	0.2	0.16326	0.503279
binom	1	0.03	0.2	0.1643	0.505134
binom	1	0.05	0.2	0.16402	0.508214
binom	1	0.07	0.2	0.1634	0.511641
binom	1	0.08	0.2	0.1631	0.512723
binom	1	0.1	0.2	0.1609	0.516978
binom	1	0.2	0.2	0.15956	0.533463
binom	1	0.3	0.2	0.15637	0.550051
binom	1	0.4	0.2	0.15054	0.567028
binom	1	0.5	0.2	0.1425	0.58482
binom	1	0.6	0.2	0.13241	0.60209
binom	1	0.7	0.2	0.12347	0.620631
binom	1	0.8	0.2	0.11476	0.639372
binom	1	0.9	0.2	0.1046	0.660287
