binom	1	0	0.2	0.16493	0.499499
binom	1	0.01	0.2	0.1619	0.50083
binom	1	0.02	0.2	0.16273	0.503779
binom	1	0.03	0.2	0.16167	0.504126
binom	1	0.05	0.2	0.16078	0.507066
binom	1	0.07	0.2	0.16028	0.510744
binom	1	0.08	0.2	0.16057	0.512134
binom	1	0.1	0.2	0.16189	0.516186
binom	1	0.2	0.2	0.15821	0.530654
binom	1	0.3	0.2	0.15356	0.545946
binom	1	0.4	0.2	0.14568	0.561875
binom	1	0.5	0.2	0.14088	0.578155
binom	1	0.6	0.2	0.13033	0.594373
binom	1	0.7	0.2	0.12014	0.610937
binom	1	0.8	0.2	0.11307	0.628846
binom	1	0.9	0.2	0.1026	0.647095
