binom	1	0	0.2	0.19013	0.500192
binom	1	0.01	0.2	0.18849	0.502491
binom	1	0.02	0.2	0.18863	0.503044
binom	1	0.03	0.2	0.19028	0.505417
binom	1	0.05	0.2	0.18836	0.508266
binom	1	0.07	0.2	0.18942	0.511639
binom	1	0.08	0.2	0.18718	0.513498
binom	1	0.1	0.2	0.18796	0.516172
binom	1	0.2	0.2	0.18251	0.532814
binom	1	0.3	0.2	0.17867	0.54972
binom	1	0.4	0.2	0.17296	0.565579
binom	1	0.5	0.2	0.16667	0.582866
binom	1	0.6	0.2	0.15577	0.600604
binom	1	0.7	0.2	0.14525	0.618775
binom	1	0.8	0.2	0.13578	0.636578
binom	1	0.9	0.2	0.1234	0.655517
