binom	1	0	0.2	0.18278	0.50009
binom	1	0.01	0.2	0.18506	0.501561
binom	1	0.02	0.2	0.18457	0.50217
binom	1	0.03	0.2	0.18461	0.502706
binom	1	0.05	0.2	0.18493	0.50542
binom	1	0.07	0.2	0.18247	0.506685
binom	1	0.08	0.2	0.18298	0.507858
binom	1	0.1	0.2	0.18498	0.510119
binom	1	0.2	0.2	0.18123	0.52039
binom	1	0.3	0.2	0.1762	0.530613
binom	1	0.4	0.2	0.16964	0.541907
binom	1	0.5	0.2	0.1611	0.553382
binom	1	0.6	0.2	0.15446	0.564063
binom	1	0.7	0.2	0.14294	0.575952
binom	1	0.8	0.2	0.13285	0.587863
binom	1	0.9	0.2	0.12143	0.60056
