binom	1	0	0.2	0.17647	0.499528
binom	1	0.01	0.2	0.17694	0.501225
binom	1	0.02	0.2	0.17921	0.501061
binom	1	0.03	0.2	0.17898	0.501852
binom	1	0.05	0.2	0.17939	0.503472
binom	1	0.07	0.2	0.17784	0.505455
binom	1	0.08	0.2	0.17647	0.50566
binom	1	0.1	0.2	0.17641	0.506976
binom	1	0.2	0.2	0.17278	0.515057
binom	1	0.3	0.2	0.16977	0.52277
binom	1	0.4	0.2	0.16187	0.53018
binom	1	0.5	0.2	0.15578	0.537902
binom	1	0.6	0.2	0.14647	0.545566
binom	1	0.7	0.2	0.13858	0.553545
binom	1	0.8	0.2	0.12792	0.561614
binom	1	0.9	0.2	0.11846	0.570636
