binom	1	0	0.2	0.17405	0.500369
binom	1	0.01	0.2	0.17374	0.501362
binom	1	0.02	0.2	0.17304	0.501694
binom	1	0.03	0.2	0.17522	0.501873
binom	1	0.05	0.2	0.17439	0.503658
binom	1	0.07	0.2	0.17094	0.504653
binom	1	0.08	0.2	0.17419	0.505524
binom	1	0.1	0.2	0.17385	0.506565
binom	1	0.2	0.2	0.16879	0.513788
binom	1	0.3	0.2	0.16782	0.52114
binom	1	0.4	0.2	0.16024	0.528886
binom	1	0.5	0.2	0.15314	0.535434
binom	1	0.6	0.2	0.13981	0.543304
binom	1	0.7	0.2	0.13293	0.5507
binom	1	0.8	0.2	0.1242	0.558437
binom	1	0.9	0.2	0.11607	0.566034
