binom	1	0	0.15	0.13578	0.498797
binom	1	0.01	0.15	0.13211	0.500137
binom	1	0.02	0.15	0.13375	0.501576
binom	1	0.03	0.15	0.13497	0.502113
binom	1	0.05	0.15	0.13515	0.503651
binom	1	0.07	0.15	0.13542	0.504759
binom	1	0.08	0.15	0.13489	0.504802
binom	1	0.1	0.15	0.13413	0.506636
binom	1	0.2	0.15	0.13047	0.512278
binom	1	0.3	0.15	0.12763	0.519177
binom	1	0.4	0.15	0.12443	0.525491
binom	1	0.5	0.15	0.11605	0.531816
binom	1	0.6	0.15	0.10871	0.53852
binom	1	0.7	0.15	0.10315	0.54459
binom	1	0.8	0.15	0.0939	0.552152
binom	1	0.9	0.15	0.08446	0.558072
