binom	1	0	0.15	0.13693	0.499593
binom	1	0.01	0.15	0.13542	0.500592
binom	1	0.02	0.15	0.13622	0.501532
binom	1	0.03	0.15	0.13547	0.501724
binom	1	0.05	0.15	0.13719	0.503787
binom	1	0.07	0.15	0.13423	0.503854
binom	1	0.08	0.15	0.13532	0.50575
binom	1	0.1	0.15	0.13481	0.505421
binom	1	0.2	0.15	0.13285	0.512752
binom	1	0.3	0.15	0.12782	0.518554
binom	1	0.4	0.15	0.1223	0.524882
binom	1	0.5	0.15	0.11542	0.530345
binom	1	0.6	0.15	0.10946	0.537341
binom	1	0.7	0.15	0.1011	0.543608
binom	1	0.8	0.15	0.09365	0.549886
binom	1	0.9	0.15	0.08674	0.556631
