binom	1	0	0.15	0.13744	0.499842
binom	1	0.01	0.15	0.13464	0.500538
binom	1	0.02	0.15	0.13551	0.50114
binom	1	0.03	0.15	0.13599	0.501638
binom	1	0.05	0.15	0.13515	0.50318
binom	1	0.07	0.15	0.13666	0.504449
binom	1	0.08	0.15	0.13647	0.504637
binom	1	0.1	0.15	0.13646	0.506153
binom	1	0.2	0.15	0.13177	0.511409
binom	1	0.3	0.15	0.12768	0.517766
binom	1	0.4	0.15	0.12391	0.524882
binom	1	0.5	0.15	0.115	0.53049
binom	1	0.6	0.15	0.11033	0.536903
binom	1	0.7	0.15	0.09911	0.542152
binom	1	0.8	0.15	0.0939	0.549492
binom	1	0.9	0.15	0.08697	0.556471
