binom	1	0	0.15	0.13827	0.500434
binom	1	0.01	0.15	0.14044	0.500702
binom	1	0.02	0.15	0.13699	0.501185
binom	1	0.03	0.15	0.13967	0.502177
binom	1	0.05	0.15	0.13636	0.503712
binom	1	0.07	0.15	0.13894	0.504854
binom	1	0.08	0.15	0.13831	0.504355
binom	1	0.1	0.15	0.13673	0.50723
binom	1	0.2	0.15	0.13533	0.51341
binom	1	0.3	0.15	0.13086	0.518829
binom	1	0.4	0.15	0.1265	0.526006
binom	1	0.5	0.15	0.11948	0.531594
binom	1	0.6	0.15	0.1119	0.538832
binom	1	0.7	0.15	0.10435	0.545749
binom	1	0.8	0.15	0.09417	0.552023
binom	1	0.9	0.15	0.08891	0.558624
