binom	1	0	0.15	0.13443	0.499967
binom	1	0.01	0.15	0.13654	0.500465
binom	1	0.02	0.15	0.136	0.501664
binom	1	0.03	0.15	0.13549	0.501648
binom	1	0.05	0.15	0.13646	0.502672
binom	1	0.07	0.15	0.1354	0.504713
binom	1	0.08	0.15	0.13392	0.505333
binom	1	0.1	0.15	0.13365	0.50561
binom	1	0.2	0.15	0.13129	0.512753
binom	1	0.3	0.15	0.12737	0.518745
binom	1	0.4	0.15	0.12383	0.525117
binom	1	0.5	0.15	0.11604	0.532495
binom	1	0.6	0.15	0.10838	0.538167
binom	1	0.7	0.15	0.09966	0.546123
binom	1	0.8	0.15	0.09386	0.551691
binom	1	0.9	0.15	0.0851	0.558874
