binom	1	0	0.15	0.13025	0.500468
binom	1	0.01	0.15	0.13107	0.502081
binom	1	0.02	0.15	0.13218	0.504396
binom	1	0.03	0.15	0.12965	0.506506
binom	1	0.05	0.15	0.13158	0.511073
binom	1	0.07	0.15	0.13093	0.515916
binom	1	0.08	0.15	0.12829	0.517344
binom	1	0.1	0.15	0.13185	0.521994
binom	1	0.2	0.15	0.12585	0.544054
binom	1	0.3	0.15	0.12159	0.566973
binom	1	0.4	0.15	0.11807	0.590135
binom	1	0.5	0.15	0.11232	0.612236
binom	1	0.6	0.15	0.10362	0.635367
binom	1	0.7	0.15	0.09652	0.656826
binom	1	0.8	0.15	0.08931	0.679502
binom	1	0.9	0.15	0.08221	0.702587
