binom	1	0	0.15	0.1307	0.49929
binom	1	0.01	0.15	0.12981	0.501679
binom	1	0.02	0.15	0.1307	0.503428
binom	1	0.03	0.15	0.13268	0.50643
binom	1	0.05	0.15	0.13227	0.510545
binom	1	0.07	0.15	0.13042	0.514596
binom	1	0.08	0.15	0.13063	0.516567
binom	1	0.1	0.15	0.12933	0.520673
binom	1	0.2	0.15	0.12752	0.541581
binom	1	0.3	0.15	0.12425	0.561201
binom	1	0.4	0.15	0.11618	0.58186
binom	1	0.5	0.15	0.11031	0.602891
binom	1	0.6	0.15	0.10498	0.62326
binom	1	0.7	0.15	0.09659	0.644089
binom	1	0.8	0.15	0.0901	0.664972
binom	1	0.9	0.15	0.08173	0.685423
