binom	1	0	0.2	0.18571	0.499765
binom	1	0.01	0.2	0.18656	0.501401
binom	1	0.02	0.2	0.18617	0.502748
binom	1	0.03	0.2	0.186	0.504187
binom	1	0.05	0.2	0.1862	0.507425
binom	1	0.07	0.2	0.18605	0.510071
binom	1	0.08	0.2	0.1837	0.510993
binom	1	0.1	0.2	0.18379	0.513282
binom	1	0.2	0.2	0.18286	0.527302
binom	1	0.3	0.2	0.17801	0.541687
binom	1	0.4	0.2	0.17279	0.556345
binom	1	0.5	0.2	0.16463	0.570205
binom	1	0.6	0.2	0.15422	0.585545
binom	1	0.7	0.2	0.14444	0.599353
binom	1	0.8	0.2	0.13324	0.616349
binom	1	0.9	0.2	0.12557	0.631806
