binom	1	0	0.01	0.02104	0.500413
binom	1	0.01	0.01	0.02095	0.501795
binom	1	0.02	0.01	0.01993	0.503071
binom	1	0.03	0.01	0.02089	0.502604
binom	1	0.05	0.01	0.02098	0.506077
binom	1	0.07	0.01	0.0211	0.509355
binom	1	0.08	0.01	0.02146	0.511044
binom	1	0.1	0.01	0.02126	0.512935
binom	1	0.2	0.01	0.02011	0.525962
binom	1	0.3	0.01	0.01887	0.538553
binom	1	0.4	0.01	0.01941	0.551886
binom	1	0.5	0.01	0.01744	0.568354
binom	1	0.6	0.01	0.01716	0.58095
binom	1	0.7	0.01	0.01634	0.595257
binom	1	0.8	0.01	0.01463	0.610492
binom	1	0.9	0.01	0.01493	0.626015
