binom	1	0	0.15	0.14654	0.500178
binom	1	0.01	0.15	0.14639	0.501698
binom	1	0.02	0.15	0.14289	0.50224
binom	1	0.03	0.15	0.14425	0.504301
binom	1	0.05	0.15	0.14451	0.50661
binom	1	0.07	0.15	0.14613	0.508747
binom	1	0.08	0.15	0.14597	0.510651
binom	1	0.1	0.15	0.14188	0.51343
binom	1	0.2	0.15	0.14354	0.527115
binom	1	0.3	0.15	0.13625	0.539671
binom	1	0.4	0.15	0.13056	0.552884
binom	1	0.5	0.15	0.12339	0.56639
binom	1	0.6	0.15	0.11617	0.581102
binom	1	0.7	0.15	0.10803	0.594602
binom	1	0.8	0.15	0.10122	0.610484
binom	1	0.9	0.15	0.09193	0.62592
