binom	1	0	0.15	0.12729	0.499702
binom	1	0.01	0.15	0.13212	0.500416
binom	1	0.02	0.15	0.12688	0.500891
binom	1	0.03	0.15	0.12935	0.502311
binom	1	0.05	0.15	0.12753	0.503511
binom	1	0.07	0.15	0.12916	0.504048
binom	1	0.08	0.15	0.12826	0.50608
binom	1	0.1	0.15	0.12687	0.506855
binom	1	0.2	0.15	0.12735	0.512191
binom	1	0.3	0.15	0.12102	0.518111
binom	1	0.4	0.15	0.11671	0.524067
binom	1	0.5	0.15	0.10948	0.529207
binom	1	0.6	0.15	0.1015	0.535896
binom	1	0.7	0.15	0.09716	0.541331
binom	1	0.8	0.15	0.08789	0.54725
binom	1	0.9	0.15	0.08215	0.552528
