binom	1	0	0.15	0.12801	0.499479
binom	1	0.01	0.15	0.12849	0.500943
binom	1	0.02	0.15	0.12858	0.501698
binom	1	0.03	0.15	0.12693	0.502623
binom	1	0.05	0.15	0.12703	0.503881
binom	1	0.07	0.15	0.12767	0.504747
binom	1	0.08	0.15	0.12992	0.504693
binom	1	0.1	0.15	0.12674	0.505791
binom	1	0.2	0.15	0.12486	0.512169
binom	1	0.3	0.15	0.12425	0.518607
binom	1	0.4	0.15	0.11659	0.524863
binom	1	0.5	0.15	0.11033	0.529695
binom	1	0.6	0.15	0.10387	0.536527
binom	1	0.7	0.15	0.09716	0.541212
binom	1	0.8	0.15	0.08704	0.547437
binom	1	0.9	0.15	0.08088	0.551957
