binom	1	0	0.2	0.19442	0.499949
binom	1	0.01	0.2	0.19597	0.501792
binom	1	0.02	0.2	0.19299	0.503383
binom	1	0.03	0.2	0.19603	0.50491
binom	1	0.05	0.2	0.19588	0.508306
binom	1	0.07	0.2	0.1937	0.512009
binom	1	0.08	0.2	0.19492	0.513269
binom	1	0.1	0.2	0.19346	0.516913
binom	1	0.2	0.2	0.1901	0.533278
binom	1	0.3	0.2	0.18939	0.551677
binom	1	0.4	0.2	0.17848	0.569083
binom	1	0.5	0.2	0.17118	0.586474
binom	1	0.6	0.2	0.15988	0.605425
binom	1	0.7	0.2	0.15069	0.623388
binom	1	0.8	0.2	0.14279	0.643164
binom	1	0.9	0.2	0.13154	0.662724
