binom	1	0	0.2	0.17165	0.499733
binom	1	0.01	0.2	0.16784	0.500383
binom	1	0.02	0.2	0.16844	0.501706
binom	1	0.03	0.2	0.16931	0.502786
binom	1	0.05	0.2	0.16614	0.504272
binom	1	0.07	0.2	0.16767	0.505033
binom	1	0.08	0.2	0.16857	0.506603
binom	1	0.1	0.2	0.16834	0.508344
binom	1	0.2	0.2	0.16447	0.517174
binom	1	0.3	0.2	0.15943	0.524787
binom	1	0.4	0.2	0.15343	0.533421
binom	1	0.5	0.2	0.14519	0.542881
binom	1	0.6	0.2	0.13795	0.550956
binom	1	0.7	0.2	0.12825	0.560435
binom	1	0.8	0.2	0.11951	0.56886
binom	1	0.9	0.2	0.11074	0.577989
