binom	1	0	0.2	0.17043	0.499827
binom	1	0.01	0.2	0.1713	0.500703
binom	1	0.02	0.2	0.17025	0.501957
binom	1	0.03	0.2	0.169	0.502472
binom	1	0.05	0.2	0.1704	0.50395
binom	1	0.07	0.2	0.16662	0.505051
binom	1	0.08	0.2	0.16847	0.504354
binom	1	0.1	0.2	0.17036	0.50674
binom	1	0.2	0.2	0.16419	0.512998
binom	1	0.3	0.2	0.16046	0.519794
binom	1	0.4	0.2	0.15627	0.52573
binom	1	0.5	0.2	0.14847	0.531678
binom	1	0.6	0.2	0.13757	0.539032
binom	1	0.7	0.2	0.13156	0.544475
binom	1	0.8	0.2	0.11926	0.551657
binom	1	0.9	0.2	0.11013	0.557858
