binom	1	0	0.2	0.16885	0.500043
binom	1	0.01	0.2	0.16981	0.500534
binom	1	0.02	0.2	0.16985	0.500117
binom	1	0.03	0.2	0.17067	0.501486
binom	1	0.05	0.2	0.16837	0.502299
binom	1	0.07	0.2	0.17025	0.502413
binom	1	0.08	0.2	0.1695	0.503716
binom	1	0.1	0.2	0.1691	0.505261
binom	1	0.2	0.2	0.16729	0.509227
binom	1	0.3	0.2	0.15911	0.514109
binom	1	0.4	0.2	0.15471	0.518254
binom	1	0.5	0.2	0.14855	0.522626
binom	1	0.6	0.2	0.13804	0.526255
binom	1	0.7	0.2	0.13217	0.531649
binom	1	0.8	0.2	0.11832	0.53503
binom	1	0.9	0.2	0.11089	0.539505
