binom	1	0	0.2	0.18642	0.499642
binom	1	0.01	0.2	0.18297	0.500752
binom	1	0.02	0.2	0.18589	0.50148
binom	1	0.03	0.2	0.18659	0.502623
binom	1	0.05	0.2	0.18499	0.505387
binom	1	0.07	0.2	0.18605	0.507072
binom	1	0.08	0.2	0.18521	0.507989
binom	1	0.1	0.2	0.18589	0.510224
binom	1	0.2	0.2	0.18232	0.520459
binom	1	0.3	0.2	0.17581	0.530702
binom	1	0.4	0.2	0.17214	0.541114
binom	1	0.5	0.2	0.16304	0.55126
binom	1	0.6	0.2	0.15057	0.562024
binom	1	0.7	0.2	0.14295	0.572883
binom	1	0.8	0.2	0.13259	0.584715
binom	1	0.9	0.2	0.12188	0.596089
