binom	1	0	0.2	0.18172	0.500168
binom	1	0.01	0.2	0.18117	0.502044
binom	1	0.02	0.2	0.1806	0.502217
binom	1	0.03	0.2	0.18165	0.50293
binom	1	0.05	0.2	0.1826	0.505109
binom	1	0.07	0.2	0.18114	0.507637
binom	1	0.08	0.2	0.18042	0.508257
binom	1	0.1	0.2	0.18028	0.510133
binom	1	0.2	0.2	0.17648	0.520994
binom	1	0.3	0.2	0.17191	0.531277
binom	1	0.4	0.2	0.16413	0.542411
binom	1	0.5	0.2	0.15861	0.553256
binom	1	0.6	0.2	0.15003	0.565232
binom	1	0.7	0.2	0.14279	0.575739
binom	1	0.8	0.2	0.13117	0.588065
binom	1	0.9	0.2	0.12092	0.600681
