binom	1	0	0.2	0.18652	0.500428
binom	1	0.01	0.2	0.18426	0.501279
binom	1	0.02	0.2	0.1846	0.501981
binom	1	0.03	0.2	0.18548	0.502897
binom	1	0.05	0.2	0.18292	0.505188
binom	1	0.07	0.2	0.18631	0.507407
binom	1	0.08	0.2	0.18383	0.508444
binom	1	0.1	0.2	0.18348	0.510929
binom	1	0.2	0.2	0.18086	0.521322
binom	1	0.3	0.2	0.17803	0.531818
binom	1	0.4	0.2	0.17006	0.542015
binom	1	0.5	0.2	0.16093	0.553523
binom	1	0.6	0.2	0.15265	0.564383
binom	1	0.7	0.2	0.14148	0.576313
binom	1	0.8	0.2	0.13133	0.588369
binom	1	0.9	0.2	0.12383	0.60063
