binom	1	0	0.2	0.17368	0.499568
binom	1	0.01	0.2	0.17672	0.50043
binom	1	0.02	0.2	0.1744	0.501703
binom	1	0.03	0.2	0.17705	0.502321
binom	1	0.05	0.2	0.17283	0.504085
binom	1	0.07	0.2	0.17417	0.505059
binom	1	0.08	0.2	0.17681	0.50545
binom	1	0.1	0.2	0.1744	0.507791
binom	1	0.2	0.2	0.1693	0.514721
binom	1	0.3	0.2	0.1659	0.522195
binom	1	0.4	0.2	0.15844	0.529629
binom	1	0.5	0.2	0.15208	0.536868
binom	1	0.6	0.2	0.14397	0.544741
binom	1	0.7	0.2	0.13211	0.553081
binom	1	0.8	0.2	0.12327	0.560328
binom	1	0.9	0.2	0.11587	0.569716
