binom	1	0	0.2	0.17135	0.499467
binom	1	0.01	0.2	0.17214	0.500641
binom	1	0.02	0.2	0.16859	0.501142
binom	1	0.03	0.2	0.17051	0.501439
binom	1	0.05	0.2	0.16952	0.501888
binom	1	0.07	0.2	0.1733	0.503722
binom	1	0.08	0.2	0.17145	0.504607
binom	1	0.1	0.2	0.16875	0.505484
binom	1	0.2	0.2	0.16504	0.510771
binom	1	0.3	0.2	0.16397	0.516409
binom	1	0.4	0.2	0.15618	0.522374
binom	1	0.5	0.2	0.15007	0.52813
binom	1	0.6	0.2	0.14149	0.533711
binom	1	0.7	0.2	0.12982	0.539264
binom	1	0.8	0.2	0.12273	0.545555
binom	1	0.9	0.2	0.11276	0.551134
