binom	1	0	0.2	0.17454	0.499325
binom	1	0.01	0.2	0.17223	0.500632
binom	1	0.02	0.2	0.17025	0.500751
binom	1	0.03	0.2	0.1722	0.501325
binom	1	0.05	0.2	0.17243	0.503126
binom	1	0.07	0.2	0.17246	0.503681
binom	1	0.08	0.2	0.1729	0.504991
binom	1	0.1	0.2	0.17017	0.505913
binom	1	0.2	0.2	0.17027	0.511429
binom	1	0.3	0.2	0.16414	0.517257
binom	1	0.4	0.2	0.16046	0.523242
binom	1	0.5	0.2	0.15002	0.52841
binom	1	0.6	0.2	0.14134	0.535722
binom	1	0.7	0.2	0.13323	0.541094
binom	1	0.8	0.2	0.12442	0.547926
binom	1	0.9	0.2	0.11266	0.554396
