binom	1	0	0.2	0.17481	0.499578
binom	1	0.01	0.2	0.17394	0.499999
binom	1	0.02	0.2	0.17384	0.501195
binom	1	0.03	0.2	0.17473	0.501369
binom	1	0.05	0.2	0.17465	0.50325
binom	1	0.07	0.2	0.17326	0.503293
binom	1	0.08	0.2	0.17296	0.504156
binom	1	0.1	0.2	0.17514	0.505707
binom	1	0.2	0.2	0.17044	0.51046
binom	1	0.3	0.2	0.16346	0.517447
binom	1	0.4	0.2	0.15929	0.521932
binom	1	0.5	0.2	0.15077	0.528643
binom	1	0.6	0.2	0.14439	0.533259
binom	1	0.7	0.2	0.13407	0.539896
binom	1	0.8	0.2	0.12587	0.54539
binom	1	0.9	0.2	0.11498	0.551659
