binom	1	0	0.2	0.16849	0.499888
binom	1	0.01	0.2	0.16951	0.500251
binom	1	0.02	0.2	0.16855	0.500212
binom	1	0.03	0.2	0.16751	0.500812
binom	1	0.05	0.2	0.16857	0.501011
binom	1	0.07	0.2	0.16794	0.501654
binom	1	0.08	0.2	0.16764	0.501084
binom	1	0.1	0.2	0.16839	0.502679
binom	1	0.2	0.2	0.16429	0.503812
binom	1	0.3	0.2	0.15941	0.506745
binom	1	0.4	0.2	0.15394	0.509102
binom	1	0.5	0.2	0.14717	0.511192
binom	1	0.6	0.2	0.13724	0.513514
binom	1	0.7	0.2	0.12835	0.515436
binom	1	0.8	0.2	0.11843	0.516575
binom	1	0.9	0.2	0.10997	0.519487
