binom	1	0	0.2	0.16974	0.500233
binom	1	0.01	0.2	0.16823	0.501326
binom	1	0.02	0.2	0.17142	0.503399
binom	1	0.03	0.2	0.17176	0.504849
binom	1	0.05	0.2	0.16947	0.507402
binom	1	0.07	0.2	0.17129	0.509612
binom	1	0.08	0.2	0.17093	0.512364
binom	1	0.1	0.2	0.16866	0.51446
binom	1	0.2	0.2	0.16771	0.529394
binom	1	0.3	0.2	0.16179	0.544837
binom	1	0.4	0.2	0.15675	0.560173
binom	1	0.5	0.2	0.14592	0.575624
binom	1	0.6	0.2	0.13728	0.591051
binom	1	0.7	0.2	0.13072	0.606983
binom	1	0.8	0.2	0.1218	0.623407
binom	1	0.9	0.2	0.11009	0.639511
