binom	1	0	0.2	0.16516	0.499835
binom	1	0.01	0.2	0.16175	0.501831
binom	1	0.02	0.2	0.16371	0.505151
binom	1	0.03	0.2	0.16288	0.507917
binom	1	0.05	0.2	0.16406	0.51376
binom	1	0.07	0.2	0.16259	0.51875
binom	1	0.08	0.2	0.16357	0.521432
binom	1	0.1	0.2	0.16201	0.526405
binom	1	0.2	0.2	0.15849	0.554974
binom	1	0.3	0.2	0.15532	0.58219
binom	1	0.4	0.2	0.14812	0.610759
binom	1	0.5	0.2	0.13909	0.641361
binom	1	0.6	0.2	0.13255	0.672824
binom	1	0.7	0.2	0.1216	0.705341
binom	1	0.8	0.2	0.11183	0.73997
binom	1	0.9	0.2	0.10318	0.775496
