binom	1	0	0.2	0.16826	0.500554
binom	1	0.01	0.2	0.16774	0.501761
binom	1	0.02	0.2	0.16917	0.5049
binom	1	0.03	0.2	0.16966	0.506616
binom	1	0.05	0.2	0.17037	0.511197
binom	1	0.07	0.2	0.17098	0.515286
binom	1	0.08	0.2	0.16988	0.51757
binom	1	0.1	0.2	0.16796	0.522408
binom	1	0.2	0.2	0.1657	0.544561
binom	1	0.3	0.2	0.16241	0.568353
binom	1	0.4	0.2	0.15332	0.591955
binom	1	0.5	0.2	0.14609	0.616805
binom	1	0.6	0.2	0.13473	0.642147
binom	1	0.7	0.2	0.12477	0.670035
binom	1	0.8	0.2	0.11523	0.698564
binom	1	0.9	0.2	0.10383	0.727469
