binom	1	0	0.2	0.17147	0.499912
binom	1	0.01	0.2	0.17508	0.501719
binom	1	0.02	0.2	0.1744	0.503308
binom	1	0.03	0.2	0.17217	0.505342
binom	1	0.05	0.2	0.1726	0.50802
binom	1	0.07	0.2	0.17272	0.511515
binom	1	0.08	0.2	0.17173	0.513441
binom	1	0.1	0.2	0.17183	0.516696
binom	1	0.2	0.2	0.16652	0.532119
binom	1	0.3	0.2	0.16409	0.550459
binom	1	0.4	0.2	0.15805	0.567582
binom	1	0.5	0.2	0.15044	0.584623
binom	1	0.6	0.2	0.14131	0.603757
binom	1	0.7	0.2	0.13141	0.623668
binom	1	0.8	0.2	0.1215	0.644963
binom	1	0.9	0.2	0.1102	0.667094
