binom	1	0	0.2	0.17453	0.500211
binom	1	0.01	0.2	0.17225	0.501554
binom	1	0.02	0.2	0.17394	0.502965
binom	1	0.03	0.2	0.17323	0.504931
binom	1	0.05	0.2	0.17155	0.508406
binom	1	0.07	0.2	0.17423	0.511014
binom	1	0.08	0.2	0.17259	0.512405
binom	1	0.1	0.2	0.1719	0.515415
binom	1	0.2	0.2	0.16869	0.531668
binom	1	0.3	0.2	0.16441	0.547486
binom	1	0.4	0.2	0.15972	0.564803
binom	1	0.5	0.2	0.14984	0.581212
binom	1	0.6	0.2	0.14204	0.600251
binom	1	0.7	0.2	0.13337	0.619038
binom	1	0.8	0.2	0.12192	0.639391
binom	1	0.9	0.2	0.10901	0.65923
