binom	1	0	0.2	0.21059	0.499834
binom	1	0.01	0.2	0.21113	0.501533
binom	1	0.02	0.2	0.2122	0.503229
binom	1	0.03	0.2	0.21054	0.505304
binom	1	0.05	0.2	0.21264	0.507695
binom	1	0.07	0.2	0.21278	0.511421
binom	1	0.08	0.2	0.21195	0.513727
binom	1	0.1	0.2	0.20924	0.516046
binom	1	0.2	0.2	0.20592	0.532602
binom	1	0.3	0.2	0.20163	0.54918
binom	1	0.4	0.2	0.19495	0.565468
binom	1	0.5	0.2	0.18355	0.58291
binom	1	0.6	0.2	0.17614	0.599761
binom	1	0.7	0.2	0.16517	0.618267
binom	1	0.8	0.2	0.152	0.637609
binom	1	0.9	0.2	0.14163	0.656278
