binom	1	0	0.2	0.16556	0.500148
binom	1	0.01	0.2	0.16495	0.500327
binom	1	0.02	0.2	0.16513	0.500985
binom	1	0.03	0.2	0.16681	0.501372
binom	1	0.05	0.2	0.1662	0.502018
binom	1	0.07	0.2	0.16558	0.504692
binom	1	0.08	0.2	0.16483	0.504112
binom	1	0.1	0.2	0.16465	0.50494
binom	1	0.2	0.2	0.16289	0.510958
binom	1	0.3	0.2	0.15809	0.515022
binom	1	0.4	0.2	0.1521	0.519942
binom	1	0.5	0.2	0.14301	0.525235
binom	1	0.6	0.2	0.13621	0.530195
binom	1	0.7	0.2	0.12781	0.535095
binom	1	0.8	0.2	0.11934	0.539983
binom	1	0.9	0.2	0.10765	0.545099
