binom	1	0	0.2	0.16455	0.500338
binom	1	0.01	0.2	0.16542	0.500334
binom	1	0.02	0.2	0.16429	0.500346
binom	1	0.03	0.2	0.16426	0.501192
binom	1	0.05	0.2	0.16414	0.501187
binom	1	0.07	0.2	0.16398	0.502389
binom	1	0.08	0.2	0.16402	0.502361
binom	1	0.1	0.2	0.16333	0.503134
binom	1	0.2	0.2	0.15976	0.506195
binom	1	0.3	0.2	0.15631	0.508754
binom	1	0.4	0.2	0.15135	0.511971
binom	1	0.5	0.2	0.14374	0.514333
binom	1	0.6	0.2	0.13596	0.517863
binom	1	0.7	0.2	0.12743	0.520961
binom	1	0.8	0.2	0.11779	0.524266
binom	1	0.9	0.2	0.10804	0.525409
