binom	1	0	0	0.01
binom	1	0.1	0	0.0106
binom	1	0.2	0	0.0116
binom	1	0.3	0	0.0104
binom	1	0.4	0	0.0064
binom	1	0.5	0	0.01
binom	1	0.6	0	0.0086
binom	1	0.7	0	0.0096
binom	1	0.8	0	0.01
binom	1	0.9	0	0.009
binom	1	1	0	0.0128
binom	1	0	0.05	0.0922
binom	1	0.1	0.05	0.09
binom	1	0.2	0.05	0.0862
binom	1	0.3	0.05	0.0868
binom	1	0.4	0.05	0.0752
binom	1	0.5	0.05	0.0816
binom	1	0.6	0.05	0.0692
binom	1	0.7	0.05	0.063
binom	1	0.8	0.05	0.0546
binom	1	0.9	0.05	0.0502
binom	1	1	0.05	0.0476
binom	1	0	0.1	0.173
binom	1	0.1	0.1	0.1718
binom	1	0.2	0.1	0.158
binom	1	0.3	0.1	0.1646
binom	1	0.4	0.1	0.1596
binom	1	0.5	0.1	0.1412
binom	1	0.6	0.1	0.1284
binom	1	0.7	0.1	0.1238
binom	1	0.8	0.1	0.1172
binom	1	0.9	0.1	0.0986
binom	1	1	0.1	0.0936
binom	1	0	0.2	0.2996
binom	1	0.1	0.2	0.298
binom	1	0.2	0.2	0.2854
binom	1	0.3	0.2	0.2834
binom	1	0.4	0.2	0.2712
binom	1	0.5	0.2	0.2744
binom	1	0.6	0.2	0.2474
binom	1	0.7	0.2	0.23
binom	1	0.8	0.2	0.2144
binom	1	0.9	0.2	0.2078
binom	1	1	0.2	0.1794
