binom	1	0	0.2	0.16963	0.499758
binom	1	0.01	0.2	0.16997	0.501487
binom	1	0.02	0.2	0.16594	0.501755
binom	1	0.03	0.2	0.16909	0.502955
binom	1	0.05	0.2	0.16885	0.504675
binom	1	0.07	0.2	0.16929	0.506683
binom	1	0.08	0.2	0.17038	0.506719
binom	1	0.1	0.2	0.16706	0.509509
binom	1	0.2	0.2	0.16438	0.518271
binom	1	0.3	0.2	0.15937	0.526433
binom	1	0.4	0.2	0.15512	0.535976
binom	1	0.5	0.2	0.14567	0.544144
binom	1	0.6	0.2	0.14146	0.552753
binom	1	0.7	0.2	0.13122	0.563662
binom	1	0.8	0.2	0.12035	0.572705
binom	1	0.9	0.2	0.11086	0.581022
