binom	1	0	0.2	0.16912	0.499593
binom	1	0.01	0.2	0.16849	0.501561
binom	1	0.02	0.2	0.16862	0.501561
binom	1	0.03	0.2	0.17054	0.502017
binom	1	0.05	0.2	0.16786	0.50344
binom	1	0.07	0.2	0.16994	0.505364
binom	1	0.08	0.2	0.16758	0.505492
binom	1	0.1	0.2	0.16542	0.507938
binom	1	0.2	0.2	0.16265	0.515027
binom	1	0.3	0.2	0.1607	0.522472
binom	1	0.4	0.2	0.154	0.530262
binom	1	0.5	0.2	0.14661	0.53768
binom	1	0.6	0.2	0.13657	0.545671
binom	1	0.7	0.2	0.1285	0.552624
binom	1	0.8	0.2	0.11973	0.561223
binom	1	0.9	0.2	0.11048	0.569263
