binom	1	0	0.2	0.16923	0.50032
binom	1	0.01	0.2	0.16918	0.500421
binom	1	0.02	0.2	0.16821	0.500786
binom	1	0.03	0.2	0.1714	0.501546
binom	1	0.05	0.2	0.16827	0.503127
binom	1	0.07	0.2	0.16927	0.503832
binom	1	0.08	0.2	0.16784	0.504262
binom	1	0.1	0.2	0.16788	0.505594
binom	1	0.2	0.2	0.1655	0.511397
binom	1	0.3	0.2	0.16121	0.516987
binom	1	0.4	0.2	0.15618	0.522997
binom	1	0.5	0.2	0.14776	0.528669
binom	1	0.6	0.2	0.13954	0.534455
binom	1	0.7	0.2	0.13095	0.541103
binom	1	0.8	0.2	0.11854	0.546491
binom	1	0.9	0.2	0.10997	0.552444
