binom	1	0	0.2	0.191	0.499946
binom	1	0.01	0.2	0.19014	0.50167
binom	1	0.02	0.2	0.19112	0.50326
binom	1	0.03	0.2	0.19226	0.504598
binom	1	0.05	0.2	0.18997	0.508145
binom	1	0.07	0.2	0.18913	0.511174
binom	1	0.08	0.2	0.19043	0.512804
binom	1	0.1	0.2	0.19224	0.515751
binom	1	0.2	0.2	0.18664	0.531256
binom	1	0.3	0.2	0.18181	0.547032
binom	1	0.4	0.2	0.17619	0.563047
binom	1	0.5	0.2	0.16802	0.578864
binom	1	0.6	0.2	0.15861	0.595967
binom	1	0.7	0.2	0.14829	0.613017
binom	1	0.8	0.2	0.13685	0.630081
binom	1	0.9	0.2	0.12749	0.64843
