binom	1	0	0.2	0.1822	0.499932
binom	1	0.01	0.2	0.18167	0.501668
binom	1	0.02	0.2	0.17997	0.502003
binom	1	0.03	0.2	0.17984	0.5031
binom	1	0.05	0.2	0.18069	0.505753
binom	1	0.07	0.2	0.17955	0.508114
binom	1	0.08	0.2	0.18006	0.508455
binom	1	0.1	0.2	0.17957	0.510615
binom	1	0.2	0.2	0.17632	0.522058
binom	1	0.3	0.2	0.17382	0.53354
binom	1	0.4	0.2	0.16933	0.544683
binom	1	0.5	0.2	0.15801	0.555821
binom	1	0.6	0.2	0.14982	0.567934
binom	1	0.7	0.2	0.13988	0.580057
binom	1	0.8	0.2	0.12953	0.592019
binom	1	0.9	0.2	0.1201	0.605129
