binom	1	0	0.2	0.19781	0.499562
binom	1	0.01	0.2	0.19427	0.501625
binom	1	0.02	0.2	0.19633	0.503431
binom	1	0.03	0.2	0.19456	0.504192
binom	1	0.05	0.2	0.1984	0.5081
binom	1	0.07	0.2	0.1974	0.511623
binom	1	0.08	0.2	0.19784	0.512613
binom	1	0.1	0.2	0.1924	0.516075
binom	1	0.2	0.2	0.19442	0.532896
binom	1	0.3	0.2	0.18459	0.548212
binom	1	0.4	0.2	0.18098	0.564449
binom	1	0.5	0.2	0.17081	0.581622
binom	1	0.6	0.2	0.16398	0.598588
binom	1	0.7	0.2	0.15282	0.615935
binom	1	0.8	0.2	0.14232	0.634188
binom	1	0.9	0.2	0.13244	0.652506
