binom	1	0	0.2	0.1783	0.499228
binom	1	0.01	0.2	0.17835	0.500178
binom	1	0.02	0.2	0.17694	0.501341
binom	1	0.03	0.2	0.17646	0.502985
binom	1	0.05	0.2	0.17822	0.504202
binom	1	0.07	0.2	0.17822	0.504854
binom	1	0.08	0.2	0.17813	0.505585
binom	1	0.1	0.2	0.17637	0.507407
binom	1	0.2	0.2	0.17683	0.514941
binom	1	0.3	0.2	0.16934	0.522079
binom	1	0.4	0.2	0.16298	0.528898
binom	1	0.5	0.2	0.15557	0.538389
binom	1	0.6	0.2	0.14608	0.54642
binom	1	0.7	0.2	0.13584	0.553071
binom	1	0.8	0.2	0.12607	0.561541
binom	1	0.9	0.2	0.11799	0.570018
