binom	1	0	0.2	0.17526	0.500227
binom	1	0.01	0.2	0.17582	0.500645
binom	1	0.02	0.2	0.17716	0.500983
binom	1	0.03	0.2	0.1765	0.502073
binom	1	0.05	0.2	0.17518	0.503186
binom	1	0.07	0.2	0.17475	0.504127
binom	1	0.08	0.2	0.17591	0.505585
binom	1	0.1	0.2	0.17476	0.506603
binom	1	0.2	0.2	0.17287	0.514127
binom	1	0.3	0.2	0.16722	0.522025
binom	1	0.4	0.2	0.16286	0.527903
binom	1	0.5	0.2	0.15624	0.535961
binom	1	0.6	0.2	0.14371	0.543559
binom	1	0.7	0.2	0.13446	0.551139
binom	1	0.8	0.2	0.12459	0.558213
binom	1	0.9	0.2	0.11614	0.566681
