binom	1	0	0.2	0.17465	0.499329
binom	1	0.01	0.2	0.17499	0.500533
binom	1	0.02	0.2	0.1744	0.50184
binom	1	0.03	0.2	0.17321	0.50204
binom	1	0.05	0.2	0.17144	0.503178
binom	1	0.07	0.2	0.17308	0.504679
binom	1	0.08	0.2	0.17126	0.505898
binom	1	0.1	0.2	0.17347	0.507241
binom	1	0.2	0.2	0.17012	0.513972
binom	1	0.3	0.2	0.16759	0.521047
binom	1	0.4	0.2	0.16051	0.528134
binom	1	0.5	0.2	0.15388	0.535309
binom	1	0.6	0.2	0.14349	0.54327
binom	1	0.7	0.2	0.13284	0.55039
binom	1	0.8	0.2	0.12501	0.558133
binom	1	0.9	0.2	0.11701	0.566558
