binom	1	0	0.2	0.17654	0.500313
binom	1	0.01	0.2	0.17594	0.500713
binom	1	0.02	0.2	0.17498	0.50098
binom	1	0.03	0.2	0.17414	0.502584
binom	1	0.05	0.2	0.17611	0.504341
binom	1	0.07	0.2	0.17474	0.505667
binom	1	0.08	0.2	0.17494	0.50522
binom	1	0.1	0.2	0.17474	0.506776
binom	1	0.2	0.2	0.17198	0.514645
binom	1	0.3	0.2	0.16806	0.522024
binom	1	0.4	0.2	0.1619	0.52917
binom	1	0.5	0.2	0.15311	0.536497
binom	1	0.6	0.2	0.14292	0.543999
binom	1	0.7	0.2	0.13434	0.551291
binom	1	0.8	0.2	0.12558	0.560378
binom	1	0.9	0.2	0.11633	0.56837
