binom	1	0	0.2	0.17686	0.500184
binom	1	0.01	0.2	0.17804	0.50071
binom	1	0.02	0.2	0.17742	0.501571
binom	1	0.03	0.2	0.17602	0.502414
binom	1	0.05	0.2	0.17823	0.503411
binom	1	0.07	0.2	0.17676	0.504534
binom	1	0.08	0.2	0.17715	0.505087
binom	1	0.1	0.2	0.1751	0.507333
binom	1	0.2	0.2	0.17178	0.513766
binom	1	0.3	0.2	0.1679	0.521278
binom	1	0.4	0.2	0.16191	0.529058
binom	1	0.5	0.2	0.15439	0.535138
binom	1	0.6	0.2	0.1459	0.542594
binom	1	0.7	0.2	0.13855	0.550683
binom	1	0.8	0.2	0.12699	0.558809
binom	1	0.9	0.2	0.11715	0.56675
