binom	1	0	0.2	0.17212	0.49998
binom	1	0.01	0.2	0.1705	0.500675
binom	1	0.02	0.2	0.17037	0.50114
binom	1	0.03	0.2	0.17138	0.502191
binom	1	0.05	0.2	0.1737	0.50236
binom	1	0.07	0.2	0.17181	0.504386
binom	1	0.08	0.2	0.16985	0.504349
binom	1	0.1	0.2	0.17078	0.504848
binom	1	0.2	0.2	0.16841	0.509816
binom	1	0.3	0.2	0.16173	0.515753
binom	1	0.4	0.2	0.15647	0.522
binom	1	0.5	0.2	0.15002	0.527539
binom	1	0.6	0.2	0.14148	0.533035
binom	1	0.7	0.2	0.13183	0.538387
binom	1	0.8	0.2	0.1219	0.54526
binom	1	0.9	0.2	0.11271	0.550806
