binom	1	0	0.2	0.17041	0.499862
binom	1	0.01	0.2	0.16935	0.50048
binom	1	0.02	0.2	0.17051	0.501688
binom	1	0.03	0.2	0.16917	0.501965
binom	1	0.05	0.2	0.17129	0.502482
binom	1	0.07	0.2	0.17101	0.5042
binom	1	0.08	0.2	0.17268	0.504033
binom	1	0.1	0.2	0.16799	0.505041
binom	1	0.2	0.2	0.1667	0.510849
binom	1	0.3	0.2	0.16152	0.516601
binom	1	0.4	0.2	0.15649	0.522429
binom	1	0.5	0.2	0.14968	0.527004
binom	1	0.6	0.2	0.14122	0.533559
binom	1	0.7	0.2	0.13124	0.540112
binom	1	0.8	0.2	0.12229	0.546063
binom	1	0.9	0.2	0.11138	0.551404
