binom	1	0	0.2	0.17428	0.500042
binom	1	0.01	0.2	0.17341	0.500827
binom	1	0.02	0.2	0.17245	0.500938
binom	1	0.03	0.2	0.17345	0.501707
binom	1	0.05	0.2	0.17221	0.503146
binom	1	0.07	0.2	0.17313	0.504013
binom	1	0.08	0.2	0.17419	0.504653
binom	1	0.1	0.2	0.17375	0.505109
binom	1	0.2	0.2	0.16784	0.511566
binom	1	0.3	0.2	0.16223	0.517178
binom	1	0.4	0.2	0.15888	0.522296
binom	1	0.5	0.2	0.15098	0.528962
binom	1	0.6	0.2	0.14004	0.533843
binom	1	0.7	0.2	0.1331	0.539639
binom	1	0.8	0.2	0.12294	0.544818
binom	1	0.9	0.2	0.11374	0.551682
