binom	1	0	0.2	0.18718	0.499517
binom	1	0.01	0.2	0.19069	0.501084
binom	1	0.02	0.2	0.18811	0.502828
binom	1	0.03	0.2	0.18875	0.504957
binom	1	0.05	0.2	0.19064	0.507597
binom	1	0.07	0.2	0.18771	0.510605
binom	1	0.08	0.2	0.18867	0.512324
binom	1	0.1	0.2	0.18775	0.515049
binom	1	0.2	0.2	0.18458	0.531444
binom	1	0.3	0.2	0.18174	0.54718
binom	1	0.4	0.2	0.17213	0.563679
binom	1	0.5	0.2	0.1652	0.579703
binom	1	0.6	0.2	0.15677	0.59649
binom	1	0.7	0.2	0.14674	0.613551
binom	1	0.8	0.2	0.13667	0.631502
binom	1	0.9	0.2	0.12527	0.649432
