binom	1	0	0.2	0.17212	0.499984
binom	1	0.01	0.2	0.17236	0.500314
binom	1	0.02	0.2	0.17407	0.501215
binom	1	0.03	0.2	0.17146	0.501504
binom	1	0.05	0.2	0.17155	0.502515
binom	1	0.07	0.2	0.17285	0.503998
binom	1	0.08	0.2	0.17044	0.5048
binom	1	0.1	0.2	0.16962	0.505028
binom	1	0.2	0.2	0.17008	0.511234
binom	1	0.3	0.2	0.16438	0.516795
binom	1	0.4	0.2	0.15797	0.522277
binom	1	0.5	0.2	0.14758	0.528501
binom	1	0.6	0.2	0.14074	0.533695
binom	1	0.7	0.2	0.13149	0.539649
binom	1	0.8	0.2	0.12181	0.545975
binom	1	0.9	0.2	0.11257	0.551538
