binom	1	0	0.2	0.17102	0.500513
binom	1	0.01	0.2	0.17088	0.500455
binom	1	0.02	0.2	0.16923	0.501707
binom	1	0.03	0.2	0.17223	0.501675
binom	1	0.05	0.2	0.16932	0.503227
binom	1	0.07	0.2	0.17048	0.503843
binom	1	0.08	0.2	0.17169	0.504869
binom	1	0.1	0.2	0.16836	0.50605
binom	1	0.2	0.2	0.1687	0.510977
binom	1	0.3	0.2	0.16323	0.516613
binom	1	0.4	0.2	0.1565	0.52299
binom	1	0.5	0.2	0.1477	0.52753
binom	1	0.6	0.2	0.13986	0.533927
binom	1	0.7	0.2	0.13086	0.539817
binom	1	0.8	0.2	0.12166	0.54562
binom	1	0.9	0.2	0.11315	0.551981
