binom	1	0	0.2	0.19229	0.500144
binom	1	0.01	0.2	0.19036	0.501303
binom	1	0.02	0.2	0.18996	0.503018
binom	1	0.03	0.2	0.19145	0.504038
binom	1	0.05	0.2	0.18994	0.506842
binom	1	0.07	0.2	0.19018	0.510451
binom	1	0.08	0.2	0.18848	0.511501
binom	1	0.1	0.2	0.19055	0.514807
binom	1	0.2	0.2	0.18614	0.528994
binom	1	0.3	0.2	0.18208	0.543299
binom	1	0.4	0.2	0.17577	0.558957
binom	1	0.5	0.2	0.16577	0.572429
binom	1	0.6	0.2	0.15859	0.588336
binom	1	0.7	0.2	0.14761	0.603663
binom	1	0.8	0.2	0.13572	0.619715
binom	1	0.9	0.2	0.12599	0.63652
