binom	1	0	0.2	0.22643	0.500119
binom	1	0.01	0.2	0.22885	0.500509
binom	1	0.02	0.2	0.22728	0.500219
binom	1	0.03	0.2	0.22784	0.501129
binom	1	0.05	0.2	0.226	0.500604
binom	1	0.07	0.2	0.22514	0.501706
binom	1	0.08	0.2	0.22611	0.501831
binom	1	0.1	0.2	0.22379	0.502117
binom	1	0.2	0.2	0.22548	0.504492
binom	1	0.3	0.2	0.21678	0.506216
binom	1	0.4	0.2	0.20584	0.508048
binom	1	0.5	0.2	0.1974	0.509795
binom	1	0.6	0.2	0.18635	0.511512
binom	1	0.7	0.2	0.17752	0.513841
binom	1	0.8	0.2	0.16323	0.515588
binom	1	0.9	0.2	0.14973	0.518057
