binom	1	0	0.2	0.17098	0.499808
binom	1	0.01	0.2	0.17258	0.501089
binom	1	0.02	0.2	0.17061	0.502587
binom	1	0.03	0.2	0.17048	0.504305
binom	1	0.05	0.2	0.17006	0.507493
binom	1	0.07	0.2	0.16787	0.510845
binom	1	0.08	0.2	0.16597	0.511865
binom	1	0.1	0.2	0.16934	0.514551
binom	1	0.2	0.2	0.16265	0.529073
binom	1	0.3	0.2	0.16026	0.544838
binom	1	0.4	0.2	0.15417	0.559167
binom	1	0.5	0.2	0.14717	0.574357
binom	1	0.6	0.2	0.13933	0.590919
binom	1	0.7	0.2	0.13074	0.606521
binom	1	0.8	0.2	0.11981	0.623377
binom	1	0.9	0.2	0.11097	0.63984
