binom	1	0	0.2	0.26634	0.499119
binom	1	0.01	0.2	0.26517	0.50108
binom	1	0.02	0.2	0.26373	0.501674
binom	1	0.03	0.2	0.27003	0.502335
binom	1	0.05	0.2	0.26443	0.504316
binom	1	0.07	0.2	0.26631	0.506459
binom	1	0.08	0.2	0.26313	0.507347
binom	1	0.1	0.2	0.26511	0.508715
binom	1	0.2	0.2	0.26004	0.516532
binom	1	0.3	0.2	0.25505	0.525309
binom	1	0.4	0.2	0.24101	0.534566
binom	1	0.5	0.2	0.23529	0.543791
binom	1	0.6	0.2	0.22163	0.5534
binom	1	0.7	0.2	0.20662	0.563594
binom	1	0.8	0.2	0.19351	0.574238
binom	1	0.9	0.2	0.1762	0.585704
