binom	1	0	0.2	0.25328	0.500714
binom	1	0.01	0.2	0.25429	0.501157
binom	1	0.02	0.2	0.2515	0.501599
binom	1	0.03	0.2	0.25147	0.50396
binom	1	0.05	0.2	0.2526	0.50582
binom	1	0.07	0.2	0.25124	0.50702
binom	1	0.08	0.2	0.24898	0.508788
binom	1	0.1	0.2	0.25074	0.511497
binom	1	0.2	0.2	0.24784	0.522605
binom	1	0.3	0.2	0.24156	0.534649
binom	1	0.4	0.2	0.23106	0.546171
binom	1	0.5	0.2	0.22107	0.558431
binom	1	0.6	0.2	0.20906	0.571149
binom	1	0.7	0.2	0.19757	0.584573
binom	1	0.8	0.2	0.18362	0.598514
binom	1	0.9	0.2	0.16973	0.612801
