binom	1	0	0.2	0.16398	0.500514
binom	1	0.01	0.2	0.166	0.500779
binom	1	0.02	0.2	0.16517	0.500726
binom	1	0.03	0.2	0.16337	0.501538
binom	1	0.05	0.2	0.16585	0.502898
binom	1	0.07	0.2	0.16373	0.503841
binom	1	0.08	0.2	0.16215	0.504768
binom	1	0.1	0.2	0.16243	0.505391
binom	1	0.2	0.2	0.16142	0.51074
binom	1	0.3	0.2	0.15602	0.516805
binom	1	0.4	0.2	0.14941	0.521814
binom	1	0.5	0.2	0.14398	0.527476
binom	1	0.6	0.2	0.1343	0.532694
binom	1	0.7	0.2	0.12558	0.537833
binom	1	0.8	0.2	0.1182	0.543409
binom	1	0.9	0.2	0.10684	0.548775
