binom	1	0	0.2	0.16573	0.500294
binom	1	0.01	0.2	0.16636	0.500411
binom	1	0.02	0.2	0.1629	0.500577
binom	1	0.03	0.2	0.16475	0.500769
binom	1	0.05	0.2	0.1642	0.501597
binom	1	0.07	0.2	0.16864	0.501668
binom	1	0.08	0.2	0.16715	0.501701
binom	1	0.1	0.2	0.165	0.503695
binom	1	0.2	0.2	0.1637	0.506033
binom	1	0.3	0.2	0.15724	0.508615
binom	1	0.4	0.2	0.1534	0.511762
binom	1	0.5	0.2	0.14467	0.514753
binom	1	0.6	0.2	0.13618	0.517383
binom	1	0.7	0.2	0.12526	0.520562
binom	1	0.8	0.2	0.11711	0.522924
binom	1	0.9	0.2	0.10921	0.526467
