binom	1	0	0.2	0.16695	0.500178
binom	1	0.01	0.2	0.16511	0.499741
binom	1	0.02	0.2	0.16297	0.500639
binom	1	0.03	0.2	0.16575	0.5013
binom	1	0.05	0.2	0.16478	0.501305
binom	1	0.07	0.2	0.16542	0.50171
binom	1	0.08	0.2	0.16482	0.502461
binom	1	0.1	0.2	0.16297	0.502915
binom	1	0.2	0.2	0.16185	0.506148
binom	1	0.3	0.2	0.15635	0.50853
binom	1	0.4	0.2	0.15345	0.512355
binom	1	0.5	0.2	0.14499	0.514093
binom	1	0.6	0.2	0.13371	0.517555
binom	1	0.7	0.2	0.1269	0.519472
binom	1	0.8	0.2	0.11655	0.522399
binom	1	0.9	0.2	0.10925	0.525376
