binom	1	0	0.2	0.16581	0.50013
binom	1	0.01	0.2	0.1661	0.499925
binom	1	0.02	0.2	0.16691	0.500677
binom	1	0.03	0.2	0.16587	0.50045
binom	1	0.05	0.2	0.16722	0.500713
binom	1	0.07	0.2	0.16553	0.502636
binom	1	0.08	0.2	0.1659	0.5023
binom	1	0.1	0.2	0.16633	0.503458
binom	1	0.2	0.2	0.1616	0.506394
binom	1	0.3	0.2	0.16003	0.509014
binom	1	0.4	0.2	0.15021	0.511406
binom	1	0.5	0.2	0.14443	0.515261
binom	1	0.6	0.2	0.13556	0.518242
binom	1	0.7	0.2	0.12669	0.520698
binom	1	0.8	0.2	0.11747	0.523958
binom	1	0.9	0.2	0.10943	0.526439
