binom	1	0	0.2	0.16516	0.499637
binom	1	0.01	0.2	0.16253	0.501443
binom	1	0.02	0.2	0.16469	0.501074
binom	1	0.03	0.2	0.16528	0.500177
binom	1	0.05	0.2	0.16501	0.500936
binom	1	0.07	0.2	0.16567	0.502173
binom	1	0.08	0.2	0.16631	0.502598
binom	1	0.1	0.2	0.16445	0.502749
binom	1	0.2	0.2	0.16095	0.505758
binom	1	0.3	0.2	0.15569	0.508746
binom	1	0.4	0.2	0.1506	0.51074
binom	1	0.5	0.2	0.14439	0.513364
binom	1	0.6	0.2	0.13647	0.515115
binom	1	0.7	0.2	0.12678	0.518684
binom	1	0.8	0.2	0.11637	0.522459
binom	1	0.9	0.2	0.10894	0.524123
