binom	1	0	0.2	0.16745	0.499556
binom	1	0.01	0.2	0.16499	0.501495
binom	1	0.02	0.2	0.16517	0.503179
binom	1	0.03	0.2	0.16359	0.504118
binom	1	0.05	0.2	0.16489	0.50714
binom	1	0.07	0.2	0.16375	0.50956
binom	1	0.08	0.2	0.1633	0.510918
binom	1	0.1	0.2	0.16353	0.514216
binom	1	0.2	0.2	0.15927	0.527261
binom	1	0.3	0.2	0.15696	0.54083
binom	1	0.4	0.2	0.15166	0.555938
binom	1	0.5	0.2	0.14287	0.569689
binom	1	0.6	0.2	0.13413	0.584336
binom	1	0.7	0.2	0.12233	0.599633
binom	1	0.8	0.2	0.11178	0.614942
binom	1	0.9	0.2	0.10232	0.630689
