0 1
0 2
0 3
0 4
0 5
0 6
0 7
0 8
0 9
0 10
0 11
0 12
0 13
0 14
0 15
0 16
0 17
0 18
0 19
0 20
0 21
0 22
0 23
0 24
0 25
0 26
0 27
0 28
0 29
0 30
0 31
0 32
0 33
0 34
0 35
0 36
0 37
0 38
0 39
0 40
0 41
0 42
0 43
0 44
0 45
0 46
0 47
0 48
0 49
0 50
0 51
0 52
0 53
0 54
0 55
0 56
0 57
0 58
0 59
0 60
0 61
0 62
0 63
0 64
0 65
0 66
0 67
0 68
0 69
0 70
0 71
0 72
0 73
0 74
0 75
0 76
0 77
0 78
0 79
0 80
0 81
0 82
0 83
0 84
0 85
0 86
0 87
0 88
0 89
0 90
0 91
0 92
0 93
0 94
0 95
0 96
0 97
0 98
0 99
1 19
1 42
1 30
1 20
1 44
1 74
2 62
2 67
3 12
3 46
3 70
4 36
4 16
4 22
4 69
4 67
4 70
5 27
5 24
5 7
6 82
6 53
7 94
7 71
7 48
7 50
7 39
8 66
8 58
9 97
9 93
9 51
9 65
10 20
10 17
10 23
10 45
11 21
12 93
13 50
13 26
14 63
14 33
14 88
15 70
15 48
15 84
16 17
16 50
16 41
16 81
16 82
17 27
18 83
18 34
18 90
18 53
19 98
19 94
19 38
19 68
20 35
20 70
20 39
20 89
20 28
21 90
21 75
22 96
22 77
23 60
23 88
23 53
23 62
23 96
23 41
24 31
24 29
24 49
25 95
25 34
25 76
25 80
25 52
26 76
26 97
26 92
26 44
27 66
27 86
27 72
27 28
27 64
27 99
28 91
28 77
29 50
29 42
29 61
29 63
29 62
29 72
29 60
29 32
30 66
31 56
31 34
31 90
31 54
31 67
31 85
32 34
33 38
34 46
34 60
34 43
34 86
35 96
35 58
36 73
36 79
37 42
37 90
38 72
38 73
38 44
39 73
39 86
39 49
39 97
39 43
40 76
41 65
41 44
41 60
42 82
42 56
43 95
43 50
43 73
44 70
46 54
46 76
47 56
48 98
48 93
48 73
48 67
48 65
49 91
49 98
49 71
50 71
50 64
50 99
50 61
51 66
53 67
54 55
54 75
54 89
55 80
55 95
56 62
56 57
56 75
56 58
58 88
58 82
58 66
60 89
62 98
63 89
64 96
65 97
66 80
67 72
67 76
67 95
68 76
68 93
69 77
70 74
70 75
70 96
71 91
72 96
74 88
75 86
75 98
76 89
78 82
78 84
80 94
81 90
82 94
84 88
84 87
85 91
90 99
