0 28
0 40
0 68
1 22
1 32
2 11
2 13
2 23
2 85
3 45
3 46
4 22
4 35
4 38
4 47
4 66
4 94
5 31
5 92
6 9
6 20
6 49
6 50
6 63
6 73
7 36
7 50
7 72
8 46
8 67
8 86
9 66
10 13
11 20
11 73
12 66
13 20
13 51
13 79
13 83
14 17
14 95
15 28
15 55
15 88
16 33
16 60
17 73
18 20
18 54
18 56
18 62
19 62
19 72
20 46
21 46
21 61
21 64
22 37
22 66
22 93
23 74
23 78
23 79
24 51
25 63
26 27
26 91
28 59
29 30
30 51
30 79
31 82
32 41
32 48
32 90
34 41
34 42
35 80
35 82
36 50
36 80
37 65
38 39
39 43
39 73
39 82
39 89
39 92
40 76
41 67
41 71
41 74
41 85
43 62
43 71
44 60
44 68
44 69
45 79
46 86
46 96
47 55
47 61
48 89
48 90
49 60
50 63
50 84
51 72
51 97
52 68
53 85
53 91
54 66
54 82
54 93
56 57
57 73
58 65
59 75
60 65
60 71
61 77
61 83
61 86
62 64
62 67
62 70
62 73
62 97
63 74
63 82
64 85
65 66
65 88
67 92
67 99
68 83
69 88
71 96
71 98
72 79
72 96
76 88
76 91
77 99
79 80
81 91
82 87
83 89
90 98
92 96
