0 1
0 2
0 3
0 4
0 5
0 6
0 7
0 8
0 9
0 10
0 11
0 12
0 13
0 14
0 15
0 16
0 17
0 18
1 2
1 3
1 4
1 5
1 6
1 7
1 8
1 9
1 10
1 11
1 12
1 13
1 14
1 15
1 16
1 17
1 19
2 3
2 4
2 5
2 6
2 7
2 8
2 9
2 10
2 11
2 12
2 13
2 14
2 15
2 16
2 17
2 20
3 4
3 5
3 6
3 7
3 8
3 9
3 10
3 11
3 12
3 13
3 14
3 15
3 16
3 17
4 5
4 6
4 7
4 8
4 9
4 10
4 11
4 12
4 13
4 14
4 15
4 16
4 17
5 6
5 7
5 8
5 9
5 10
5 11
5 12
5 13
5 14
5 15
5 16
5 17
6 7
6 8
6 9
6 10
6 11
6 12
6 13
6 14
6 15
6 16
6 17
7 8
7 9
7 10
7 11
7 12
7 13
7 14
7 15
7 16
7 17
8 9
8 10
8 11
8 12
8 13
8 14
8 15
8 16
8 17
9 10
9 11
9 12
9 13
9 14
9 15
9 16
9 17
10 11
10 12
10 13
10 14
10 15
10 16
10 17
11 12
11 13
11 14
11 15
11 16
11 17
12 13
12 14
12 15
12 16
12 17
13 14
13 15
13 16
13 17
14 15
14 16
14 17
15 16
15 17
16 17
36 44
36 53
36 28
44 70
44 94
53 34
53 64
28 76
28 19
70 97
70 79
94 54
94 86
34 39
34 98
64 21
64 42
62 81
62 87
62 37
81 41
81 99
87 68
87 88
37 31
37 83
41 29
41 58
99 52
99 97
32 40
32 46
32 79
40 56
40 60
46 74
46 93
79 90
56 31
56 43
60 55
60 25
30 52
30 58
30 57
52 78
58 73
57 42
57 85
78 82
78 85
97 65
65 95
65 22
55 72
55 33
72 45
72 18
33 90
33 18
25 20
25 69
29 66
29 35
66 89
66 47
35 20
35 84
71 89
71 21
71 74
89 82
21 69
74 51
82 91
91 75
91 51
73 95
73 63
95 67
63 69
63 18
67 24
67 85
48 75
48 45
48 26
75 42
45 92
26 38
26 23
51 61
61 20
61 83
77 93
77 54
77 59
93 76
54 86
59 27
59 98
76 49
38 49
38 92
49 68
92 50
68 50
31 24
24 22
83 84
22 80
19 50
19 47
47 90
86 96
43 80
43 84
80 23
39 96
39 88
98 27
96 27
23 88
