0 1
0 2
0 3
0 4
0 5
0 6
0 7
0 8
0 9
0 10
0 11
0 12
0 13
0 14
0 15
0 16
0 17
0 18
0 19
0 20
0 21
0 22
0 23
0 24
0 25
0 26
0 27
0 28
0 29
0 30
0 31
0 32
0 33
0 34
0 35
0 36
0 37
0 38
0 39
0 40
0 41
0 42
0 43
0 44
0 45
0 46
0 47
0 48
0 49
1 50
2 46
3 11
3 17
3 25
4 21
4 41
5 42
6 21
7 8
7 34
7 24
8 24
8 33
9 39
10 26
10 21
10 31
10 44
11 13
12 37
12 33
12 48
13 14
13 37
16 33
16 45
20 46
20 49
24 26
24 48
25 41
26 38
29 42
31 49
31 41
32 45
42 43
60 87
60 61
60 94
87 84
87 97
61 99
61 55
94 75
94 99
84 64
84 58
97 57
97 71
83 86
83 80
83 77
86 65
86 78
80 67
80 59
77 91
77 69
65 54
65 50
78 85
78 74
91 93
91 75
93 69
93 56
75 71
69 82
56 54
56 63
82 74
82 58
92 98
92 90
92 72
98 52
98 53
90 76
90 71
72 66
72 67
52 79
52 85
53 62
53 58
57 76
57 59
76 64
59 79
64 70
54 89
89 88
89 55
63 73
63 96
50 51
50 79
51 99
51 73
73 96
66 88
66 68
88 74
68 62
68 95
85 81
81 96
81 95
95 55
67 70
70 62
