27 12
27 20
27 23
27 16
27 11
27 71
27 93
27 19
27 53
27 1
27 63
27 22
27 29
27 18
27 42
27 34
27 35
27 36
27 17
27 40
2 17
2 41
2 29
2 77
2 42
2 32
2 1
2 11
2 25
2 12
2 44
2 34
2 22
2 30
2 10
2 23
2 6
2 4
2 26
2 64
39 37
39 35
39 36
39 8
39 23
39 9
39 3
39 15
39 45
39 19
39 49
39 48
39 46
39 31
39 43
39 5
39 47
39 16
39 33
39 24
7 34
7 44
7 22
7 42
7 11
7 26
7 30
7 17
7 12
7 36
7 29
7 20
7 32
7 23
7 10
7 41
7 4
7 40
7 1
7 25
5 17
5 23
5 49
5 35
5 18
5 14
5 3
5 37
5 31
5 48
5 33
5 19
5 24
5 47
5 9
5 15
5 45
5 8
5 20
28 17
28 24
28 48
28 20
28 19
28 46
28 31
28 3
28 23
28 47
28 15
28 43
28 45
28 37
28 36
28 49
28 8
28 14
28 16
28 33
0 24
0 3
0 49
0 66
0 19
0 67
0 9
0 45
0 47
0 31
0 43
0 46
0 95
0 33
0 13
0 15
0 20
0 48
0 8
0 37
21 19
21 1
21 20
21 35
21 22
21 30
21 8
21 43
21 34
21 26
21 36
21 85
21 44
21 33
21 23
21 3
21 18
21 65
21 12
21 15
38 8
38 36
38 45
38 43
38 35
38 19
38 11
38 20
38 34
38 75
38 48
38 32
38 44
38 17
38 58
38 96
38 64
38 26
38 12
38 18
14 17
14 8
14 3
14 15
14 37
14 19
14 46
14 43
14 70
14 31
14 9
14 24
14 49
14 20
14 47
14 48
14 33
14 45
4 34
4 25
4 1
4 41
4 36
4 26
4 12
4 11
4 42
4 17
4 29
4 44
4 30
4 6
4 32
4 10
4 40
4 22
16 3
16 72
16 36
16 34
16 24
16 18
16 33
16 37
16 15
16 23
16 49
16 35
16 47
16 48
16 71
16 19
16 13
25 23
25 44
25 10
25 11
25 34
25 42
25 17
25 32
25 40
25 30
25 26
25 41
25 12
25 6
25 29
25 22
25 1
41 44
41 36
41 11
41 6
41 34
41 29
41 91
41 22
41 32
41 30
41 26
41 10
41 1
41 40
41 42
41 12
13 8
13 37
13 3
13 46
13 47
13 81
13 61
13 84
13 36
13 45
13 24
13 48
13 31
13 19
13 94
13 15
13 33
13 35
66 48
66 95
66 55
66 43
72 50
72 55
72 57
72 91
64 75
64 89
64 17
40 17
40 30
40 36
40 12
40 26
40 29
40 1
40 44
40 11
40 6
40 22
40 76
40 10
40 32
40 42
18 8
18 11
18 22
18 23
18 26
18 79
18 19
18 34
18 35
18 73
18 17
18 97
18 20
18 85
18 6
73 97
73 22
73 99
73 11
46 24
46 35
46 3
46 19
46 45
46 95
46 8
46 43
46 33
46 15
46 31
46 47
46 37
46 48
46 49
32 10
32 36
32 22
32 44
32 11
32 35
32 30
32 26
32 17
32 6
32 12
32 34
32 1
31 43
31 15
31 19
31 8
31 20
31 86
31 45
31 48
31 24
31 47
31 37
31 49
31 3
9 23
9 44
9 35
9 3
9 69
9 20
9 45
9 37
9 15
9 24
9 74
9 52
9 49
9 33
9 65
9 17
49 19
49 15
49 48
49 37
49 45
49 20
49 24
49 95
49 47
49 8
49 3
10 44
10 34
10 42
10 23
10 29
10 17
10 22
10 26
10 6
10 1
10 12
10 83
10 30
30 36
30 17
30 23
30 29
30 6
30 26
30 1
30 34
30 22
30 42
30 12
33 23
33 35
33 15
33 24
33 3
33 19
33 78
33 8
33 67
33 20
43 48
43 8
43 45
43 19
43 24
43 3
43 47
43 20
43 36
43 37
43 35
29 48
29 44
29 34
29 22
29 42
29 87
29 1
29 26
29 6
29 12
29 17
47 15
47 8
47 45
47 20
47 48
47 3
47 98
47 37
47 24
37 24
37 48
37 3
37 20
37 8
37 45
37 15
42 12
42 23
42 1
42 11
42 6
42 26
42 22
42 36
42 34
42 44
6 1
6 12
6 17
6 62
6 87
6 36
6 22
6 26
6 44
1 36
1 26
1 23
1 59
1 12
1 22
3 48
3 24
3 8
3 15
11 19
11 99
11 44
11 76
11 34
11 22
11 93
11 26
45 48
45 68
45 19
45 24
45 15
45 20
35 71
35 24
35 36
35 23
35 63
35 34
35 19
26 12
26 34
26 59
48 15
48 24
34 19
34 63
84 54
84 94
84 92
84 61
8 20
8 78
8 24
79 97
79 82
79 88
79 90
12 17
12 22
12 44
23 17
23 77
23 85
15 52
15 69
22 85
85 56
36 96
36 58
44 83
44 60
44 51
44 96
76 93
76 89
76 77
83 81
83 60
83 51
68 92
68 90
68 97
68 59
20 67
20 70
52 69
52 88
52 74
98 80
98 62
98 57
98 56
93 80
93 89
77 90
77 89
69 74
69 88
62 80
62 87
62 56
78 50
78 91
78 57
86 53
86 99
86 56
86 65
61 92
61 94
61 54
58 50
58 96
58 75
95 55
59 90
59 89
63 80
63 71
70 60
70 82
70 67
74 82
74 88
71 80
65 53
65 99
81 53
81 60
81 51
67 82
94 54
94 92
99 53
87 56
87 55
91 57
91 50
75 55
75 96
51 57
51 60
97 90
54 50
54 92
88 82
