27 15
27 12
27 71
27 34
27 20
27 23
27 93
27 1
27 19
27 22
27 18
27 35
27 63
27 16
27 17
27 42
27 36
27 53
27 29
27 11
2 4
2 23
2 11
2 10
2 32
2 1
2 17
2 30
2 44
2 79
2 29
2 22
2 26
2 42
2 12
2 25
2 77
2 41
2 34
2 6
39 37
39 45
39 19
39 35
39 36
39 24
39 8
39 31
39 46
39 33
39 5
39 16
39 47
39 15
39 23
39 49
39 43
39 48
39 9
39 3
7 34
7 44
7 20
7 22
7 17
7 23
7 36
7 25
7 32
7 40
7 42
7 10
7 29
7 4
7 11
7 26
7 12
7 1
7 41
7 30
5 15
5 17
5 33
5 23
5 31
5 48
5 49
5 35
5 47
5 18
5 19
5 37
5 45
5 9
5 14
5 8
5 24
5 20
5 3
28 17
28 24
28 48
28 20
28 36
28 19
28 6
28 3
28 16
28 46
28 47
28 23
28 37
28 31
28 43
28 15
28 14
28 8
28 45
28 49
0 45
0 15
0 46
0 13
0 20
0 24
0 3
0 48
0 49
0 8
0 67
0 33
0 37
0 95
0 9
0 66
0 47
0 19
0 31
0 43
21 3
21 19
21 34
21 30
21 1
21 20
21 43
21 40
21 26
21 22
21 36
21 35
21 33
21 8
21 23
21 12
21 44
21 18
21 85
21 65
38 8
38 36
38 26
38 45
38 17
38 12
38 43
38 35
38 19
38 11
38 20
38 18
38 58
38 32
38 34
38 75
38 48
38 96
38 44
38 64
14 17
14 46
14 8
14 70
14 45
14 49
14 3
14 20
14 48
14 47
14 43
14 31
14 9
14 33
14 24
14 15
14 37
14 19
4 26
4 30
4 22
4 6
4 11
4 44
4 17
4 32
4 29
4 12
4 36
4 34
4 42
4 25
4 1
4 41
4 40
4 10
16 33
16 3
16 37
16 13
16 72
16 36
16 19
16 15
16 34
16 71
16 18
16 47
16 23
16 49
16 48
16 35
16 24
25 12
25 40
25 34
25 23
25 41
25 42
25 6
25 32
25 26
25 29
25 1
25 44
25 10
25 17
25 30
25 22
25 11
41 10
41 40
41 22
41 26
41 42
41 44
41 36
41 29
41 30
41 1
41 12
41 32
41 34
41 11
41 6
41 87
13 15
13 24
13 8
13 36
13 81
13 33
13 48
13 35
13 61
13 31
13 47
13 19
13 84
13 94
13 37
13 3
13 45
13 46
66 55
66 43
66 48
66 95
72 57
72 91
72 50
72 55
64 17
64 75
64 18
64 89
40 10
40 42
40 17
40 36
40 1
40 32
40 12
40 44
40 11
40 26
40 6
40 22
40 76
40 29
40 30
18 20
18 8
18 17
18 34
18 11
18 19
18 22
18 97
18 33
18 23
18 26
18 85
18 73
18 35
73 11
73 22
73 99
73 97
46 24
46 43
46 33
46 48
46 47
46 8
46 49
46 37
46 15
46 35
46 31
46 3
46 19
46 45
46 95
32 6
32 35
32 22
32 36
32 17
32 30
32 10
32 11
32 12
32 1
32 26
32 34
32 44
31 43
31 3
31 8
31 15
31 48
31 20
31 19
31 37
31 24
31 49
31 45
31 47
31 86
9 17
9 24
9 33
9 37
9 23
9 49
9 44
9 70
9 35
9 45
9 15
9 52
9 69
9 20
9 74
9 3
49 8
49 20
49 24
49 3
49 19
49 98
49 48
49 37
49 45
49 15
49 47
10 44
10 12
10 26
10 34
10 17
10 29
10 42
10 22
10 1
10 23
10 6
10 83
10 30
30 36
30 26
30 6
30 17
30 1
30 29
30 12
30 42
30 34
30 22
30 23
33 78
33 67
33 35
33 15
33 23
33 24
33 19
33 8
33 3
33 20
43 20
43 19
43 45
43 47
43 24
43 36
43 37
43 35
43 48
43 8
43 3
29 48
29 17
29 6
29 44
29 12
29 42
29 1
29 34
29 91
29 22
29 26
47 3
47 15
47 8
47 45
47 48
47 24
47 95
47 37
47 20
37 24
37 48
37 8
37 20
37 45
37 3
37 15
42 12
42 6
42 22
42 23
42 36
42 26
42 1
42 44
42 11
42 17
6 1
6 17
6 36
6 26
6 22
6 44
6 87
6 62
6 12
1 22
1 36
1 12
1 23
1 59
1 26
3 48
3 15
3 8
3 24
11 34
11 22
11 93
11 76
11 44
11 26
11 19
11 99
45 24
45 48
45 20
45 15
45 68
45 19
35 24
35 19
35 36
35 23
35 34
35 63
35 71
26 59
26 34
26 12
48 15
48 24
34 63
34 23
34 19
84 94
84 92
84 61
84 54
8 24
8 20
8 78
79 90
79 88
79 82
79 97
12 44
12 17
12 22
23 77
23 85
15 52
15 69
22 85
85 50
36 96
36 58
44 60
44 96
44 51
44 83
76 93
76 89
76 77
83 51
83 81
83 60
68 59
68 97
68 89
68 90
20 67
20 65
52 69
52 88
52 74
98 57
98 62
98 56
98 80
93 56
93 89
77 89
77 55
69 88
69 74
62 87
62 56
62 80
78 91
78 57
78 50
86 99
86 53
86 80
86 65
61 94
61 92
61 54
58 75
58 57
58 96
95 55
59 90
59 50
63 80
63 71
70 67
70 82
70 56
74 82
74 88
71 80
65 53
65 99
81 53
81 51
81 60
67 82
94 92
94 54
99 53
87 55
87 56
91 50
91 57
75 60
75 96
51 60
51 92
97 90
54 90
54 92
88 82
