27 12
27 15
27 10
27 24
27 26
27 19
27 11
27 36
27 42
27 6
27 48
27 37
27 59
27 34
27 47
27 96
27 69
27 8
27 71
27 29
2 3
2 20
2 1
2 24
2 22
2 23
2 42
2 15
2 10
2 48
2 19
2 35
2 26
2 8
2 40
2 34
2 17
2 6
2 67
2 63
39 44
39 12
39 36
39 48
39 24
39 33
39 1
39 37
39 19
39 8
39 16
39 11
39 3
39 6
39 23
39 34
39 20
39 17
39 29
39 15
7 12
7 26
7 19
7 8
7 6
7 22
7 45
7 24
7 3
7 20
7 17
7 44
7 36
7 34
7 40
7 37
7 29
7 23
7 48
7 42
5 24
5 34
5 36
5 17
5 8
5 26
5 29
5 37
5 47
5 43
5 33
5 15
5 48
5 46
5 12
5 20
5 1
5 23
5 18
5 22
28 34
28 20
28 26
28 36
28 35
28 44
28 16
28 47
28 45
28 19
28 24
28 22
28 30
28 13
28 3
28 48
28 15
28 43
28 12
28 10
0 12
0 32
0 19
0 45
0 20
0 44
0 46
0 6
0 15
0 17
0 29
0 24
0 97
0 52
0 48
0 22
0 75
0 26
0 23
0 1
21 1
21 29
21 24
21 34
21 35
21 37
21 12
21 13
21 3
21 48
21 15
21 42
21 18
21 93
21 31
21 26
21 23
21 64
21 8
21 20
38 24
38 20
38 12
38 35
38 23
38 22
38 10
38 15
38 11
38 17
38 3
38 19
38 16
38 34
38 78
38 47
38 86
38 85
38 46
38 68
14 10
14 19
14 3
14 22
14 25
14 15
14 37
14 26
14 33
14 12
14 17
14 23
14 35
14 16
14 20
14 95
14 48
14 30
14 1
14 18
4 12
4 16
4 22
4 33
4 15
4 34
4 35
4 23
4 24
4 3
4 20
4 6
4 17
4 48
4 44
4 45
4 8
4 1
4 37
4 36
16 37
16 10
16 47
16 24
16 43
16 66
16 30
16 69
16 26
16 22
16 20
16 42
16 9
16 49
16 35
25 20
25 15
25 33
25 42
25 24
25 36
25 46
25 34
25 19
25 26
25 6
25 22
25 17
25 44
25 3
25 29
25 48
25 8
25 35
41 12
41 47
41 26
41 33
41 49
41 34
41 37
41 43
41 3
41 24
41 8
41 36
41 20
41 31
41 99
41 15
41 18
41 10
41 44
41 13
13 34
13 46
13 45
13 22
13 74
13 32
13 9
13 70
13 47
13 36
13 3
13 79
13 31
13 43
13 19
13 67
13 1
66 89
66 55
66 36
66 11
72 51
72 82
72 57
72 33
72 56
64 51
64 17
64 47
64 77
40 34
40 12
40 37
40 23
40 36
40 24
40 10
40 3
40 31
40 48
40 1
40 6
40 26
40 22
40 44
40 32
40 62
40 29
18 1
18 36
18 20
18 47
18 6
18 45
18 48
18 19
18 42
18 71
18 17
18 77
18 9
18 35
18 84
18 96
73 6
73 46
73 9
73 75
73 74
46 1
46 12
46 49
46 24
46 15
46 23
46 37
46 48
46 30
46 33
46 42
46 11
46 8
46 35
32 15
32 23
32 30
32 11
32 47
32 37
32 8
32 22
32 20
32 29
32 17
32 36
32 19
32 24
32 35
32 33
32 10
31 20
31 36
31 29
31 43
31 42
31 30
31 10
31 44
31 11
31 35
31 26
31 3
31 6
31 52
31 17
31 1
9 12
9 34
9 36
9 3
9 26
9 29
9 44
9 94
9 11
9 67
9 35
9 15
9 24
9 61
9 30
9 8
49 24
49 20
49 42
49 37
49 11
49 44
49 15
49 36
49 47
49 45
49 1
49 17
49 3
49 60
49 19
49 48
49 29
10 36
10 12
10 33
10 45
10 11
10 48
10 6
10 37
10 15
10 77
30 19
30 42
30 20
30 43
30 45
30 48
30 3
30 23
30 29
30 26
30 34
30 6
30 36
33 35
33 12
33 24
33 26
33 23
33 83
33 11
33 45
33 8
33 42
43 12
43 8
43 19
43 35
43 1
43 15
43 44
43 45
43 63
43 23
43 48
43 6
43 11
29 22
29 3
29 42
29 1
29 85
29 34
29 45
47 8
47 22
47 36
47 11
47 23
47 1
47 6
47 26
47 44
37 1
37 17
37 42
37 19
37 23
37 3
42 17
42 22
42 44
42 8
42 45
42 34
6 22
6 93
6 11
6 19
6 12
1 23
1 11
1 65
3 45
3 22
11 48
11 34
11 95
11 63
11 83
45 35
45 24
45 8
45 19
45 95
45 26
35 44
35 98
35 17
35 65
26 44
26 76
48 71
34 87
34 17
84 53
84 82
84 90
84 92
8 17
8 19
8 76
79 50
79 88
79 90
79 60
12 19
12 17
23 85
23 87
15 91
15 78
22 58
22 81
85 44
85 92
36 53
44 51
44 96
44 70
76 98
76 65
76 89
83 75
83 82
83 54
68 80
68 94
68 55
68 81
20 59
20 58
52 50
52 91
52 55
98 92
98 82
98 90
93 91
93 74
93 67
77 99
77 81
69 57
69 87
69 55
62 61
62 88
62 55
62 53
78 54
78 96
78 50
86 89
86 97
86 56
86 53
61 58
61 91
61 80
58 90
58 57
95 87
95 51
59 80
59 75
59 54
63 97
63 60
70 80
70 88
70 57
74 82
74 56
71 99
71 80
65 88
65 56
81 50
81 60
67 97
94 99
94 88
94 54
99 92
87 89
91 57
75 89
51 50
96 56
60 54
53 90
97 92
