27 1
27 11
27 24
27 3
27 18
27 44
27 0
27 49
27 16
27 12
27 20
27 17
27 77
27 6
27 22
27 48
27 70
27 75
27 8
27 88
2 37
2 18
2 23
2 8
2 35
2 19
2 34
2 29
2 12
2 30
2 14
2 67
2 5
2 32
2 47
2 24
2 16
2 48
2 74
2 1
39 0
39 36
39 40
39 43
39 17
39 6
39 3
39 22
39 34
39 44
39 45
39 20
39 24
39 42
39 23
39 49
39 7
39 13
39 30
39 46
7 15
7 22
7 9
7 23
7 49
7 24
7 45
7 42
7 46
7 36
7 34
7 43
7 20
7 6
7 3
7 40
7 11
7 17
7 30
28 23
28 10
28 3
28 25
28 48
28 19
28 47
28 20
28 42
28 40
28 33
28 11
28 15
28 43
28 49
28 6
28 17
28 14
28 34
28 22
0 45
0 32
0 34
0 71
0 11
0 17
0 10
0 9
0 22
0 44
0 24
0 62
0 8
0 13
0 3
0 18
0 37
0 59
21 36
21 12
21 42
21 45
21 8
21 99
21 19
21 37
21 35
21 48
21 30
21 22
21 5
21 29
21 46
21 93
21 24
21 64
21 44
21 18
38 41
38 47
38 25
38 31
38 14
38 51
38 8
38 12
38 33
38 94
38 15
38 66
38 37
38 32
38 1
38 19
38 26
38 76
38 29
38 88
4 33
4 19
4 36
4 46
4 10
4 23
4 35
4 26
4 34
4 11
4 45
4 15
4 73
4 41
4 44
4 29
4 85
4 31
4 30
4 9
16 45
16 19
16 1
16 29
16 9
16 61
16 5
16 48
16 14
16 15
16 35
16 84
16 81
16 12
16 37
16 8
16 80
16 26
25 34
25 48
25 47
25 44
25 35
25 5
25 1
25 31
25 29
25 33
25 41
25 26
25 14
25 12
25 19
25 32
25 15
25 37
41 10
41 1
41 31
41 34
41 37
41 12
41 33
41 35
41 36
41 76
41 32
41 29
41 14
41 26
41 58
41 19
41 15
13 69
13 12
13 1
13 33
13 9
13 34
13 45
13 71
13 24
13 5
13 3
13 78
13 17
13 23
13 46
13 96
13 43
13 18
72 80
72 81
72 90
72 97
72 1
64 48
64 67
64 75
64 12
40 8
40 42
40 44
40 11
40 24
40 43
40 30
40 10
40 55
40 20
40 17
40 49
40 65
40 48
40 3
40 45
40 22
18 24
18 17
18 12
18 30
18 48
18 10
18 34
18 59
18 23
18 95
18 8
18 91
18 20
18 9
18 62
73 56
73 26
73 75
73 35
14 8
14 31
14 15
14 29
14 26
14 12
14 33
14 19
14 47
14 61
14 32
14 37
14 1
14 35
5 34
5 23
5 12
5 44
5 37
5 8
5 35
5 11
5 36
5 45
5 26
5 9
5 48
5 47
5 32
66 15
66 19
66 94
66 60
46 44
46 30
46 43
46 6
46 45
46 17
46 23
46 34
46 24
46 36
46 48
46 9
46 96
46 11
46 22
32 44
32 19
32 29
32 47
32 26
32 15
32 33
32 1
32 53
32 31
32 12
32 37
32 8
31 47
31 33
31 35
31 37
31 53
31 8
31 15
31 9
31 29
31 26
31 1
31 19
31 23
31 51
9 34
9 15
9 23
9 58
9 78
9 19
9 36
9 30
9 59
9 24
9 95
49 3
49 44
49 11
49 17
49 45
49 22
49 23
49 36
49 10
49 20
49 77
49 24
49 43
49 52
49 6
10 26
10 6
10 43
10 3
10 36
10 47
10 24
10 42
10 34
10 20
10 98
10 37
10 22
30 34
30 48
30 17
30 36
30 20
30 23
30 24
30 22
30 45
30 42
30 6
33 34
33 47
33 12
33 19
33 1
33 26
33 15
33 29
33 8
33 83
33 96
43 45
43 23
43 63
43 20
43 17
43 36
43 3
43 24
43 6
43 86
43 22
43 42
29 26
29 23
29 8
29 19
29 1
29 15
29 85
29 37
29 35
47 1
47 19
47 36
47 42
47 15
47 8
47 44
47 26
47 68
47 97
37 48
37 26
37 19
37 12
37 15
37 85
37 35
42 35
42 20
42 45
42 48
42 22
42 34
42 6
42 36
42 3
42 17
42 55
6 23
6 24
6 3
6 22
6 20
6 63
6 98
6 87
6 17
6 36
1 19
1 15
1 26
1 8
1 35
1 84
3 12
3 44
3 11
3 20
3 45
3 22
3 36
3 17
11 45
11 22
11 23
11 92
11 70
11 20
11 50
11 77
11 44
11 48
45 34
45 24
45 71
45 36
35 26
35 34
35 12
35 48
35 67
35 93
26 44
26 19
26 8
48 12
48 20
48 93
48 17
34 58
84 80
84 8
84 97
8 12
8 65
79 96
79 71
79 44
79 89
79 78
55 82
55 90
55 65
12 20
23 24
23 74
23 69
15 61
15 19
15 85
22 17
22 98
22 56
22 24
17 20
17 87
17 63
85 50
87 20
87 91
87 52
24 95
93 57
93 67
68 83
68 44
68 54
68 82
36 60
36 99
36 90
76 94
76 51
76 60
83 61
83 82
83 44
44 54
44 74
20 77
20 52
52 91
52 88
98 53
98 57
92 70
92 50
92 56
92 77
69 86
69 74
69 65
74 65
62 95
62 86
62 59
99 60
99 90
99 50
78 89
78 96
86 89
86 88
61 81
58 82
58 89
95 91
59 71
63 70
63 54
90 57
70 54
81 80
81 97
88 89
80 97
50 57
67 75
56 91
56 75
94 60
94 51
53 51
53 57
54 82
