27 36
27 31
27 20
27 29
27 10
27 43
27 44
27 63
27 32
27 71
27 35
27 48
27 18
27 1
27 47
27 15
27 23
27 58
27 99
27 7
2 15
2 33
2 22
2 46
2 1
2 34
2 29
2 37
2 38
2 12
2 48
2 35
2 53
2 36
2 61
2 10
2 45
2 42
2 44
2 20
39 47
39 17
39 12
39 41
39 20
39 48
39 11
39 9
39 15
39 28
39 1
39 36
39 29
39 23
39 96
39 32
39 35
39 45
39 42
39 10
7 33
7 43
7 4
7 49
7 9
7 11
7 23
7 12
7 35
7 51
7 15
7 6
7 44
7 1
7 17
7 29
7 37
7 8
7 34
28 37
28 34
28 12
28 23
28 48
28 19
28 6
28 47
28 29
28 26
28 17
28 42
28 30
28 3
28 25
28 13
28 46
28 20
28 22
0 14
0 30
0 8
0 1
0 6
0 46
0 11
0 26
0 19
0 34
0 64
0 17
0 45
0 84
0 66
0 40
0 24
0 3
0 13
0 22
21 12
21 31
21 36
21 26
21 47
21 45
21 44
21 24
21 29
21 10
21 19
21 80
21 95
21 16
21 3
21 92
21 34
21 8
21 59
21 5
38 36
38 88
38 49
38 3
38 44
38 11
38 8
38 93
38 6
38 70
38 31
38 77
38 42
38 34
38 40
38 17
38 29
38 80
38 30
4 26
4 12
4 8
4 1
4 36
4 49
4 19
4 5
4 32
4 43
4 9
4 15
4 23
4 6
4 65
4 17
4 61
4 98
4 42
16 46
16 6
16 14
16 36
16 1
16 83
16 77
16 55
16 11
16 30
16 3
16 37
16 47
16 26
16 49
16 24
16 59
16 22
16 13
25 45
25 20
25 23
25 48
25 19
25 8
25 33
25 12
25 34
25 40
25 41
25 42
25 15
25 49
25 9
25 44
25 35
25 43
25 51
41 23
41 9
41 42
41 11
41 31
41 19
41 35
41 15
41 12
41 65
41 33
41 48
41 84
41 20
41 45
41 98
41 32
41 34
13 37
13 14
13 49
13 84
13 47
13 19
13 24
13 3
13 46
13 45
13 94
13 17
13 8
13 26
13 56
13 12
13 81
72 82
72 90
72 51
72 10
72 92
64 48
64 1
64 11
64 54
18 20
18 26
18 5
18 22
18 40
18 37
18 32
18 44
18 24
18 87
18 49
18 43
18 47
18 3
18 73
18 71
18 67
18 36
18 31
73 20
73 82
73 53
73 45
14 35
14 85
14 49
14 48
14 19
14 11
14 24
14 8
14 22
14 6
14 37
14 59
14 31
14 26
14 17
14 47
14 30
5 22
5 31
5 44
5 8
5 49
5 26
5 46
5 3
5 17
5 36
5 6
5 10
5 37
5 24
5 34
5 19
5 40
66 30
66 3
66 94
66 24
40 34
40 52
40 19
40 22
40 36
40 49
40 17
40 31
40 26
40 24
40 62
40 46
40 10
40 3
40 30
46 17
46 22
46 6
46 10
46 34
46 3
46 57
46 48
46 1
46 24
46 62
46 30
46 26
32 48
32 36
32 23
32 33
32 43
32 20
32 86
32 42
32 9
32 12
32 99
32 15
32 44
32 35
32 45
31 30
31 89
31 37
31 29
31 69
31 74
31 96
31 47
31 22
31 8
31 49
31 24
9 20
9 23
9 35
9 33
9 98
9 42
9 1
9 36
9 86
9 48
9 70
9 15
9 88
9 12
30 29
30 44
30 37
30 19
30 11
30 1
30 24
30 3
30 34
30 26
30 49
33 12
33 23
33 44
33 78
33 93
33 15
33 48
33 11
33 75
33 43
33 29
33 58
33 45
33 20
43 35
43 23
43 12
43 87
43 90
43 44
43 8
43 45
43 15
43 20
43 17
43 1
43 99
29 34
29 1
29 12
29 47
29 23
29 11
29 10
29 36
29 48
29 74
47 6
47 22
47 49
47 3
47 20
47 58
47 26
47 59
47 24
47 10
37 10
37 44
37 76
37 8
37 6
37 49
37 3
37 24
37 22
37 55
42 35
42 34
42 19
42 20
42 23
42 36
42 12
42 45
42 15
42 48
42 77
88 97
88 89
88 6
49 22
49 77
49 19
49 44
49 8
49 95
6 34
6 24
6 79
6 83
6 19
6 3
6 17
6 11
1 48
1 26
1 11
1 83
1 24
1 3
1 15
3 22
3 10
3 26
3 24
11 22
11 69
11 54
11 74
11 23
11 48
11 93
45 12
45 17
45 20
45 8
45 34
45 53
45 84
45 35
26 19
26 22
26 24
26 8
26 62
10 44
10 22
10 35
10 36
10 91
10 12
10 92
10 95
48 36
48 35
48 68
48 15
84 19
8 19
8 34
8 51
8 68
8 44
79 57
79 81
79 54
79 12
55 24
55 91
55 51
34 12
34 23
34 80
35 77
35 60
35 20
35 15
35 63
35 99
12 17
23 15
23 20
23 67
23 17
23 96
15 87
15 78
15 60
15 99
19 76
19 17
19 97
22 24
22 85
22 50
17 96
17 87
17 94
87 69
85 60
85 36
85 44
93 50
93 75
68 97
68 78
68 75
36 70
36 61
36 52
59 54
83 91
83 82
76 82
76 90
76 89
94 62
94 56
44 63
44 52
44 95
52 62
52 89
98 56
98 65
20 61
20 71
20 86
69 90
69 60
74 96
74 89
78 97
78 75
92 95
92 91
86 70
86 60
61 65
58 53
58 63
63 67
57 80
57 54
57 81
90 82
70 80
71 81
71 67
65 56
81 67
50 97
50 75
50 56
53 91
