27 37
27 10
27 1
27 15
27 41
27 46
27 35
27 20
27 43
27 38
27 8
27 12
27 29
27 48
27 19
27 33
27 42
27 66
27 13
27 44
2 29
2 15
2 34
2 20
2 9
2 5
2 32
2 42
2 43
2 36
2 48
2 35
2 12
2 22
2 17
2 31
2 10
2 8
2 16
2 46
39 6
39 24
39 19
39 37
39 17
39 15
39 47
39 33
39 20
39 30
39 32
39 14
39 3
39 11
39 26
39 49
39 4
39 42
39 7
39 34
7 42
7 33
7 11
7 34
7 24
7 13
7 6
7 49
7 45
7 14
7 37
7 10
7 47
7 8
7 48
7 22
7 19
7 17
7 4
45 8
45 24
45 1
45 6
45 31
45 26
45 42
45 44
45 19
45 33
45 49
45 12
45 15
45 3
45 11
45 10
45 14
45 30
45 28
5 34
5 22
5 13
5 12
5 29
5 24
5 46
5 3
5 10
5 42
5 35
5 33
5 1
5 48
5 36
5 43
5 20
5 40
5 47
18 20
18 43
18 32
18 22
18 9
18 46
18 29
18 36
18 12
18 31
18 15
18 30
18 8
18 1
18 35
18 85
18 40
18 16
18 23
18 41
23 8
23 11
23 35
23 13
23 12
23 9
23 26
23 48
23 43
23 21
23 17
23 0
23 30
23 28
23 38
23 24
23 22
23 20
23 36
28 26
28 31
28 21
28 30
28 34
28 24
28 29
28 3
28 16
28 46
28 8
28 41
28 10
28 19
28 35
28 36
28 9
28 15
40 48
40 35
40 25
40 19
40 30
40 36
40 41
40 12
40 1
40 16
40 21
40 46
40 32
40 33
40 9
40 29
40 22
40 34
0 15
0 8
0 4
0 24
0 3
0 14
0 10
0 25
0 11
0 17
0 47
0 44
0 26
0 49
0 6
0 22
0 20
0 1
0 37
21 15
21 25
21 22
21 11
21 26
21 8
21 34
21 19
21 64
21 24
21 35
21 32
21 48
21 29
21 9
21 31
21 10
38 30
38 8
38 17
38 37
38 29
38 22
38 36
38 41
38 12
38 20
38 31
38 9
38 95
38 34
38 35
38 10
38 48
38 43
14 26
14 33
14 42
14 11
14 17
14 3
14 19
14 4
14 6
14 47
14 13
14 43
14 1
14 22
14 15
14 24
44 11
44 1
44 26
44 25
44 33
44 4
44 19
44 49
44 13
44 47
44 32
44 3
44 37
44 15
44 17
44 6
44 10
4 36
4 8
4 43
4 47
4 6
4 34
4 49
4 12
4 17
4 11
4 33
4 26
4 25
4 24
4 3
16 42
16 35
16 20
16 22
16 37
16 8
16 29
16 17
16 36
16 77
16 48
16 46
16 34
16 12
16 41
16 1
25 1
25 24
25 31
25 19
25 47
25 32
25 11
25 26
25 15
25 6
25 22
25 34
25 13
25 49
25 3
41 29
41 17
41 20
41 35
41 31
41 43
41 30
41 48
41 22
41 19
41 36
41 47
41 1
41 12
13 47
13 42
13 22
13 10
13 26
13 33
13 37
13 24
13 1
13 15
13 32
13 3
13 49
66 91
66 99
66 88
66 65
46 36
46 37
46 3
46 30
46 15
46 9
46 84
46 29
46 48
46 19
46 1
46 34
46 12
32 37
32 9
32 3
32 19
32 1
32 6
32 20
32 24
32 11
32 26
32 49
32 47
31 42
31 24
31 22
31 48
31 12
31 15
31 29
31 43
31 35
31 20
31 11
31 36
9 30
9 8
9 17
9 36
9 20
9 35
9 29
9 19
9 10
9 34
9 48
42 12
42 1
42 15
42 30
42 6
42 11
42 34
42 8
42 36
42 20
49 10
49 36
49 24
49 34
49 37
49 3
49 19
49 15
49 26
49 33
49 6
10 19
10 8
10 15
10 11
10 37
10 24
10 3
30 35
30 33
30 15
30 36
30 1
30 19
30 34
30 12
30 43
33 3
33 19
33 48
33 26
33 12
33 87
33 15
33 47
43 24
43 35
43 17
43 47
43 8
43 48
43 36
43 29
43 20
29 12
29 34
29 48
29 8
29 20
29 35
47 11
47 37
47 22
47 17
47 26
47 24
47 3
37 20
37 6
37 17
37 1
37 3
37 11
37 34
64 59
64 89
64 61
64 79
6 24
6 11
6 15
6 26
6 1
6 20
6 60
6 17
1 12
1 22
3 19
3 26
3 22
11 26
11 24
11 17
22 17
22 26
35 34
35 36
35 48
35 12
26 19
48 12
48 8
48 36
8 20
8 34
84 79
84 65
84 89
84 92
20 17
17 76
85 80
85 75
85 55
85 93
36 53
76 67
76 80
76 55
76 99
77 89
77 82
77 68
77 80
95 57
95 99
95 82
95 75
87 56
87 82
87 68
87 57
60 93
60 86
60 81
60 94
53 61
53 62
53 81
53 58
71 70
71 91
71 81
71 67
71 69
97 70
97 75
97 56
97 96
97 69
54 83
54 74
54 79
54 72
54 50
73 68
73 98
73 86
73 72
73 58
52 63
52 78
52 83
52 90
52 56
78 94
78 98
78 93
78 59
51 90
51 83
51 72
51 63
51 74
90 72
90 63
90 83
58 62
58 65
58 92
67 50
67 81
67 69
63 99
63 55
88 91
88 92
88 59
88 89
70 94
70 62
70 69
62 59
62 61
96 75
96 56
96 98
96 59
55 80
55 99
57 82
57 56
57 68
86 93
86 81
86 98
74 83
74 79
74 72
50 69
50 94
50 75
65 92
65 91
79 61
61 91
89 92
94 93
80 98
82 68
