27 28
27 10
27 60
27 45
27 6
27 23
27 75
27 1
27 19
27 13
27 38
27 94
27 36
27 79
27 15
27 0
27 85
27 51
27 57
27 31
40 23
40 1
40 36
40 24
40 38
40 15
40 90
40 30
40 12
40 49
40 28
40 63
40 72
40 19
40 45
40 0
40 71
40 31
40 96
40 22
41 17
41 81
41 23
41 3
41 24
41 6
41 30
41 1
41 8
41 20
41 59
41 49
41 51
41 36
41 31
41 10
41 26
41 45
41 97
41 19
16 42
16 47
16 48
16 35
16 4
16 25
16 65
16 62
16 18
16 43
16 29
16 11
16 78
16 20
16 32
16 39
16 34
16 9
16 68
16 66
2 49
2 3
2 7
2 10
2 24
2 22
2 37
2 46
2 15
2 36
2 93
2 14
2 33
2 91
2 8
2 12
2 6
2 21
2 30
2 83
5 10
5 24
5 3
5 36
5 22
5 37
5 21
5 99
5 14
5 49
5 46
5 54
5 15
5 12
5 8
5 30
5 6
5 74
5 55
5 7
90 12
90 28
90 36
90 31
4 68
4 47
4 20
4 26
4 18
4 88
4 32
4 39
4 1
4 66
4 35
4 29
4 11
4 25
4 34
4 9
4 42
4 48
4 56
13 45
13 1
13 36
13 82
13 84
13 79
13 0
13 15
13 31
13 23
13 28
13 75
13 63
13 38
13 96
13 60
13 57
13 19
13 30
63 15
63 28
63 30
66 20
66 29
66 34
17 81
17 47
17 43
17 35
17 59
17 34
17 11
17 3
17 26
17 29
17 45
17 42
17 80
17 39
17 10
17 8
17 23
17 19
17 25
64 44
64 42
64 11
64 18
64 26
28 1
28 23
28 45
28 26
28 30
28 31
28 0
28 6
28 36
28 49
28 12
28 15
28 19
28 38
28 22
73 21
73 22
73 46
73 37
73 49
14 7
14 83
14 8
14 12
14 36
14 37
14 15
14 3
14 10
14 69
14 22
14 46
14 21
14 91
14 49
14 33
14 99
14 24
48 25
48 11
48 20
48 47
48 34
48 78
48 29
48 18
48 26
48 42
48 35
48 76
48 39
48 43
48 9
48 36
48 32
48 87
44 43
44 95
44 19
44 11
44 35
44 45
44 92
44 31
44 70
44 25
44 23
44 72
44 18
44 94
44 77
44 26
44 42
44 1
44 97
37 67
37 7
37 24
37 6
37 8
37 50
37 55
37 10
37 12
37 49
37 21
37 3
37 46
37 74
37 22
37 33
94 45
94 23
94 38
72 23
72 31
72 45
46 7
46 8
46 49
46 22
46 36
46 33
46 12
46 30
46 24
46 10
46 21
46 58
46 15
46 91
46 3
0 19
0 36
0 93
0 12
0 30
0 96
0 31
0 45
0 71
0 6
0 23
0 92
0 75
0 60
0 1
0 89
33 3
33 21
33 7
33 15
33 58
33 69
33 61
33 53
33 22
33 8
33 67
33 86
33 10
33 12
33 50
33 49
43 35
43 34
43 18
43 29
43 20
43 98
43 11
43 47
43 78
43 42
43 32
43 9
43 25
43 62
43 26
43 87
32 39
32 29
32 20
32 68
32 18
32 56
32 25
32 9
32 47
32 34
32 35
32 11
32 98
32 42
32 78
32 52
88 20
88 47
88 9
88 39
7 12
7 69
7 10
7 86
7 55
7 54
7 3
7 21
7 61
7 58
7 24
7 53
7 67
7 8
30 24
30 6
30 22
30 19
30 49
30 36
30 84
30 8
30 3
30 89
30 15
47 56
47 9
47 34
47 39
47 42
47 11
47 18
47 26
47 25
47 52
47 20
47 35
47 29
29 18
29 42
29 65
29 36
29 11
29 9
29 39
29 20
29 34
29 26
29 25
29 35
38 45
38 36
38 31
38 19
38 23
38 57
38 85
38 6
38 51
38 1
38 22
38 82
38 15
38 75
38 79
86 8
86 3
86 10
9 25
9 52
9 76
9 56
9 62
9 39
9 18
9 87
9 20
9 42
9 35
9 34
21 12
21 15
21 50
21 10
21 54
21 49
21 91
21 99
21 58
21 22
21 3
21 24
39 52
39 35
39 34
39 25
39 20
39 18
39 76
39 42
39 80
39 65
39 11
42 26
42 65
42 34
42 35
42 20
42 25
42 11
42 18
6 36
6 93
6 89
6 24
6 19
6 85
6 51
6 12
6 15
6 49
6 3
34 35
34 18
34 25
34 11
34 87
34 20
34 68
34 76
11 26
11 98
11 18
11 25
11 78
11 59
11 68
10 55
10 8
10 61
10 3
10 80
10 67
10 59
10 53
31 23
31 70
31 92
31 19
31 71
31 96
31 1
31 60
31 57
31 95
54 24
54 12
55 8
98 18
98 25
84 15
84 22
84 24
26 45
26 77
26 18
26 59
26 35
26 1
26 97
26 25
35 18
35 81
35 80
35 62
35 20
35 25
49 24
49 83
49 22
49 3
49 74
49 15
49 99
1 97
1 82
1 45
1 92
1 95
1 70
1 23
1 19
1 77
8 69
8 67
8 61
8 15
8 19
8 3
8 53
18 80
18 77
18 25
23 19
23 95
23 79
23 71
23 70
23 45
23 82
12 69
12 93
12 89
12 22
12 58
12 50
24 91
24 83
24 3
24 74
24 99
24 22
87 25
85 15
85 36
89 36
53 3
15 22
15 57
93 36
22 83
22 74
22 50
36 51
20 81
20 52
20 76
20 62
20 56
19 79
19 60
19 92
19 95
19 96
70 45
25 65
45 97
45 82
45 75
45 71
45 77
3 81
3 61
