27 22
27 24
27 6
27 20
27 26
27 29
27 48
27 3
27 85
27 42
27 47
27 12
27 35
27 36
27 19
27 34
27 1
27 49
27 11
27 15
2 1
2 12
2 47
2 6
2 30
2 20
2 10
2 26
2 22
2 8
2 33
2 35
2 3
2 42
2 36
2 29
2 15
2 24
2 48
2 49
39 17
39 30
39 8
39 33
39 26
39 3
39 1
39 48
39 29
39 6
39 42
39 10
39 24
39 11
39 35
39 47
39 15
39 19
39 12
39 31
7 17
7 22
7 34
7 33
7 15
7 36
7 35
7 8
7 29
7 41
7 1
7 49
7 24
7 26
7 37
7 47
7 10
7 12
7 19
7 6
45 35
45 29
45 47
45 49
45 1
45 42
45 26
45 17
45 19
45 48
45 22
45 34
45 20
45 36
45 3
45 24
45 30
45 12
45 11
45 8
5 12
5 15
5 29
5 8
5 26
5 6
5 20
5 35
5 36
5 3
5 33
5 11
5 19
5 10
5 34
5 42
5 24
5 30
5 48
5 22
18 19
18 11
18 12
18 47
18 26
18 35
18 30
18 8
18 15
18 3
18 10
18 36
18 20
18 24
18 34
18 1
18 33
18 37
18 66
18 22
23 1
23 6
23 15
23 22
23 9
23 37
23 19
23 24
23 26
23 48
23 36
23 47
23 20
23 3
23 30
23 11
23 12
23 17
23 34
23 33
28 29
28 6
28 1
28 41
28 26
28 35
28 49
28 34
28 12
28 36
28 33
28 8
28 24
28 42
28 47
28 17
28 10
28 3
28 20
28 48
40 30
40 29
40 36
40 1
40 19
40 24
40 35
40 22
40 6
40 48
40 15
40 33
40 26
40 8
40 42
40 34
40 20
40 17
40 37
40 11
0 48
0 12
0 11
0 10
0 24
0 47
0 42
0 1
0 19
0 31
0 15
0 35
0 6
0 36
0 34
0 8
0 3
0 22
0 30
0 29
21 26
21 31
21 42
21 24
21 30
21 47
21 3
21 22
21 19
21 37
21 9
21 1
21 46
21 10
21 11
21 43
21 35
21 48
21 17
21 53
38 3
38 8
38 29
38 24
38 36
38 26
38 34
38 30
38 48
38 12
38 1
38 35
38 60
38 15
38 11
38 49
38 20
38 37
38 42
38 22
14 49
14 36
14 10
14 3
14 15
14 30
14 20
14 6
14 47
14 35
14 24
14 26
14 1
14 48
14 42
14 29
14 34
14 8
14 19
14 22
44 37
44 22
44 15
44 35
44 24
44 32
44 3
44 26
44 36
44 31
44 42
44 19
44 17
44 30
44 48
44 1
44 29
44 20
44 43
44 10
4 30
4 19
4 3
4 37
4 6
4 31
4 36
4 48
4 34
4 15
4 8
4 26
4 42
4 10
4 17
4 11
4 29
4 47
4 33
4 22
16 20
16 1
16 15
16 12
16 24
16 47
16 34
16 29
16 31
16 35
16 3
16 10
16 11
16 6
16 30
16 42
16 8
16 33
16 95
16 19
25 10
25 1
25 19
25 11
25 24
25 48
25 26
25 6
25 12
25 15
25 42
25 31
25 17
25 47
25 34
25 8
25 3
25 30
25 37
25 22
41 3
41 43
41 15
41 48
41 46
41 13
41 42
41 20
41 19
41 11
41 26
41 35
41 8
41 37
41 32
41 30
41 17
41 31
13 36
13 17
13 20
13 8
13 47
13 34
13 35
13 11
13 42
13 48
13 1
13 12
13 9
13 3
13 10
13 26
13 31
13 29
13 49
66 96
66 99
66 78
66 79
46 35
46 29
46 17
46 12
46 48
46 36
46 10
46 3
46 19
46 6
46 20
46 8
46 49
46 47
46 15
46 34
46 33
46 87
32 49
32 1
32 19
32 36
32 17
32 8
32 22
32 30
32 12
32 34
32 3
32 24
32 10
32 47
32 6
32 29
32 33
32 20
31 24
31 37
31 36
31 49
31 43
31 17
31 35
31 20
31 9
31 26
31 34
9 11
9 8
9 47
9 37
9 6
9 20
9 15
9 36
9 34
9 24
9 48
9 22
9 42
9 29
9 30
9 33
42 37
42 43
49 11
49 22
49 15
49 10
49 19
49 30
49 43
49 12
49 17
10 43
10 20
10 17
30 43
33 11
33 20
33 37
33 22
33 12
33 64
33 1
43 26
43 15
43 8
43 11
43 1
43 6
43 48
43 47
43 34
43 12
43 29
43 22
29 37
47 37
37 12
37 6
37 19
37 35
64 75
64 57
64 74
64 82
6 17
6 84
11 17
84 74
84 67
84 69
84 59
17 77
85 55
85 83
85 67
85 76
36 76
76 98
76 58
76 59
77 99
77 69
77 56
77 81
95 93
95 58
95 69
95 72
87 82
87 75
87 93
87 99
60 91
60 90
60 63
60 98
53 92
53 59
53 91
53 89
71 70
71 80
71 81
71 61
71 52
97 91
97 80
97 82
97 94
97 65
54 59
54 61
54 79
54 99
54 72
73 81
73 72
73 98
73 68
73 56
52 90
52 89
52 75
52 86
78 93
78 94
78 68
78 89
51 68
51 92
51 67
51 56
51 72
90 80
90 81
90 94
58 50
58 86
58 67
67 75
63 61
63 70
63 80
63 86
88 89
88 59
88 56
88 93
88 92
70 68
70 94
70 62
62 74
62 75
62 99
62 57
96 89
96 55
96 57
96 83
55 94
55 98
55 65
57 98
57 56
86 82
86 79
74 83
74 50
50 61
50 91
50 93
65 69
65 83
65 61
79 92
79 81
91 68
92 83
80 72
82 69
