27 34
27 49
27 24
27 23
27 17
27 6
27 10
27 16
27 8
27 5
27 3
27 22
27 12
27 95
27 69
27 41
27 32
27 45
27 11
27 9
2 6
2 16
2 10
2 33
2 37
2 22
2 9
2 45
2 23
2 49
2 32
2 8
2 12
2 3
2 15
2 38
2 4
2 24
2 41
2 84
39 48
39 43
39 35
39 30
39 36
39 21
39 8
39 34
39 4
39 47
39 37
39 17
39 12
39 40
39 33
39 19
39 44
39 25
39 1
39 42
7 26
7 17
7 33
7 20
7 23
7 49
7 3
7 34
7 19
7 15
7 38
7 21
7 30
7 37
7 48
7 29
7 11
7 28
7 4
7 22
45 26
45 12
45 10
45 17
45 40
45 8
45 6
45 23
45 37
45 36
45 32
45 24
45 49
45 16
45 33
45 3
45 22
45 41
5 1
5 15
5 24
5 34
5 10
5 33
5 20
5 8
5 3
5 11
5 38
5 48
5 12
5 49
5 18
5 6
5 31
5 23
5 28
18 43
18 37
18 34
18 36
18 24
18 10
18 35
18 47
18 49
18 1
18 40
18 23
18 15
18 3
18 11
18 67
18 48
18 71
18 41
28 44
28 17
28 15
28 26
28 42
28 29
28 48
28 0
28 46
28 9
28 3
28 31
28 20
28 19
28 36
28 35
28 11
28 47
40 12
40 35
40 15
40 47
40 36
40 8
40 17
40 29
40 25
40 19
40 30
40 34
40 43
40 11
40 21
40 1
40 26
0 25
0 31
0 19
0 26
0 13
0 29
0 17
0 47
0 48
0 14
0 35
0 1
0 20
0 46
0 42
0 36
0 15
0 44
0 66
21 42
21 29
21 26
21 48
21 3
21 22
21 11
21 43
21 24
21 19
21 33
21 17
21 30
21 1
21 94
21 73
21 34
38 24
38 11
38 32
38 16
38 17
38 37
38 34
38 10
38 6
38 22
38 12
38 49
38 8
38 9
38 23
38 3
38 53
14 42
14 48
14 25
14 30
14 47
14 29
14 46
14 19
14 26
14 1
14 35
14 13
14 31
14 36
14 64
14 43
14 15
14 20
14 44
44 17
44 13
44 42
44 43
44 35
44 29
44 36
44 1
44 15
44 47
44 59
44 63
44 20
44 66
44 19
44 25
4 20
4 30
4 33
4 24
4 15
4 8
4 48
4 12
4 26
4 41
4 11
4 22
4 9
4 3
4 32
4 37
4 29
16 10
16 12
16 22
16 17
16 49
16 24
16 33
16 37
16 9
16 8
16 6
16 41
16 69
16 23
16 32
16 78
25 48
25 13
25 34
25 42
25 29
25 26
25 47
25 19
25 1
25 43
25 30
25 36
25 17
25 35
25 20
41 33
41 3
41 24
41 23
41 8
41 32
41 10
41 22
41 6
41 49
41 9
41 12
41 37
41 93
13 42
13 15
13 47
13 36
13 29
13 43
13 46
13 20
13 19
13 48
13 34
13 85
13 31
13 26
13 30
13 35
66 36
66 54
66 68
72 58
72 91
72 82
72 70
72 20
46 47
46 20
46 26
46 48
46 29
46 42
46 36
46 30
46 1
46 19
46 34
46 15
46 43
46 31
46 85
46 35
32 24
32 37
32 9
32 22
32 12
32 10
32 3
32 8
32 17
32 23
32 49
32 33
32 6
31 8
31 12
31 20
31 35
31 19
31 36
31 47
31 1
31 11
31 24
31 26
31 29
31 15
31 48
9 33
9 23
9 11
9 6
9 37
9 24
9 17
9 83
9 22
9 52
9 12
9 49
42 15
42 30
42 26
42 36
42 29
42 19
42 20
42 47
42 35
42 1
42 43
49 12
49 6
49 22
49 3
49 23
49 8
49 37
49 10
49 24
10 43
10 37
10 24
10 6
10 11
10 3
10 12
10 34
10 17
10 8
30 34
30 47
30 20
30 19
30 1
30 43
30 26
30 11
30 15
30 35
33 23
33 48
33 20
33 8
33 11
33 24
33 22
33 12
33 83
43 87
43 36
43 34
43 1
43 19
43 35
43 47
43 29
29 47
29 26
29 19
29 48
29 36
29 35
47 34
47 36
47 26
47 19
47 35
37 48
37 8
37 34
37 23
37 24
37 3
37 22
64 99
64 61
64 15
64 75
6 15
6 12
6 3
6 23
6 22
6 20
6 24
6 76
6 17
1 17
1 36
1 35
1 34
1 63
1 19
3 8
3 11
3 23
3 22
11 24
11 52
11 17
11 73
11 23
22 24
22 76
22 23
22 12
35 36
35 26
35 60
26 15
26 19
26 20
48 8
48 20
48 12
48 77
34 19
34 17
34 85
84 99
84 92
84 61
84 98
8 78
8 12
23 93
23 86
15 71
15 20
17 95
85 56
85 20
36 65
76 56
76 99
76 61
83 61
83 50
83 89
52 92
52 55
52 90
93 75
93 51
93 97
77 89
77 60
77 50
77 71
69 55
69 88
69 90
78 55
78 88
78 92
73 57
73 79
73 56
86 68
86 53
86 87
86 79
59 62
59 81
59 80
59 98
65 99
65 56
65 79
65 91
71 50
71 60
67 82
67 70
67 58
67 91
94 54
94 74
94 57
94 96
95 91
95 80
95 81
87 97
87 53
87 68
63 80
63 82
63 81
60 50
60 89
53 79
53 68
97 75
97 68
97 51
54 96
54 57
54 74
51 58
51 89
51 75
90 55
90 88
90 92
58 82
58 70
88 92
88 55
70 82
70 91
62 74
62 81
62 98
62 80
96 98
96 74
96 57
57 75
74 98
50 89
79 56
61 99
81 80
