27 48
27 23
27 29
27 17
27 26
27 85
27 20
27 36
27 64
27 19
27 33
27 22
27 37
27 43
27 32
27 12
27 35
27 10
27 11
27 24
2 15
2 8
2 17
2 12
2 48
2 36
2 40
2 26
2 24
2 11
2 13
2 1
2 29
2 20
2 19
2 34
2 41
2 22
2 42
2 77
39 34
39 47
39 37
39 29
39 36
39 17
39 12
39 24
39 49
39 26
39 8
39 3
39 6
39 11
39 23
39 20
39 22
39 19
39 33
39 1
7 47
7 35
7 36
7 1
7 43
7 12
7 10
7 29
7 20
7 48
7 38
7 46
7 11
7 17
7 49
7 6
7 8
7 23
7 19
7 37
45 34
45 11
45 10
45 1
45 35
45 47
45 23
45 3
45 48
45 8
45 42
45 24
45 36
45 26
45 22
45 29
45 17
45 33
45 4
45 12
5 20
5 17
5 37
5 33
5 19
5 3
5 24
5 48
5 8
5 22
5 35
5 12
5 4
5 41
5 23
5 15
5 10
5 34
5 11
5 43
18 29
18 20
18 22
18 31
18 41
18 1
18 33
18 17
18 24
18 42
18 34
18 6
18 12
18 84
18 47
18 48
18 95
18 8
18 11
18 19
28 49
28 34
28 29
28 12
28 22
28 37
28 23
28 11
28 32
28 17
28 15
28 1
28 3
28 43
28 24
28 42
28 14
28 48
28 31
28 10
40 23
40 17
40 48
40 43
40 8
40 33
40 47
40 35
40 26
40 24
40 49
40 36
40 3
40 12
40 9
40 20
40 1
40 21
40 15
0 1
0 3
0 48
0 11
0 33
0 44
0 47
0 43
0 25
0 22
0 29
0 32
0 30
0 10
0 21
0 26
0 6
0 93
0 12
0 15
21 12
21 19
21 44
21 48
21 49
21 15
21 42
21 35
21 11
21 31
21 30
21 24
21 4
21 29
21 23
21 73
21 87
21 25
38 24
38 11
38 35
38 34
38 6
38 1
38 43
38 33
38 9
38 15
38 30
38 47
38 16
38 20
38 59
38 3
38 36
38 23
38 10
14 17
14 8
14 12
14 16
14 26
14 10
14 20
14 23
14 11
14 29
14 43
14 71
14 33
14 48
14 37
14 36
14 35
14 19
14 1
44 36
44 23
44 47
44 20
44 11
44 22
44 9
44 33
44 6
44 1
44 34
44 8
44 53
44 66
44 3
44 86
44 10
44 15
4 37
4 20
4 11
4 35
4 1
4 46
4 31
4 8
4 6
4 36
4 3
4 19
4 48
4 30
4 41
4 43
4 47
16 8
16 12
16 41
16 24
16 20
16 17
16 13
16 47
16 49
16 10
16 3
16 73
16 26
16 48
16 43
16 78
16 1
16 37
25 1
25 10
25 8
25 47
25 22
25 9
25 49
25 20
25 34
25 43
25 3
25 24
25 23
25 17
25 37
25 19
25 41
25 15
41 23
41 34
41 36
41 47
41 49
41 13
41 15
41 37
41 26
41 10
41 3
41 32
41 30
41 63
13 12
13 37
13 43
13 20
13 17
13 10
13 29
13 15
13 35
13 26
13 3
13 9
13 32
13 33
13 60
13 47
13 24
66 43
66 48
66 96
66 50
72 36
72 82
72 90
72 68
72 91
46 15
46 36
46 17
46 23
46 10
46 26
46 47
46 22
46 3
46 1
46 35
46 43
46 33
46 12
46 95
46 20
46 37
46 49
32 17
32 48
32 6
32 19
32 8
32 33
32 47
32 22
32 34
32 10
32 20
32 9
32 24
32 35
32 29
31 29
31 34
31 17
31 23
31 36
31 37
31 3
31 15
31 49
31 19
31 24
31 12
31 9
31 26
31 1
31 35
9 35
9 23
9 42
9 29
9 12
9 11
9 63
9 47
9 83
9 26
9 24
9 33
9 19
42 15
42 37
42 20
42 36
42 49
42 29
42 1
42 48
42 43
42 10
42 3
42 30
42 8
42 17
49 11
49 20
49 34
49 35
49 8
49 30
49 33
49 29
49 26
10 6
10 36
10 30
10 24
30 36
30 26
30 48
30 33
30 15
30 8
30 24
30 34
30 17
30 22
30 12
30 1
33 37
33 85
33 19
33 26
43 8
43 29
43 19
43 6
43 34
29 35
29 3
29 37
47 48
47 26
47 12
47 22
37 19
37 26
37 34
37 6
64 98
64 74
64 15
64 56
6 23
6 11
6 22
6 12
6 34
6 24
6 19
6 83
6 15
1 17
1 85
3 48
3 23
3 22
11 52
11 76
11 35
22 35
22 19
22 26
22 71
35 34
35 52
26 24
48 34
34 78
84 50
84 89
84 68
84 79
8 94
8 15
8 36
23 76
23 85
15 65
15 19
19 36
17 93
85 68
36 69
76 74
76 75
76 56
83 99
83 88
83 68
20 69
20 67
52 89
52 53
52 97
93 70
93 98
93 68
77 55
77 80
77 90
77 59
69 51
69 75
69 58
78 62
78 70
78 86
73 82
73 89
73 99
86 55
86 56
86 60
59 79
59 57
59 81
65 75
65 56
65 61
65 99
71 80
71 57
71 94
67 82
67 54
67 88
67 57
94 54
94 98
94 61
95 54
95 97
95 89
87 82
87 53
87 54
87 61
63 58
63 99
63 55
60 91
60 75
60 80
53 79
53 50
97 91
97 81
97 96
54 55
51 98
51 92
51 89
51 82
90 96
90 74
90 99
58 70
58 92
58 96
88 75
88 56
88 92
70 61
70 91
62 74
62 80
62 92
62 81
96 55
57 91
57 50
74 79
50 92
79 80
61 81
81 98
