binom	1	0	0.2	0.16902	0.500495
binom	1	0.01	0.2	0.16698	0.500926
binom	1	0.02	0.2	0.16637	0.502742
binom	1	0.03	0.2	0.16885	0.50292
binom	1	0.05	0.2	0.17029	0.504442
binom	1	0.07	0.2	0.16787	0.507135
binom	1	0.08	0.2	0.1682	0.507276
binom	1	0.1	0.2	0.16655	0.510489
binom	1	0.2	0.2	0.16482	0.519779
binom	1	0.3	0.2	0.16097	0.530037
binom	1	0.4	0.2	0.15262	0.539919
binom	1	0.5	0.2	0.14479	0.549253
binom	1	0.6	0.2	0.13836	0.559904
binom	1	0.7	0.2	0.12746	0.570334
binom	1	0.8	0.2	0.11856	0.58175
binom	1	0.9	0.2	0.10677	0.592139
