binom	1	0	0.2	0.16813	0.499833
binom	1	0.01	0.2	0.16921	0.501373
binom	1	0.02	0.2	0.16912	0.501041
binom	1	0.03	0.2	0.16856	0.501793
binom	1	0.05	0.2	0.17083	0.503577
binom	1	0.07	0.2	0.16774	0.504903
binom	1	0.08	0.2	0.16984	0.504624
binom	1	0.1	0.2	0.16737	0.506446
binom	1	0.2	0.2	0.16675	0.512853
binom	1	0.3	0.2	0.16042	0.519417
binom	1	0.4	0.2	0.15307	0.526253
binom	1	0.5	0.2	0.14695	0.532462
binom	1	0.6	0.2	0.13812	0.5386
binom	1	0.7	0.2	0.12901	0.546048
binom	1	0.8	0.2	0.11795	0.552721
binom	1	0.9	0.2	0.11011	0.559856
