binom	1	0	0.2	0.16851	0.500274
binom	1	0.01	0.2	0.16865	0.50084
binom	1	0.02	0.2	0.16977	0.50106
binom	1	0.03	0.2	0.16871	0.501509
binom	1	0.05	0.2	0.17021	0.503345
binom	1	0.07	0.2	0.16871	0.504735
binom	1	0.08	0.2	0.1682	0.505228
binom	1	0.1	0.2	0.16828	0.506395
binom	1	0.2	0.2	0.16371	0.514003
binom	1	0.3	0.2	0.16174	0.520009
binom	1	0.4	0.2	0.15415	0.526586
binom	1	0.5	0.2	0.14647	0.533795
binom	1	0.6	0.2	0.1383	0.539703
binom	1	0.7	0.2	0.12873	0.547281
binom	1	0.8	0.2	0.12025	0.554445
binom	1	0.9	0.2	0.11058	0.560614
