binom	1	0	0.2	0.17131	0.499893
binom	1	0.01	0.2	0.17177	0.500998
binom	1	0.02	0.2	0.16981	0.501352
binom	1	0.03	0.2	0.16833	0.501328
binom	1	0.05	0.2	0.17166	0.503238
binom	1	0.07	0.2	0.16939	0.504362
binom	1	0.08	0.2	0.17023	0.505195
binom	1	0.1	0.2	0.1689	0.50654
binom	1	0.2	0.2	0.16512	0.511759
binom	1	0.3	0.2	0.16042	0.518273
binom	1	0.4	0.2	0.15481	0.5239
binom	1	0.5	0.2	0.14591	0.529759
binom	1	0.6	0.2	0.14082	0.536172
binom	1	0.7	0.2	0.13115	0.541939
binom	1	0.8	0.2	0.12077	0.547559
binom	1	0.9	0.2	0.11031	0.555362
