binom	1	0	0.2	0.1845	0.499825
binom	1	0.01	0.2	0.18599	0.500883
binom	1	0.02	0.2	0.18591	0.502356
binom	1	0.03	0.2	0.18432	0.503796
binom	1	0.05	0.2	0.1838	0.505504
binom	1	0.07	0.2	0.18461	0.507405
binom	1	0.08	0.2	0.18495	0.508429
binom	1	0.1	0.2	0.18403	0.509798
binom	1	0.2	0.2	0.18146	0.521266
binom	1	0.3	0.2	0.17646	0.532401
binom	1	0.4	0.2	0.16945	0.543188
binom	1	0.5	0.2	0.16153	0.552962
binom	1	0.6	0.2	0.1524	0.564314
binom	1	0.7	0.2	0.1432	0.576483
binom	1	0.8	0.2	0.133	0.588147
binom	1	0.9	0.2	0.12319	0.60102
