binom	1	0	0.2	0.18461	0.500613
binom	1	0.01	0.2	0.18277	0.500834
binom	1	0.02	0.2	0.18182	0.501813
binom	1	0.03	0.2	0.18068	0.50318
binom	1	0.05	0.2	0.18483	0.505013
binom	1	0.07	0.2	0.18436	0.507269
binom	1	0.08	0.2	0.18392	0.508737
binom	1	0.1	0.2	0.18344	0.510851
binom	1	0.2	0.2	0.17945	0.520403
binom	1	0.3	0.2	0.17639	0.531407
binom	1	0.4	0.2	0.1697	0.541223
binom	1	0.5	0.2	0.16179	0.553087
binom	1	0.6	0.2	0.15242	0.564581
binom	1	0.7	0.2	0.14204	0.576392
binom	1	0.8	0.2	0.13187	0.588051
binom	1	0.9	0.2	0.12081	0.600739
