binom	1	0	0.2	0.18252	0.499764
binom	1	0.01	0.2	0.18059	0.500918
binom	1	0.02	0.2	0.1822	0.502681
binom	1	0.03	0.2	0.18489	0.502662
binom	1	0.05	0.2	0.18152	0.504983
binom	1	0.07	0.2	0.18103	0.507213
binom	1	0.08	0.2	0.1809	0.508552
binom	1	0.1	0.2	0.18294	0.510585
binom	1	0.2	0.2	0.17741	0.520984
binom	1	0.3	0.2	0.17534	0.531502
binom	1	0.4	0.2	0.16938	0.542265
binom	1	0.5	0.2	0.16057	0.55323
binom	1	0.6	0.2	0.1493	0.564232
binom	1	0.7	0.2	0.14114	0.575778
binom	1	0.8	0.2	0.13077	0.587344
binom	1	0.9	0.2	0.1191	0.600164
