binom	1	0	0.2	0.18707	0.500225
binom	1	0.01	0.2	0.18771	0.501371
binom	1	0.02	0.2	0.18694	0.501911
binom	1	0.03	0.2	0.18539	0.50261
binom	1	0.05	0.2	0.18687	0.505751
binom	1	0.07	0.2	0.18636	0.507691
binom	1	0.08	0.2	0.18661	0.508341
binom	1	0.1	0.2	0.18462	0.510262
binom	1	0.2	0.2	0.18242	0.521393
binom	1	0.3	0.2	0.17831	0.532157
binom	1	0.4	0.2	0.17158	0.542225
binom	1	0.5	0.2	0.16405	0.553556
binom	1	0.6	0.2	0.1552	0.564402
binom	1	0.7	0.2	0.14337	0.575303
binom	1	0.8	0.2	0.13341	0.587451
binom	1	0.9	0.2	0.12278	0.599309
