binom	1	0	0.2	0.18846	0.49999
binom	1	0.01	0.2	0.18903	0.501
binom	1	0.02	0.2	0.18769	0.502053
binom	1	0.03	0.2	0.18803	0.50371
binom	1	0.05	0.2	0.18814	0.504911
binom	1	0.07	0.2	0.18982	0.50718
binom	1	0.08	0.2	0.18697	0.507787
binom	1	0.1	0.2	0.18853	0.509658
binom	1	0.2	0.2	0.18604	0.520642
binom	1	0.3	0.2	0.18079	0.530952
binom	1	0.4	0.2	0.17444	0.540863
binom	1	0.5	0.2	0.16464	0.551815
binom	1	0.6	0.2	0.15609	0.562308
binom	1	0.7	0.2	0.14463	0.573157
binom	1	0.8	0.2	0.13557	0.585622
binom	1	0.9	0.2	0.12489	0.596916
