binom	1	0	0.2	0.17557	0.499773
binom	1	0.01	0.2	0.17538	0.500413
binom	1	0.02	0.2	0.17447	0.502003
binom	1	0.03	0.2	0.17667	0.502574
binom	1	0.05	0.2	0.17609	0.503109
binom	1	0.07	0.2	0.17354	0.504479
binom	1	0.08	0.2	0.1724	0.505184
binom	1	0.1	0.2	0.1775	0.506691
binom	1	0.2	0.2	0.17216	0.513747
binom	1	0.3	0.2	0.16706	0.520812
binom	1	0.4	0.2	0.16158	0.528567
binom	1	0.5	0.2	0.15243	0.535495
binom	1	0.6	0.2	0.14351	0.543194
binom	1	0.7	0.2	0.13385	0.55051
binom	1	0.8	0.2	0.12424	0.557939
binom	1	0.9	0.2	0.1159	0.565977
