binom	1	0	0.2	0.17401	0.500612
binom	1	0.01	0.2	0.1719	0.500396
binom	1	0.02	0.2	0.17053	0.500785
binom	1	0.03	0.2	0.17292	0.501519
binom	1	0.05	0.2	0.17162	0.502589
binom	1	0.07	0.2	0.17219	0.503688
binom	1	0.08	0.2	0.17173	0.505247
binom	1	0.1	0.2	0.17099	0.505878
binom	1	0.2	0.2	0.16884	0.511405
binom	1	0.3	0.2	0.16237	0.517174
binom	1	0.4	0.2	0.15925	0.523433
binom	1	0.5	0.2	0.15204	0.529223
binom	1	0.6	0.2	0.14345	0.535444
binom	1	0.7	0.2	0.13296	0.541642
binom	1	0.8	0.2	0.12259	0.547187
binom	1	0.9	0.2	0.11378	0.554261
