binom	1	0	0.2	0.17285	0.500196
binom	1	0.01	0.2	0.17091	0.500047
binom	1	0.02	0.2	0.17075	0.500615
binom	1	0.03	0.2	0.17284	0.502001
binom	1	0.05	0.2	0.17086	0.502954
binom	1	0.07	0.2	0.17231	0.504076
binom	1	0.08	0.2	0.17234	0.50442
binom	1	0.1	0.2	0.17234	0.506277
binom	1	0.2	0.2	0.16801	0.511115
binom	1	0.3	0.2	0.16288	0.516176
binom	1	0.4	0.2	0.15689	0.522661
binom	1	0.5	0.2	0.15027	0.528802
binom	1	0.6	0.2	0.14151	0.533589
binom	1	0.7	0.2	0.13287	0.540351
binom	1	0.8	0.2	0.1237	0.547011
binom	1	0.9	0.2	0.1122	0.551874
