binom	1	0	0.2	0.18443	0.500312
binom	1	0.01	0.2	0.18453	0.501009
binom	1	0.02	0.2	0.18592	0.503204
binom	1	0.03	0.2	0.18439	0.504652
binom	1	0.05	0.2	0.18781	0.507557
binom	1	0.07	0.2	0.1857	0.510947
binom	1	0.08	0.2	0.18392	0.513081
binom	1	0.1	0.2	0.18393	0.515539
binom	1	0.2	0.2	0.18316	0.530786
binom	1	0.3	0.2	0.17395	0.548023
binom	1	0.4	0.2	0.17077	0.563279
binom	1	0.5	0.2	0.15977	0.579913
binom	1	0.6	0.2	0.15329	0.597059
binom	1	0.7	0.2	0.14329	0.61476
binom	1	0.8	0.2	0.13387	0.632407
binom	1	0.9	0.2	0.12124	0.651357
