binom	1	0	0.2	0.18856	0.499973
binom	1	0.01	0.2	0.18932	0.499464
binom	1	0.02	0.2	0.18763	0.500809
binom	1	0.03	0.2	0.18898	0.500679
binom	1	0.05	0.2	0.19055	0.50145
binom	1	0.07	0.2	0.18653	0.501309
binom	1	0.08	0.2	0.18907	0.502405
binom	1	0.1	0.2	0.18854	0.502001
binom	1	0.2	0.2	0.18498	0.505188
binom	1	0.3	0.2	0.179	0.506094
binom	1	0.4	0.2	0.17265	0.509117
binom	1	0.5	0.2	0.16524	0.510931
binom	1	0.6	0.2	0.15512	0.512831
binom	1	0.7	0.2	0.14538	0.51343
binom	1	0.8	0.2	0.1352	0.516748
binom	1	0.9	0.2	0.12289	0.519536
