binom	1	0	0.2	0.16733	0.499886
binom	1	0.01	0.2	0.16771	0.501861
binom	1	0.02	0.2	0.16491	0.503915
binom	1	0.03	0.2	0.16709	0.505557
binom	1	0.05	0.2	0.1663	0.51022
binom	1	0.07	0.2	0.16634	0.51337
binom	1	0.08	0.2	0.16678	0.515041
binom	1	0.1	0.2	0.16719	0.518714
binom	1	0.2	0.2	0.16403	0.538443
binom	1	0.3	0.2	0.15973	0.556611
binom	1	0.4	0.2	0.15307	0.576194
binom	1	0.5	0.2	0.14485	0.595986
binom	1	0.6	0.2	0.13784	0.614385
binom	1	0.7	0.2	0.12683	0.635116
binom	1	0.8	0.2	0.11716	0.655078
binom	1	0.9	0.2	0.11121	0.674589
