binom	1	0	0.2	0.17344	0.499244
binom	1	0.01	0.2	0.17288	0.501089
binom	1	0.02	0.2	0.17277	0.502615
binom	1	0.03	0.2	0.17409	0.503549
binom	1	0.05	0.2	0.17214	0.50651
binom	1	0.07	0.2	0.17442	0.509125
binom	1	0.08	0.2	0.17487	0.510247
binom	1	0.1	0.2	0.17337	0.512489
binom	1	0.2	0.2	0.16974	0.525791
binom	1	0.3	0.2	0.16515	0.53934
binom	1	0.4	0.2	0.15793	0.552856
binom	1	0.5	0.2	0.14926	0.565942
binom	1	0.6	0.2	0.14006	0.579694
binom	1	0.7	0.2	0.13139	0.59535
binom	1	0.8	0.2	0.12625	0.609327
binom	1	0.9	0.2	0.11386	0.624962
