binom	1	0	0.2	0.17094	0.500424
binom	1	0.01	0.2	0.17306	0.500922
binom	1	0.02	0.2	0.17515	0.50179
binom	1	0.03	0.2	0.17362	0.502323
binom	1	0.05	0.2	0.17409	0.504977
binom	1	0.07	0.2	0.17425	0.505936
binom	1	0.08	0.2	0.1753	0.507137
binom	1	0.1	0.2	0.17252	0.509365
binom	1	0.2	0.2	0.17114	0.516637
binom	1	0.3	0.2	0.16412	0.526758
binom	1	0.4	0.2	0.15798	0.536225
binom	1	0.5	0.2	0.15413	0.545813
binom	1	0.6	0.2	0.14402	0.55556
binom	1	0.7	0.2	0.13456	0.565566
binom	1	0.8	0.2	0.12289	0.576526
binom	1	0.9	0.2	0.11045	0.587919
