binom	1	0	0.2	0.1662	0.500362
binom	1	0.01	0.2	0.16547	0.500525
binom	1	0.02	0.2	0.16713	0.50074
binom	1	0.03	0.2	0.16484	0.500591
binom	1	0.05	0.2	0.16475	0.502716
binom	1	0.07	0.2	0.16518	0.503796
binom	1	0.08	0.2	0.16622	0.504267
binom	1	0.1	0.2	0.16723	0.506394
binom	1	0.2	0.2	0.16074	0.511499
binom	1	0.3	0.2	0.15664	0.516839
binom	1	0.4	0.2	0.15228	0.522608
binom	1	0.5	0.2	0.14542	0.527767
binom	1	0.6	0.2	0.13771	0.5336
binom	1	0.7	0.2	0.12549	0.53885
binom	1	0.8	0.2	0.11961	0.543675
binom	1	0.9	0.2	0.10913	0.549227
