binom	1	0	0.2	0.16496	0.500254
binom	1	0.01	0.2	0.16239	0.50106
binom	1	0.02	0.2	0.16427	0.501248
binom	1	0.03	0.2	0.1641	0.500828
binom	1	0.05	0.2	0.1632	0.502877
binom	1	0.07	0.2	0.16523	0.503615
binom	1	0.08	0.2	0.16311	0.503965
binom	1	0.1	0.2	0.16321	0.504939
binom	1	0.2	0.2	0.16056	0.511132
binom	1	0.3	0.2	0.15607	0.515691
binom	1	0.4	0.2	0.15045	0.522188
binom	1	0.5	0.2	0.14612	0.527301
binom	1	0.6	0.2	0.13405	0.531987
binom	1	0.7	0.2	0.12672	0.537177
binom	1	0.8	0.2	0.11634	0.543522
binom	1	0.9	0.2	0.10931	0.548666
