binom	1	0	0.2	0.16738	0.500193
binom	1	0.01	0.2	0.16693	0.499898
binom	1	0.02	0.2	0.16449	0.500474
binom	1	0.03	0.2	0.16698	0.500191
binom	1	0.05	0.2	0.16463	0.501036
binom	1	0.07	0.2	0.16496	0.502027
binom	1	0.08	0.2	0.16504	0.502041
binom	1	0.1	0.2	0.16605	0.503069
binom	1	0.2	0.2	0.16288	0.505432
binom	1	0.3	0.2	0.15849	0.508455
binom	1	0.4	0.2	0.15263	0.511922
binom	1	0.5	0.2	0.14419	0.514117
binom	1	0.6	0.2	0.13427	0.517361
binom	1	0.7	0.2	0.12801	0.519941
binom	1	0.8	0.2	0.11757	0.52284
binom	1	0.9	0.2	0.1083	0.526577
