binom	1	0	0.2	0.18734	0.500087
binom	1	0.01	0.2	0.18719	0.501734
binom	1	0.02	0.2	0.18776	0.503585
binom	1	0.03	0.2	0.18659	0.504241
binom	1	0.05	0.2	0.18642	0.507341
binom	1	0.07	0.2	0.18859	0.510464
binom	1	0.08	0.2	0.18627	0.51175
binom	1	0.1	0.2	0.18448	0.515372
binom	1	0.2	0.2	0.18252	0.529778
binom	1	0.3	0.2	0.17481	0.545217
binom	1	0.4	0.2	0.17316	0.559702
binom	1	0.5	0.2	0.16415	0.575474
binom	1	0.6	0.2	0.1522	0.591447
binom	1	0.7	0.2	0.14534	0.608151
binom	1	0.8	0.2	0.13654	0.62488
binom	1	0.9	0.2	0.12488	0.642759
