binom	1	0	0.2	0.16477	0.500314
binom	1	0.01	0.2	0.16532	0.50176
binom	1	0.02	0.2	0.1629	0.502896
binom	1	0.03	0.2	0.16591	0.504204
binom	1	0.05	0.2	0.16559	0.506055
binom	1	0.07	0.2	0.16627	0.508769
binom	1	0.08	0.2	0.1641	0.509374
binom	1	0.1	0.2	0.16396	0.511868
binom	1	0.2	0.2	0.16147	0.525321
binom	1	0.3	0.2	0.1564	0.535703
binom	1	0.4	0.2	0.15029	0.548066
binom	1	0.5	0.2	0.14157	0.561066
binom	1	0.6	0.2	0.13373	0.57493
binom	1	0.7	0.2	0.12444	0.587368
binom	1	0.8	0.2	0.11827	0.601458
binom	1	0.9	0.2	0.10761	0.616459
