binom	1	0	0.2	0.19242	0.499933
binom	1	0.01	0.2	0.19196	0.501164
binom	1	0.02	0.2	0.1922	0.503856
binom	1	0.03	0.2	0.19043	0.505245
binom	1	0.05	0.2	0.19183	0.50843
binom	1	0.07	0.2	0.19219	0.511387
binom	1	0.08	0.2	0.19353	0.513115
binom	1	0.1	0.2	0.19335	0.516193
binom	1	0.2	0.2	0.19047	0.533401
binom	1	0.3	0.2	0.18382	0.550416
binom	1	0.4	0.2	0.17637	0.567679
binom	1	0.5	0.2	0.16858	0.585061
binom	1	0.6	0.2	0.15827	0.602431
binom	1	0.7	0.2	0.14878	0.620249
binom	1	0.8	0.2	0.13753	0.63909
binom	1	0.9	0.2	0.12758	0.658008
