binom	1	0	0.2	0.16311	0.499581
binom	1	0.01	0.2	0.16503	0.50165
binom	1	0.02	0.2	0.16412	0.503335
binom	1	0.03	0.2	0.1653	0.503833
binom	1	0.05	0.2	0.16268	0.507556
binom	1	0.07	0.2	0.16263	0.5098
binom	1	0.08	0.2	0.16101	0.511654
binom	1	0.1	0.2	0.16296	0.513641
binom	1	0.2	0.2	0.16128	0.528924
binom	1	0.3	0.2	0.15358	0.542201
binom	1	0.4	0.2	0.14815	0.557377
binom	1	0.5	0.2	0.1409	0.572366
binom	1	0.6	0.2	0.13144	0.588248
binom	1	0.7	0.2	0.12253	0.603413
binom	1	0.8	0.2	0.11229	0.619392
binom	1	0.9	0.2	0.10236	0.636481
