binom	1	0	0.2	0.19604	0.500223
binom	1	0.01	0.2	0.19608	0.50215
binom	1	0.02	0.2	0.1945	0.503125
binom	1	0.03	0.2	0.19631	0.505345
binom	1	0.05	0.2	0.19369	0.508585
binom	1	0.07	0.2	0.19384	0.51196
binom	1	0.08	0.2	0.19349	0.513822
binom	1	0.1	0.2	0.19413	0.517184
binom	1	0.2	0.2	0.19109	0.533926
binom	1	0.3	0.2	0.18651	0.551277
binom	1	0.4	0.2	0.17969	0.568298
binom	1	0.5	0.2	0.17001	0.586428
binom	1	0.6	0.2	0.16344	0.603885
binom	1	0.7	0.2	0.14998	0.623404
binom	1	0.8	0.2	0.13936	0.64222
binom	1	0.9	0.2	0.13123	0.663803
