binom	1	0	0.2	0.16798	0.499514
binom	1	0.01	0.2	0.16695	0.501151
binom	1	0.02	0.2	0.16868	0.501773
binom	1	0.03	0.2	0.16727	0.503573
binom	1	0.05	0.2	0.16594	0.505958
binom	1	0.07	0.2	0.16798	0.507759
binom	1	0.08	0.2	0.16989	0.508832
binom	1	0.1	0.2	0.16893	0.511196
binom	1	0.2	0.2	0.16536	0.523367
binom	1	0.3	0.2	0.15917	0.534966
binom	1	0.4	0.2	0.15417	0.546306
binom	1	0.5	0.2	0.14439	0.558264
binom	1	0.6	0.2	0.13639	0.570576
binom	1	0.7	0.2	0.12685	0.582533
binom	1	0.8	0.2	0.11741	0.595958
binom	1	0.9	0.2	0.10674	0.608728
