binom	1	0	0.05	0.05555	0.500198
binom	1	0.01	0.05	0.05584	0.502185
binom	1	0.02	0.05	0.05496	0.503761
binom	1	0.03	0.05	0.05592	0.504401
binom	1	0.05	0.05	0.05421	0.507427
binom	1	0.07	0.05	0.0556	0.509486
binom	1	0.08	0.05	0.05528	0.510986
binom	1	0.1	0.05	0.05439	0.514501
binom	1	0.2	0.05	0.05358	0.527139
binom	1	0.3	0.05	0.05171	0.541528
binom	1	0.4	0.05	0.0484	0.555541
binom	1	0.5	0.05	0.04596	0.569617
binom	1	0.6	0.05	0.0429	0.582809
binom	1	0.7	0.05	0.03926	0.597761
binom	1	0.8	0.05	0.0363	0.613311
binom	1	0.9	0.05	0.03294	0.627605
