binom	1	0	0.05	0.05174	0.500267
binom	1	0.01	0.05	0.05188	0.501559
binom	1	0.02	0.05	0.05196	0.502808
binom	1	0.03	0.05	0.05235	0.501605
binom	1	0.05	0.05	0.05185	0.504203
binom	1	0.07	0.05	0.05178	0.506209
binom	1	0.08	0.05	0.05068	0.50679
binom	1	0.1	0.05	0.05081	0.509992
binom	1	0.2	0.05	0.04933	0.519276
binom	1	0.3	0.05	0.04733	0.529385
binom	1	0.4	0.05	0.04615	0.539824
binom	1	0.5	0.05	0.04269	0.549159
binom	1	0.6	0.05	0.0397	0.55938
binom	1	0.7	0.05	0.03722	0.568807
binom	1	0.8	0.05	0.03458	0.578323
binom	1	0.9	0.05	0.03163	0.589557
