binom	1	0	0.05	0.05184	0.499446
binom	1	0.01	0.05	0.05292	0.500669
binom	1	0.02	0.05	0.05167	0.502144
binom	1	0.03	0.05	0.05073	0.502612
binom	1	0.05	0.05	0.05119	0.503753
binom	1	0.07	0.05	0.05211	0.505581
binom	1	0.08	0.05	0.05081	0.507459
binom	1	0.1	0.05	0.05121	0.508387
binom	1	0.2	0.05	0.05038	0.517829
binom	1	0.3	0.05	0.04813	0.528733
binom	1	0.4	0.05	0.04616	0.537788
binom	1	0.5	0.05	0.04234	0.54872
binom	1	0.6	0.05	0.03952	0.556561
binom	1	0.7	0.05	0.03618	0.568173
binom	1	0.8	0.05	0.03422	0.575961
binom	1	0.9	0.05	0.03075	0.589015
