binom	1	0	0.05	0.04571	0.500238
binom	1	0.01	0.05	0.04537	0.503637
binom	1	0.02	0.05	0.04406	0.507587
binom	1	0.03	0.05	0.04551	0.511822
binom	1	0.05	0.05	0.04314	0.5194
binom	1	0.07	0.05	0.04429	0.526898
binom	1	0.08	0.05	0.0445	0.528596
binom	1	0.1	0.05	0.04322	0.537649
binom	1	0.2	0.05	0.044	0.576211
binom	1	0.3	0.05	0.04137	0.61308
binom	1	0.4	0.05	0.03891	0.651884
binom	1	0.5	0.05	0.03666	0.692332
binom	1	0.6	0.05	0.03311	0.731302
binom	1	0.7	0.05	0.03202	0.771793
binom	1	0.8	0.05	0.02763	0.814976
binom	1	0.9	0.05	0.02514	0.856142
