binom	1	0	0.05	0.03671	0.498003
binom	1	0.01	0.05	0.03712	0.503047
binom	1	0.02	0.05	0.03546	0.504625
binom	1	0.03	0.05	0.03683	0.508558
binom	1	0.05	0.05	0.03776	0.511115
binom	1	0.07	0.05	0.03702	0.516545
binom	1	0.08	0.05	0.03693	0.519377
binom	1	0.1	0.05	0.03527	0.52611
binom	1	0.2	0.05	0.0351	0.549647
binom	1	0.3	0.05	0.03375	0.57491
binom	1	0.4	0.05	0.03126	0.600224
binom	1	0.5	0.05	0.02947	0.625599
binom	1	0.6	0.05	0.02661	0.654806
binom	1	0.7	0.05	0.02424	0.68099
binom	1	0.8	0.05	0.02212	0.70934
binom	1	0.9	0.05	0.01942	0.738579
