binom	1	0	0.05	0.0827	0.499081
binom	1	0.01	0.05	0.08176	0.501588
binom	1	0.02	0.05	0.08111	0.503418
binom	1	0.03	0.05	0.08272	0.50311
binom	1	0.05	0.05	0.08048	0.507514
binom	1	0.07	0.05	0.08314	0.510415
binom	1	0.08	0.05	0.07936	0.511639
binom	1	0.1	0.05	0.07969	0.513888
binom	1	0.2	0.05	0.07849	0.528424
binom	1	0.3	0.05	0.07577	0.542382
binom	1	0.4	0.05	0.07295	0.557065
binom	1	0.5	0.05	0.06823	0.571754
binom	1	0.6	0.05	0.06179	0.586603
binom	1	0.7	0.05	0.05837	0.600882
binom	1	0.8	0.05	0.05163	0.617478
binom	1	0.9	0.05	0.0469	0.632386
