binom	1	0	0.05	0.04581	0.499472
binom	1	0.01	0.05	0.04695	0.500236
binom	1	0.02	0.05	0.04782	0.502411
binom	1	0.03	0.05	0.04743	0.502001
binom	1	0.05	0.05	0.04749	0.504542
binom	1	0.07	0.05	0.04576	0.506112
binom	1	0.08	0.05	0.04706	0.507597
binom	1	0.1	0.05	0.0476	0.508124
binom	1	0.2	0.05	0.04488	0.51711
binom	1	0.3	0.05	0.04494	0.524433
binom	1	0.4	0.05	0.04204	0.529869
binom	1	0.5	0.05	0.03957	0.53996
binom	1	0.6	0.05	0.036	0.546475
binom	1	0.7	0.05	0.03545	0.552412
binom	1	0.8	0.05	0.03058	0.557891
binom	1	0.9	0.05	0.02799	0.56547
