binom	1	0	0.05	0.04652	0.499301
binom	1	0.01	0.05	0.0463	0.499929
binom	1	0.02	0.05	0.0477	0.500759
binom	1	0.03	0.05	0.04744	0.501252
binom	1	0.05	0.05	0.04681	0.504433
binom	1	0.07	0.05	0.04563	0.504859
binom	1	0.08	0.05	0.04662	0.505133
binom	1	0.1	0.05	0.0456	0.508042
binom	1	0.2	0.05	0.04576	0.515083
binom	1	0.3	0.05	0.04376	0.523378
binom	1	0.4	0.05	0.04125	0.528863
binom	1	0.5	0.05	0.03858	0.5371
binom	1	0.6	0.05	0.03621	0.54343
binom	1	0.7	0.05	0.03526	0.548695
binom	1	0.8	0.05	0.03074	0.556074
binom	1	0.9	0.05	0.02779	0.560702
