binom	1	0	0.01	0.01509	0.497396
binom	1	0.01	0.01	0.01553	0.499028
binom	1	0.02	0.01	0.01497	0.501663
binom	1	0.03	0.01	0.01499	0.499953
binom	1	0.05	0.01	0.01559	0.503509
binom	1	0.07	0.01	0.01548	0.502519
binom	1	0.08	0.01	0.01588	0.504591
binom	1	0.1	0.01	0.01572	0.508798
binom	1	0.2	0.01	0.01493	0.513423
binom	1	0.3	0.01	0.01467	0.518766
binom	1	0.4	0.01	0.01421	0.521478
binom	1	0.5	0.01	0.01423	0.527554
binom	1	0.6	0.01	0.01334	0.533283
binom	1	0.7	0.01	0.0133	0.536594
binom	1	0.8	0.01	0.01291	0.540651
binom	1	0.9	0.01	0.01198	0.546244
