binom	1	0	0.05	0.04769	0.499119
binom	1	0.01	0.05	0.04707	0.501105
binom	1	0.02	0.05	0.04824	0.500806
binom	1	0.03	0.05	0.04716	0.502894
binom	1	0.05	0.05	0.04831	0.503113
binom	1	0.07	0.05	0.04628	0.502632
binom	1	0.08	0.05	0.04782	0.503963
binom	1	0.1	0.05	0.04684	0.503303
binom	1	0.2	0.05	0.04603	0.509509
binom	1	0.3	0.05	0.04557	0.515537
binom	1	0.4	0.05	0.0432	0.518407
binom	1	0.5	0.05	0.03949	0.523733
binom	1	0.6	0.05	0.03849	0.52709
binom	1	0.7	0.05	0.03521	0.531383
binom	1	0.8	0.05	0.03059	0.534681
binom	1	0.9	0.05	0.02876	0.53968
