binom	1	0	0	0.0085
binom	1	0.1	0	0.011
binom	1	0.2	0	0.01
binom	1	0.3	0	0.01
binom	1	0.4	0	0.011
binom	1	0.5	0	0.014
binom	1	0.6	0	0.013
binom	1	0.7	0	0.0035
binom	1	0.8	0	0.004
binom	1	0.9	0	0.002
binom	1	0	0.05	0.0495
binom	1	0.1	0.05	0.0405
binom	1	0.2	0.05	0.0435
binom	1	0.3	0.05	0.0395
binom	1	0.4	0.05	0.042
binom	1	0.5	0.05	0.0305
binom	1	0.6	0.05	0.022
binom	1	0.7	0.05	0.0225
binom	1	0.8	0.05	0.01
binom	1	0.9	0.05	0.0075
binom	1	0	0.1	0.086
binom	1	0.1	0.1	0.094
binom	1	0.2	0.1	0.0835
binom	1	0.3	0.1	0.08
binom	1	0.4	0.1	0.078
binom	1	0.5	0.1	0.0645
binom	1	0.6	0.1	0.0655
binom	1	0.7	0.1	0.041
binom	1	0.8	0.1	0.0275
binom	1	0.9	0.1	0.02
binom	1	0	0.2	0.145
binom	1	0.1	0.2	0.173
binom	1	0.2	0.2	0.1655
binom	1	0.3	0.2	0.1525
binom	1	0.4	0.2	0.149
binom	1	0.5	0.2	0.1375
binom	1	0.6	0.2	0.125
binom	1	0.7	0.2	0.123
binom	1	0.8	0.2	0.0925
binom	1	0.9	0.2	0.0755
