binom	1	0	0	0.0125
binom	1	0.1	0	0.011
binom	1	0.2	0	0.013
binom	1	0.3	0	0.01
binom	1	0.4	0	0.011
binom	1	0.5	0	0.008
binom	1	0.6	0	0.007
binom	1	0.7	0	0.0065
binom	1	0.8	0	0.003
binom	1	0.9	0	0.001
binom	1	0	0.05	0.0475
binom	1	0.1	0.05	0.0445
binom	1	0.2	0.05	0.041
binom	1	0.3	0.05	0.038
binom	1	0.4	0.05	0.0345
binom	1	0.5	0.05	0.0365
binom	1	0.6	0.05	0.0235
binom	1	0.7	0.05	0.0195
binom	1	0.8	0.05	0.012
binom	1	0.9	0.05	0.006
binom	1	0	0.1	0.092
binom	1	0.1	0.1	0.084
binom	1	0.2	0.1	0.1025
binom	1	0.3	0.1	0.089
binom	1	0.4	0.1	0.086
binom	1	0.5	0.1	0.08
binom	1	0.6	0.1	0.0665
binom	1	0.7	0.1	0.0535
binom	1	0.8	0.1	0.035
binom	1	0.9	0.1	0.017
binom	1	0	0.2	0.175
binom	1	0.1	0.2	0.163
binom	1	0.2	0.2	0.149
binom	1	0.3	0.2	0.1585
binom	1	0.4	0.2	0.1585
binom	1	0.5	0.2	0.128
binom	1	0.6	0.2	0.1395
binom	1	0.7	0.2	0.131
binom	1	0.8	0.2	0.1175
binom	1	0.9	0.2	0.0815
