binom	1	0	0	0.0065
binom	1	0.1	0	0.0105
binom	1	0.2	0	0.0145
binom	1	0.3	0	0.0125
binom	1	0.4	0	0.009
binom	1	0.5	0	0.0095
binom	1	0.6	0	0.0125
binom	1	0.7	0	0.006
binom	1	0.8	0	0.0055
binom	1	0.9	0	0
binom	1	0	0.05	0.0475
binom	1	0.1	0.05	0.0425
binom	1	0.2	0.05	0.0435
binom	1	0.3	0.05	0.044
binom	1	0.4	0.05	0.04
binom	1	0.5	0.05	0.0335
binom	1	0.6	0.05	0.026
binom	1	0.7	0.05	0.0205
binom	1	0.8	0.05	0.0105
binom	1	0.9	0.05	0.0035
binom	1	0	0.1	0.096
binom	1	0.1	0.1	0.096
binom	1	0.2	0.1	0.0905
binom	1	0.3	0.1	0.0805
binom	1	0.4	0.1	0.0775
binom	1	0.5	0.1	0.068
binom	1	0.6	0.1	0.0525
binom	1	0.7	0.1	0.055
binom	1	0.8	0.1	0.0405
binom	1	0.9	0.1	0.021
binom	1	0	0.2	0.1635
binom	1	0.1	0.2	0.1705
binom	1	0.2	0.2	0.1645
binom	1	0.3	0.2	0.155
binom	1	0.4	0.2	0.1615
binom	1	0.5	0.2	0.137
binom	1	0.6	0.2	0.1395
binom	1	0.7	0.2	0.1245
binom	1	0.8	0.2	0.125
binom	1	0.9	0.2	0.0725
