binom	1	0	0	0.0096
binom	1	0.1	0	0.0098
binom	1	0.2	0	0.011
binom	1	0.3	0	0.0104
binom	1	0.4	0	0.0076
binom	1	0.5	0	0.0084
binom	1	0.6	0	0.0072
binom	1	0.7	0	0.0074
binom	1	0.8	0	0.0092
binom	1	0.9	0	0.0078
binom	1	1	0	0.0084
binom	1	0	0.05	0.0452
binom	1	0.1	0.05	0.0474
binom	1	0.2	0.05	0.047
binom	1	0.3	0.05	0.0454
binom	1	0.4	0.05	0.0416
binom	1	0.5	0.05	0.0342
binom	1	0.6	0.05	0.0408
binom	1	0.7	0.05	0.0288
binom	1	0.8	0.05	0.031
binom	1	0.9	0.05	0.0286
binom	1	1	0.05	0.0256
binom	1	0	0.1	0.092
binom	1	0.1	0.1	0.088
binom	1	0.2	0.1	0.0952
binom	1	0.3	0.1	0.087
binom	1	0.4	0.1	0.0838
binom	1	0.5	0.1	0.079
binom	1	0.6	0.1	0.065
binom	1	0.7	0.1	0.066
binom	1	0.8	0.1	0.062
binom	1	0.9	0.1	0.0578
binom	1	1	0.1	0.049
binom	1	0	0.2	0.1702
binom	1	0.1	0.2	0.162
binom	1	0.2	0.2	0.1614
binom	1	0.3	0.2	0.1544
binom	1	0.4	0.2	0.1532
binom	1	0.5	0.2	0.1416
binom	1	0.6	0.2	0.132
binom	1	0.7	0.2	0.1332
binom	1	0.8	0.2	0.11
binom	1	0.9	0.2	0.106
binom	1	1	0.2	0.1018
