binom	1	0	0	0.012
binom	1	0.1	0	0.0126
binom	1	0.2	0	0.01
binom	1	0.3	0	0.009
binom	1	0.4	0	0.0094
binom	1	0.5	0	0.0106
binom	1	0.6	0	0.0092
binom	1	0.7	0	0.0074
binom	1	0.8	0	0.0092
binom	1	0.9	0	0.0078
binom	1	1	0	0.0068
binom	1	0	0.05	0.05
binom	1	0.1	0.05	0.0456
binom	1	0.2	0.05	0.0432
binom	1	0.3	0.05	0.0448
binom	1	0.4	0.05	0.0384
binom	1	0.5	0.05	0.039
binom	1	0.6	0.05	0.038
binom	1	0.7	0.05	0.0308
binom	1	0.8	0.05	0.0334
binom	1	0.9	0.05	0.0286
binom	1	1	0.05	0.0308
binom	1	0	0.1	0.0936
binom	1	0.1	0.1	0.0888
binom	1	0.2	0.1	0.0846
binom	1	0.3	0.1	0.082
binom	1	0.4	0.1	0.0786
binom	1	0.5	0.1	0.074
binom	1	0.6	0.1	0.0658
binom	1	0.7	0.1	0.0694
binom	1	0.8	0.1	0.0568
binom	1	0.9	0.1	0.0554
binom	1	1	0.1	0.0504
binom	1	0	0.2	0.1656
binom	1	0.1	0.2	0.1646
binom	1	0.2	0.2	0.1626
binom	1	0.3	0.2	0.16
binom	1	0.4	0.2	0.1464
binom	1	0.5	0.2	0.1494
binom	1	0.6	0.2	0.1296
binom	1	0.7	0.2	0.13
binom	1	0.8	0.2	0.1138
binom	1	0.9	0.2	0.1104
binom	1	1	0.2	0.1014
