binom	1	0	0	0.008
binom	1	0.1	0	0.006
binom	1	0.2	0	0.012
binom	1	0.3	0	0.009
binom	1	0.4	0	0.006
binom	1	0.5	0	0.008
binom	1	0.6	0	0.009
binom	1	0.7	0	0.008
binom	1	0.8	0	0.004
binom	1	0.9	0	0.0005
binom	1	0	0.05	0.0365
binom	1	0.1	0.05	0.0425
binom	1	0.2	0.05	0.051
binom	1	0.3	0.05	0.0385
binom	1	0.4	0.05	0.0455
binom	1	0.5	0.05	0.033
binom	1	0.6	0.05	0.03
binom	1	0.7	0.05	0.018
binom	1	0.8	0.05	0.01
binom	1	0.9	0.05	0.0055
binom	1	0	0.1	0.098
binom	1	0.1	0.1	0.0935
binom	1	0.2	0.1	0.0855
binom	1	0.3	0.1	0.0795
binom	1	0.4	0.1	0.0775
binom	1	0.5	0.1	0.074
binom	1	0.6	0.1	0.0695
binom	1	0.7	0.1	0.0535
binom	1	0.8	0.1	0.0385
binom	1	0.9	0.1	0.0195
binom	1	0	0.2	0.176
binom	1	0.1	0.2	0.157
binom	1	0.2	0.2	0.1595
binom	1	0.3	0.2	0.1665
binom	1	0.4	0.2	0.159
binom	1	0.5	0.2	0.1375
binom	1	0.6	0.2	0.14
binom	1	0.7	0.2	0.1295
binom	1	0.8	0.2	0.115
binom	1	0.9	0.2	0.0875
