binom	1	0	0	0.0104
binom	1	0.1	0	0.0092
binom	1	0.2	0	0.0098
binom	1	0.3	0	0.009
binom	1	0.4	0	0.0062
binom	1	0.5	0	0.0098
binom	1	0.6	0	0.0106
binom	1	0.7	0	0.0084
binom	1	0.8	0	0.0066
binom	1	0.9	0	0.0052
binom	1	1	0	0.0068
binom	1	0	0.05	0.0444
binom	1	0.1	0.05	0.0468
binom	1	0.2	0.05	0.0414
binom	1	0.3	0.05	0.0466
binom	1	0.4	0.05	0.0472
binom	1	0.5	0.05	0.0402
binom	1	0.6	0.05	0.03
binom	1	0.7	0.05	0.0356
binom	1	0.8	0.05	0.0316
binom	1	0.9	0.05	0.0274
binom	1	1	0.05	0.0226
binom	1	0	0.1	0.097
binom	1	0.1	0.1	0.0928
binom	1	0.2	0.1	0.0916
binom	1	0.3	0.1	0.0868
binom	1	0.4	0.1	0.0834
binom	1	0.5	0.1	0.0768
binom	1	0.6	0.1	0.0684
binom	1	0.7	0.1	0.0606
binom	1	0.8	0.1	0.0642
binom	1	0.9	0.1	0.0574
binom	1	1	0.1	0.049
binom	1	0	0.2	0.1702
binom	1	0.1	0.2	0.1706
binom	1	0.2	0.2	0.1636
binom	1	0.3	0.2	0.1544
binom	1	0.4	0.2	0.1442
binom	1	0.5	0.2	0.14
binom	1	0.6	0.2	0.1332
binom	1	0.7	0.2	0.1272
binom	1	0.8	0.2	0.116
binom	1	0.9	0.2	0.103
binom	1	1	0.2	0.0924
