binom	1	0	0	0.008
binom	1	0.1	0	0.0115
binom	1	0.2	0	0.0095
binom	1	0.3	0	0.018
binom	1	0.4	0	0.0155
binom	1	0.5	0	0.007
binom	1	0.6	0	0.006
binom	1	0.7	0	0.0035
binom	1	0.8	0	0.001
binom	1	0.9	0	0.0015
binom	1	0	0.05	0.047
binom	1	0.1	0.05	0.0475
binom	1	0.2	0.05	0.044
binom	1	0.3	0.05	0.0375
binom	1	0.4	0.05	0.0455
binom	1	0.5	0.05	0.032
binom	1	0.6	0.05	0.0305
binom	1	0.7	0.05	0.019
binom	1	0.8	0.05	0.012
binom	1	0.9	0.05	0.0045
binom	1	0	0.1	0.0865
binom	1	0.1	0.1	0.074
binom	1	0.2	0.1	0.084
binom	1	0.3	0.1	0.085
binom	1	0.4	0.1	0.0765
binom	1	0.5	0.1	0.0865
binom	1	0.6	0.1	0.0565
binom	1	0.7	0.1	0.0505
binom	1	0.8	0.1	0.0335
binom	1	0.9	0.1	0.0155
binom	1	0	0.2	0.173
binom	1	0.1	0.2	0.1675
binom	1	0.2	0.2	0.1535
binom	1	0.3	0.2	0.161
binom	1	0.4	0.2	0.158
binom	1	0.5	0.2	0.1625
binom	1	0.6	0.2	0.1275
binom	1	0.7	0.2	0.132
binom	1	0.8	0.2	0.094
binom	1	0.9	0.2	0.0745
