binom	1	0	0	0.0105
binom	1	0.1	0	0.011
binom	1	0.2	0	0.0095
binom	1	0.3	0	0.015
binom	1	0.4	0	0.0125
binom	1	0.5	0	0.0095
binom	1	0.6	0	0.0095
binom	1	0.7	0	0.0065
binom	1	0.8	0	0.003
binom	1	0.9	0	0.0005
binom	1	0	0.05	0.052
binom	1	0.1	0.05	0.051
binom	1	0.2	0.05	0.0475
binom	1	0.3	0.05	0.043
binom	1	0.4	0.05	0.0405
binom	1	0.5	0.05	0.034
binom	1	0.6	0.05	0.027
binom	1	0.7	0.05	0.023
binom	1	0.8	0.05	0.014
binom	1	0.9	0.05	0.004
binom	1	0	0.1	0.103
binom	1	0.1	0.1	0.097
binom	1	0.2	0.1	0.0975
binom	1	0.3	0.1	0.085
binom	1	0.4	0.1	0.0835
binom	1	0.5	0.1	0.069
binom	1	0.6	0.1	0.066
binom	1	0.7	0.1	0.047
binom	1	0.8	0.1	0.03
binom	1	0.9	0.1	0.0215
binom	1	0	0.2	0.165
binom	1	0.1	0.2	0.17
binom	1	0.2	0.2	0.183
binom	1	0.3	0.2	0.157
binom	1	0.4	0.2	0.1475
binom	1	0.5	0.2	0.148
binom	1	0.6	0.2	0.1375
binom	1	0.7	0.2	0.1305
binom	1	0.8	0.2	0.1075
binom	1	0.9	0.2	0.077
