binom	1	0	0	0.0095
binom	1	0.1	0	0.0135
binom	1	0.2	0	0.012
binom	1	0.3	0	0.0125
binom	1	0.4	0	0.01
binom	1	0.5	0	0.008
binom	1	0.6	0	0.0065
binom	1	0.7	0	0.008
binom	1	0.8	0	0.0035
binom	1	0.9	0	0.0015
binom	1	0	0.05	0.0525
binom	1	0.1	0.05	0.048
binom	1	0.2	0.05	0.05
binom	1	0.3	0.05	0.0585
binom	1	0.4	0.05	0.043
binom	1	0.5	0.05	0.0355
binom	1	0.6	0.05	0.021
binom	1	0.7	0.05	0.021
binom	1	0.8	0.05	0.016
binom	1	0.9	0.05	0.0075
binom	1	0	0.1	0.0805
binom	1	0.1	0.1	0.091
binom	1	0.2	0.1	0.0905
binom	1	0.3	0.1	0.08
binom	1	0.4	0.1	0.0795
binom	1	0.5	0.1	0.0735
binom	1	0.6	0.1	0.0585
binom	1	0.7	0.1	0.049
binom	1	0.8	0.1	0.0315
binom	1	0.9	0.1	0.0145
binom	1	0	0.2	0.163
binom	1	0.1	0.2	0.1625
binom	1	0.2	0.2	0.148
binom	1	0.3	0.2	0.179
binom	1	0.4	0.2	0.1465
binom	1	0.5	0.2	0.14
binom	1	0.6	0.2	0.123
binom	1	0.7	0.2	0.116
binom	1	0.8	0.2	0.1065
binom	1	0.9	0.2	0.0815
