binom	1	0	0	0.0086
binom	1	0.1	0	0.0094
binom	1	0.2	0	0.0088
binom	1	0.3	0	0.012
binom	1	0.4	0	0.0092
binom	1	0.5	0	0.0072
binom	1	0.6	0	0.0088
binom	1	0.7	0	0.0076
binom	1	0.8	0	0.0078
binom	1	0.9	0	0.0066
binom	1	1	0	0.0074
binom	1	0	0.05	0.0472
binom	1	0.1	0.05	0.0474
binom	1	0.2	0.05	0.0456
binom	1	0.3	0.05	0.0428
binom	1	0.4	0.05	0.0494
binom	1	0.5	0.05	0.0364
binom	1	0.6	0.05	0.0354
binom	1	0.7	0.05	0.0358
binom	1	0.8	0.05	0.03
binom	1	0.9	0.05	0.0336
binom	1	1	0.05	0.028
binom	1	0	0.1	0.0916
binom	1	0.1	0.1	0.0872
binom	1	0.2	0.1	0.0802
binom	1	0.3	0.1	0.0864
binom	1	0.4	0.1	0.0788
binom	1	0.5	0.1	0.0684
binom	1	0.6	0.1	0.0722
binom	1	0.7	0.1	0.0674
binom	1	0.8	0.1	0.0604
binom	1	0.9	0.1	0.05
binom	1	1	0.1	0.0552
binom	1	0	0.2	0.1694
binom	1	0.1	0.2	0.1688
binom	1	0.2	0.2	0.168
binom	1	0.3	0.2	0.1546
binom	1	0.4	0.2	0.145
binom	1	0.5	0.2	0.1444
binom	1	0.6	0.2	0.1344
binom	1	0.7	0.2	0.1316
binom	1	0.8	0.2	0.1154
binom	1	0.9	0.2	0.1062
binom	1	1	0.2	0.1068
