binom	1	0	0	0.0125
binom	1	0.1	0	0.0115
binom	1	0.2	0	0.0125
binom	1	0.3	0	0.012
binom	1	0.4	0	0.012
binom	1	0.5	0	0.0115
binom	1	0.6	0	0.009
binom	1	0.7	0	0.007
binom	1	0.8	0	0.002
binom	1	0.9	0	0
binom	1	0	0.05	0.0625
binom	1	0.1	0.05	0.047
binom	1	0.2	0.05	0.0445
binom	1	0.3	0.05	0.04
binom	1	0.4	0.05	0.0405
binom	1	0.5	0.05	0.045
binom	1	0.6	0.05	0.0345
binom	1	0.7	0.05	0.023
binom	1	0.8	0.05	0.011
binom	1	0.9	0.05	0.0055
binom	1	0	0.1	0.089
binom	1	0.1	0.1	0.091
binom	1	0.2	0.1	0.085
binom	1	0.3	0.1	0.095
binom	1	0.4	0.1	0.0865
binom	1	0.5	0.1	0.078
binom	1	0.6	0.1	0.0615
binom	1	0.7	0.1	0.0535
binom	1	0.8	0.1	0.0305
binom	1	0.9	0.1	0.0215
binom	1	0	0.2	0.1645
binom	1	0.1	0.2	0.182
binom	1	0.2	0.2	0.1605
binom	1	0.3	0.2	0.1585
binom	1	0.4	0.2	0.1525
binom	1	0.5	0.2	0.1435
binom	1	0.6	0.2	0.1435
binom	1	0.7	0.2	0.116
binom	1	0.8	0.2	0.1045
binom	1	0.9	0.2	0.0755
