binom	1	0	0	0.0085
binom	1	0.1	0	0.009
binom	1	0.2	0	0.0115
binom	1	0.3	0	0.0085
binom	1	0.4	0	0.011
binom	1	0.5	0	0.0115
binom	1	0.6	0	0.0075
binom	1	0.7	0	0.0065
binom	1	0.8	0	0.0025
binom	1	0.9	0	0
binom	1	0	0.05	0.046
binom	1	0.1	0.05	0.046
binom	1	0.2	0.05	0.0495
binom	1	0.3	0.05	0.0435
binom	1	0.4	0.05	0.039
binom	1	0.5	0.05	0.035
binom	1	0.6	0.05	0.0335
binom	1	0.7	0.05	0.0195
binom	1	0.8	0.05	0.0155
binom	1	0.9	0.05	0.0055
binom	1	0	0.1	0.0865
binom	1	0.1	0.1	0.099
binom	1	0.2	0.1	0.08
binom	1	0.3	0.1	0.089
binom	1	0.4	0.1	0.0865
binom	1	0.5	0.1	0.073
binom	1	0.6	0.1	0.062
binom	1	0.7	0.1	0.041
binom	1	0.8	0.1	0.033
binom	1	0.9	0.1	0.019
binom	1	0	0.2	0.169
binom	1	0.1	0.2	0.186
binom	1	0.2	0.2	0.1535
binom	1	0.3	0.2	0.1625
binom	1	0.4	0.2	0.148
binom	1	0.5	0.2	0.145
binom	1	0.6	0.2	0.148
binom	1	0.7	0.2	0.111
binom	1	0.8	0.2	0.1025
binom	1	0.9	0.2	0.075
