binom	1	0	0	0.009
binom	1	0.1	0	0.0125
binom	1	0.2	0	0.0115
binom	1	0.3	0	0.0105
binom	1	0.4	0	0.015
binom	1	0.5	0	0.0085
binom	1	0.6	0	0.011
binom	1	0.7	0	0.007
binom	1	0.8	0	0.004
binom	1	0.9	0	0.0005
binom	1	0	0.05	0.0515
binom	1	0.1	0.05	0.0515
binom	1	0.2	0.05	0.047
binom	1	0.3	0.05	0.0405
binom	1	0.4	0.05	0.035
binom	1	0.5	0.05	0.031
binom	1	0.6	0.05	0.0245
binom	1	0.7	0.05	0.0235
binom	1	0.8	0.05	0.014
binom	1	0.9	0.05	0.006
binom	1	0	0.1	0.0995
binom	1	0.1	0.1	0.1045
binom	1	0.2	0.1	0.0815
binom	1	0.3	0.1	0.082
binom	1	0.4	0.1	0.0775
binom	1	0.5	0.1	0.068
binom	1	0.6	0.1	0.06
binom	1	0.7	0.1	0.0485
binom	1	0.8	0.1	0.03
binom	1	0.9	0.1	0.019
binom	1	0	0.2	0.165
binom	1	0.1	0.2	0.1695
binom	1	0.2	0.2	0.1615
binom	1	0.3	0.2	0.148
binom	1	0.4	0.2	0.1555
binom	1	0.5	0.2	0.147
binom	1	0.6	0.2	0.1105
binom	1	0.7	0.2	0.133
binom	1	0.8	0.2	0.1065
binom	1	0.9	0.2	0.074
