binom	1	0	0	0.009
binom	1	0.1	0	0.0125
binom	1	0.2	0	0.0125
binom	1	0.3	0	0.0105
binom	1	0.4	0	0.011
binom	1	0.5	0	0.0115
binom	1	0.6	0	0.011
binom	1	0.7	0	0.0035
binom	1	0.8	0	0.002
binom	1	0.9	0	0.001
binom	1	0	0.05	0.0495
binom	1	0.1	0.05	0.04
binom	1	0.2	0.05	0.048
binom	1	0.3	0.05	0.0485
binom	1	0.4	0.05	0.035
binom	1	0.5	0.05	0.032
binom	1	0.6	0.05	0.0295
binom	1	0.7	0.05	0.0235
binom	1	0.8	0.05	0.0155
binom	1	0.9	0.05	0.004
binom	1	0	0.1	0.092
binom	1	0.1	0.1	0.099
binom	1	0.2	0.1	0.086
binom	1	0.3	0.1	0.076
binom	1	0.4	0.1	0.075
binom	1	0.5	0.1	0.0755
binom	1	0.6	0.1	0.0685
binom	1	0.7	0.1	0.041
binom	1	0.8	0.1	0.0335
binom	1	0.9	0.1	0.0245
binom	1	0	0.2	0.183
binom	1	0.1	0.2	0.176
binom	1	0.2	0.2	0.1715
binom	1	0.3	0.2	0.172
binom	1	0.4	0.2	0.147
binom	1	0.5	0.2	0.1455
binom	1	0.6	0.2	0.1405
binom	1	0.7	0.2	0.1225
binom	1	0.8	0.2	0.101
binom	1	0.9	0.2	0.082
