binom	1	0	0	0.011
binom	1	0.1	0	0.0115
binom	1	0.2	0	0.014
binom	1	0.3	0	0.0125
binom	1	0.4	0	0.008
binom	1	0.5	0	0.0125
binom	1	0.6	0	0.0055
binom	1	0.7	0	0.006
binom	1	0.8	0	0.0025
binom	1	0.9	0	0.001
binom	1	0	0.05	0.0535
binom	1	0.1	0.05	0.054
binom	1	0.2	0.05	0.0425
binom	1	0.3	0.05	0.05
binom	1	0.4	0.05	0.0415
binom	1	0.5	0.05	0.03
binom	1	0.6	0.05	0.021
binom	1	0.7	0.05	0.0215
binom	1	0.8	0.05	0.012
binom	1	0.9	0.05	0.0085
binom	1	0	0.1	0.084
binom	1	0.1	0.1	0.097
binom	1	0.2	0.1	0.0855
binom	1	0.3	0.1	0.086
binom	1	0.4	0.1	0.0775
binom	1	0.5	0.1	0.0785
binom	1	0.6	0.1	0.0605
binom	1	0.7	0.1	0.045
binom	1	0.8	0.1	0.034
binom	1	0.9	0.1	0.0135
binom	1	0	0.2	0.1605
binom	1	0.1	0.2	0.165
binom	1	0.2	0.2	0.1755
binom	1	0.3	0.2	0.1365
binom	1	0.4	0.2	0.162
binom	1	0.5	0.2	0.144
binom	1	0.6	0.2	0.1245
binom	1	0.7	0.2	0.118
binom	1	0.8	0.2	0.0955
binom	1	0.9	0.2	0.0825
