binom	1	0	0	0.012
binom	1	0.1	0	0.011
binom	1	0.2	0	0.014
binom	1	0.3	0	0.0135
binom	1	0.4	0	0.009
binom	1	0.5	0	0.012
binom	1	0.6	0	0.0095
binom	1	0.7	0	0.004
binom	1	0.8	0	0.004
binom	1	0.9	0	0.001
binom	1	0	0.05	0.049
binom	1	0.1	0.05	0.0475
binom	1	0.2	0.05	0.051
binom	1	0.3	0.05	0.0445
binom	1	0.4	0.05	0.0445
binom	1	0.5	0.05	0.0355
binom	1	0.6	0.05	0.0255
binom	1	0.7	0.05	0.0195
binom	1	0.8	0.05	0.0155
binom	1	0.9	0.05	0.0065
binom	1	0	0.1	0.0845
binom	1	0.1	0.1	0.0975
binom	1	0.2	0.1	0.081
binom	1	0.3	0.1	0.0895
binom	1	0.4	0.1	0.085
binom	1	0.5	0.1	0.0685
binom	1	0.6	0.1	0.0595
binom	1	0.7	0.1	0.0545
binom	1	0.8	0.1	0.0355
binom	1	0.9	0.1	0.0205
binom	1	0	0.2	0.1685
binom	1	0.1	0.2	0.175
binom	1	0.2	0.2	0.146
binom	1	0.3	0.2	0.1615
binom	1	0.4	0.2	0.144
binom	1	0.5	0.2	0.134
binom	1	0.6	0.2	0.1275
binom	1	0.7	0.2	0.133
binom	1	0.8	0.2	0.1065
binom	1	0.9	0.2	0.0825
