binom	1	0	0	0.011
binom	1	0.1	0	0.0115
binom	1	0.2	0	0.0115
binom	1	0.3	0	0.012
binom	1	0.4	0	0.0095
binom	1	0.5	0	0.012
binom	1	0.6	0	0.0105
binom	1	0.7	0	0.0065
binom	1	0.8	0	0.0045
binom	1	0.9	0	0.001
binom	1	0	0.05	0.042
binom	1	0.1	0.05	0.042
binom	1	0.2	0.05	0.043
binom	1	0.3	0.05	0.04
binom	1	0.4	0.05	0.0355
binom	1	0.5	0.05	0.038
binom	1	0.6	0.05	0.0285
binom	1	0.7	0.05	0.0245
binom	1	0.8	0.05	0.016
binom	1	0.9	0.05	0.0065
binom	1	0	0.1	0.0855
binom	1	0.1	0.1	0.0825
binom	1	0.2	0.1	0.098
binom	1	0.3	0.1	0.0755
binom	1	0.4	0.1	0.0775
binom	1	0.5	0.1	0.072
binom	1	0.6	0.1	0.063
binom	1	0.7	0.1	0.048
binom	1	0.8	0.1	0.034
binom	1	0.9	0.1	0.021
binom	1	0	0.2	0.157
binom	1	0.1	0.2	0.164
binom	1	0.2	0.2	0.176
binom	1	0.3	0.2	0.156
binom	1	0.4	0.2	0.1465
binom	1	0.5	0.2	0.1385
binom	1	0.6	0.2	0.139
binom	1	0.7	0.2	0.1215
binom	1	0.8	0.2	0.092
binom	1	0.9	0.2	0.0885
