0 1
0 2
0 22
1 2
1 22
1 83
1 76
2 22
3 98
3 7
3 36
3 99
3 31
3 39
3 24
3 63
3 77
3 17
3 19
3 35
3 28
3 88
3 41
3 26
3 16
3 32
3 58
3 43
3 48
3 85
3 45
3 79
3 94
3 90
3 81
3 68
3 72
3 97
3 23
3 52
3 95
3 86
3 27
3 73
3 87
3 59
3 25
3 53
3 80
3 18
3 74
3 75
3 40
3 65
3 60
3 83
3 46
3 67
3 62
4 61
4 71
4 49
4 51
4 20
4 29
4 75
4 62
4 69
4 53
4 95
4 85
4 66
4 37
4 16
4 58
4 12
4 52
4 56
4 8
5 80
5 55
5 74
5 81
5 78
5 38
5 45
5 46
5 65
5 40
5 72
5 79
5 27
5 44
5 92
5 26
5 18
5 28
5 70
5 17
5 35
5 30
5 39
5 24
5 88
5 14
6 13
6 11
6 33
6 82
6 50
6 15
6 54
6 21
6 84
6 70
6 47
6 92
6 18
6 10
6 57
6 38
6 64
6 59
6 30
6 27
6 68
7 98
7 63
7 31
7 36
7 77
7 24
7 99
7 19
7 39
7 16
7 17
7 85
7 35
7 88
7 58
7 28
7 43
7 32
7 41
7 26
7 48
7 95
7 90
7 94
7 53
7 45
7 68
7 52
7 87
7 86
7 73
7 79
7 75
7 72
7 81
7 25
7 59
7 97
7 27
7 23
7 67
7 62
7 18
7 80
7 61
7 69
7 93
7 74
7 83
7 40
7 8
8 76
8 37
8 52
8 42
8 25
8 94
8 58
8 62
8 48
8 83
8 32
8 75
8 63
8 61
8 31
8 51
8 97
8 98
9 30
9 55
9 92
9 50
10 57
10 84
10 82
10 21
10 15
10 64
10 34
10 54
10 91
10 67
10 93
10 73
10 13
10 86
10 87
10 12
10 59
11 33
11 50
11 13
11 92
11 70
11 54
11 82
11 30
11 15
11 38
11 21
11 18
11 47
11 84
11 59
11 27
12 56
12 93
12 66
12 67
12 69
12 34
12 53
12 49
12 20
12 87
12 71
12 95
12 29
12 64
12 86
12 73
12 85
12 16
12 57
12 75
12 61
13 33
13 82
13 47
13 50
13 84
13 15
13 21
13 54
13 70
13 57
13 92
13 64
14 44
14 78
14 46
14 96
14 65
14 40
14 74
14 23
14 79
15 21
15 54
15 64
15 82
15 34
15 59
15 73
15 57
15 86
15 70
15 84
15 90
15 68
15 18
15 33
15 87
15 67
15 43
15 27
15 93
15 38
15 88
15 72
15 19
15 50
15 77
16 85
16 95
16 53
16 19
16 87
16 43
16 77
16 63
16 86
16 98
16 73
16 67
16 88
16 31
16 24
16 90
16 75
16 36
16 35
16 58
16 93
16 69
16 28
16 68
16 39
16 17
16 99
16 34
16 59
16 61
16 64
16 62
16 71
16 52
16 32
16 48
16 49
16 72
16 45
16 26
16 18
16 27
16 41
16 94
16 54
16 20
17 39
17 24
17 36
17 35
17 28
17 77
17 26
17 99
17 88
17 45
17 98
17 19
17 81
17 79
17 41
17 72
17 31
17 43
17 27
17 80
17 63
17 68
17 90
17 74
17 23
17 59
17 18
17 32
17 40
17 65
17 48
17 46
17 97
17 85
17 58
17 86
17 73
17 38
17 70
17 87
17 94
17 95
17 60
17 54
17 52
18 70
18 27
18 59
18 68
18 72
18 38
18 90
18 54
18 88
18 43
18 45
18 28
18 35
18 73
18 19
18 77
18 86
18 33
18 24
18 81
18 64
18 39
18 80
18 21
18 87
18 36
18 50
18 34
18 92
18 26
18 82
18 79
18 98
18 67
18 99
18 74
18 55
19 77
19 88
19 43
19 24
19 35
19 28
19 90
19 68
19 39
19 36
19 98
19 86
19 73
19 59
19 87
19 85
19 72
19 99
19 63
19 45
19 31
19 27
19 26
19 95
19 67
19 81
19 53
19 70
19 41
19 64
19 58
19 54
19 79
19 34
19 93
19 32
19 80
19 38
19 48
19 75
19 74
19 21
19 69
19 94
19 23
20 29
20 49
20 71
20 69
20 61
20 66
20 56
20 51
20 53
20 75
20 95
20 62
20 93
20 85
20 67
21 82
21 64
21 54
21 57
21 34
21 84
21 73
21 86
21 59
21 90
21 67
21 68
21 70
21 87
21 33
21 93
21 43
21 27
21 88
22 83
22 89
22 60
22 76
22 25
23 41
23 97
23 60
23 79
23 40
23 26
23 65
23 46
23 99
23 74
23 32
23 36
23 89
23 39
23 48
23 81
23 83
23 80
23 31
23 98
23 24
23 45
23 94
23 28
23 35
23 63
23 25
23 77
23 78
23 58
23 44
23 96
23 88
23 72
24 35
24 39
24 28
24 77
24 36
24 88
24 98
24 99
24 45
24 43
24 26
24 31
24 72
24 68
24 81
24 41
24 90
24 63
24 79
24 27
24 59
24 80
24 85
24 86
24 73
24 32
24 58
24 87
24 74
24 48
24 70
24 40
24 38
24 65
24 97
24 95
24 46
24 94
24 53
24 54
24 67
24 52
24 64
25 94
25 52
25 48
25 76
25 32
25 83
25 58
25 37
25 31
25 63
25 97
25 42
25 60
25 98
25 62
25 99
25 41
25 75
25 36
25 89
25 85
25 39
25 26
25 61
26 79
26 41
26 39
26 99
26 36
26 81
26 45
26 28
26 35
26 40
26 74
26 98
26 65
26 80
26 77
26 46
26 31
26 97
26 88
26 32
26 72
26 63
26 48
26 60
26 27
26 43
26 58
26 68
26 94
26 90
26 59
26 83
26 38
26 78
26 85
26 52
26 89
27 72
27 70
27 38
27 45
27 59
27 68
27 88
27 28
27 90
27 35
27 81
27 43
27 77
27 54
27 80
27 39
27 73
27 86
27 36
27 33
27 79
27 74
27 99
27 64
27 98
27 87
27 92
27 55
27 50
27 41
27 40
27 65
27 46
27 31
27 34
28 35
28 88
28 77
28 39
28 45
28 36
28 72
28 43
28 68
28 81
28 90
28 99
28 98
28 59
28 79
28 80
28 41
28 31
28 63
28 73
28 86
28 70
28 38
28 74
28 87
28 85
28 40
28 65
28 32
28 54
28 46
28 58
28 48
28 95
28 97
28 64
28 67
28 53
29 49
29 71
29 69
29 66
29 61
29 51
29 56
29 75
29 53
29 95
29 62
29 93
29 85
30 92
30 50
30 55
30 33
30 38
30 70
31 63
31 98
31 99
31 58
31 36
31 32
31 48
31 39
31 41
31 94
31 77
31 52
31 85
31 35
31 88
31 97
31 43
31 79
31 95
31 75
31 45
31 83
31 53
31 62
31 60
31 81
31 90
31 68
31 87
31 72
31 76
31 86
31 61
31 73
31 40
31 37
31 65
31 80
31 74
31 59
32 48
32 94
32 97
32 41
32 99
32 58
32 63
32 98
32 52
32 83
32 36
32 60
32 39
32 76
32 79
32 77
32 35
32 89
32 85
32 37
32 40
32 88
32 65
32 62
32 75
32 45
32 81
32 46
32 74
33 50
33 70
33 54
33 38
33 92
33 82
33 59
33 68
33 72
33 90
33 64
33 84
33 55
33 73
34 64
34 67
34 93
34 87
34 86
34 73
34 57
34 90
34 54
34 43
34 59
34 68
34 82
34 95
34 53
34 85
34 84
34 88
34 56
34 69
34 77
34 70
34 35
35 88
35 77
35 39
35 45
35 36
35 72
35 43
35 68
35 98
35 99
35 90
35 81
35 59
35 79
35 41
35 80
35 63
35 73
35 86
35 70
35 38
35 74
35 87
35 85
35 40
35 65
35 54
35 58
35 48
35 46
35 95
35 97
35 64
35 67
35 53
36 39
36 99
36 98
36 77
36 41
36 88
36 63
36 45
36 79
36 81
36 43
36 48
36 72
36 58
36 97
36 68
36 90
36 80
36 85
36 74
36 40
36 94
36 65
36 59
36 86
36 46
36 73
36 52
36 87
36 95
36 60
36 53
36 70
36 38
36 83
37 42
37 76
37 52
37 62
37 94
37 58
37 75
37 61
37 48
37 51
37 83
37 63
38 70
38 72
38 45
38 59
38 92
38 81
38 68
38 80
38 55
38 54
38 50
38 90
38 88
38 43
38 77
38 74
38 39
38 79
38 73
38 86
39 99
39 77
39 98
39 88
39 41
39 45
39 79
39 81
39 63
39 43
39 72
39 80
39 68
39 90
39 74
39 48
39 40
39 58
39 59
39 97
39 65
39 85
39 46
39 86
39 73
39 94
39 87
39 70
39 95
39 60
39 52
39 53
40 65
40 46
40 74
40 79
40 80
40 81
40 41
40 78
40 44
40 45
40 97
40 99
40 60
40 72
40 98
40 89
40 77
40 88
40 48
40 96
41 99
41 97
41 79
41 98
41 48
41 60
41 65
41 63
41 81
41 74
41 46
41 45
41 77
41 94
41 80
41 58
41 88
41 83
41 72
41 52
41 89
41 43
41 85
41 68
41 90
42 76
42 52
42 62
42 94
42 58
42 51
42 83
42 48
42 61
42 75
43 90
43 68
43 88
43 77
43 73
43 86
43 59
43 87
43 72
43 45
43 98
43 70
43 64
43 54
43 85
43 67
43 99
43 95
43 63
43 81
43 53
43 93
43 79
43 80
43 58
44 78
44 46
44 65
44 74
44 80
44 79
44 96
44 81
45 81
45 72
45 80
45 88
45 79
45 77
45 74
45 68
45 99
45 59
45 90
45 70
45 65
45 98
45 46
45 73
45 86
45 63
45 54
45 55
45 78
45 97
45 87
46 65
46 74
46 79
46 80
46 78
46 81
46 97
46 99
46 60
46 72
46 89
46 96
46 98
47 91
47 84
47 82
48 94
48 58
48 52
48 97
48 63
48 83
48 99
48 98
48 60
48 76
48 77
48 79
48 85
48 89
48 62
48 75
48 88
49 71
49 69
49 61
49 53
49 75
49 95
49 66
49 51
49 56
49 62
49 85
49 93
49 67
49 87
50 92
50 70
50 55
50 54
50 82
50 59
50 72
51 61
51 62
51 71
51 75
51 69
51 53
51 95
52 94
52 58
52 76
52 63
52 62
52 75
52 83
52 98
52 61
52 99
52 85
52 97
52 95
52 60
52 53
52 77
53 95
53 85
53 69
53 75
53 71
53 87
53 67
53 93
53 61
53 86
53 62
53 63
53 73
53 58
53 98
53 77
53 56
53 90
53 88
53 64
53 66
53 68
54 59
54 70
54 64
54 68
54 90
54 73
54 82
54 86
54 72
54 87
54 88
54 57
54 67
54 84
54 77
54 93
54 92
55 92
55 80
55 78
55 81
55 72
55 74
55 70
56 66
56 93
56 69
56 71
56 67
56 95
56 87
57 84
57 82
57 64
57 91
57 67
57 93
57 73
57 86
57 87
58 63
58 94
58 98
58 85
58 75
58 62
58 99
58 76
58 95
58 61
58 77
58 97
58 83
58 88
58 69
58 60
58 71
58 87
59 68
59 90
59 70
59 73
59 88
59 86
59 72
59 77
59 64
59 87
59 67
59 81
59 82
59 98
59 93
59 80
59 85
59 99
59 95
59 79
59 63
60 97
60 89
60 83
60 94
60 99
60 65
60 79
60 96
60 98
60 74
60 63
60 76
61 75
61 62
61 71
61 69
61 95
61 85
61 63
61 94
61 76
61 93
62 75
62 71
62 69
62 85
62 95
62 63
62 76
62 94
62 98
63 98
63 99
63 85
63 94
63 77
63 95
63 75
63 88
63 97
63 87
63 79
63 90
63 83
63 86
63 68
63 76
63 73
63 69
63 81
63 72
63 67
64 73
64 86
64 67
64 87
64 90
64 82
64 93
64 68
64 70
64 84
64 88
64 77
64 95
64 72
64 85
65 74
65 79
65 80
65 81
65 78
65 97
65 99
65 72
65 98
65 89
65 77
65 88
65 96
66 71
66 69
66 93
66 67
66 95
67 93
67 87
67 86
67 73
67 95
67 85
67 90
67 69
67 68
67 77
67 88
67 71
67 75
67 82
67 98
68 90
68 88
68 73
68 86
68 72
68 70
68 77
68 87
68 81
68 98
68 85
68 99
68 80
68 93
68 95
68 82
68 79
69 71
69 95
69 75
69 85
69 93
69 87
69 86
69 73
70 72
70 90
70 88
70 73
70 86
70 77
70 81
70 92
70 82
70 80
70 87
71 75
71 95
71 85
71 93
71 87
72 88
72 81
72 90
72 77
72 80
72 79
72 74
72 73
72 86
72 99
72 98
72 87
72 92
73 86
73 87
73 90
73 88
73 93
73 77
73 85
73 95
73 82
73 98
73 99
74 80
74 79
74 81
74 78
74 99
74 97
74 88
74 77
74 98
75 95
75 85
75 94
75 98
75 87
75 93
75 76
75 77
76 94
76 83
76 97
77 88
77 98
77 90
77 99
77 86
77 85
77 81
77 87
77 79
77 95
77 80
77 93
77 94
77 97
78 80
78 79
78 81
79 81
79 80
79 99
79 97
79 98
79 88
79 90
79 94
80 81
80 88
80 99
80 98
80 90
80 97
81 88
81 99
81 98
81 90
81 97
82 84
82 86
82 90
82 91
82 87
82 93
83 97
83 94
83 89
83 99
83 98
84 91
85 95
85 87
85 98
85 86
85 93
85 88
85 90
85 99
85 94
86 87
86 90
86 88
86 93
86 95
86 98
86 99
87 93
87 90
87 95
87 88
87 98
87 99
88 90
88 98
88 99
88 95
88 93
89 97
89 96
89 94
90 98
90 93
90 95
90 99
93 95
94 97
94 98
94 99
95 98
95 99
97 99
97 98
98 99
