binom	1	0	0.01	0.0163	0.500104
binom	1	0.01	0.01	0.01626	0.50254
binom	1	0.02	0.01	0.01614	0.503451
binom	1	0.03	0.01	0.01717	0.503867
binom	1	0.05	0.01	0.01689	0.508413
binom	1	0.07	0.01	0.01644	0.509982
binom	1	0.08	0.01	0.01647	0.512107
binom	1	0.1	0.01	0.01631	0.515021
binom	1	0.2	0.01	0.01651	0.53026
binom	1	0.3	0.01	0.01564	0.544469
binom	1	0.4	0.01	0.01487	0.557525
binom	1	0.5	0.01	0.01473	0.57406
binom	1	0.6	0.01	0.01375	0.589295
binom	1	0.7	0.01	0.01325	0.603826
binom	1	0.8	0.01	0.01237	0.619709
binom	1	0.9	0.01	0.01147	0.632868
