binom	1	0	0.01	0.01672	0.498164
binom	1	0.01	0.01	0.01602	0.499994
binom	1	0.02	0.01	0.01688	0.501967
binom	1	0.03	0.01	0.01658	0.504294
binom	1	0.05	0.01	0.01632	0.507267
binom	1	0.07	0.01	0.01699	0.510047
binom	1	0.08	0.01	0.01638	0.510702
binom	1	0.1	0.01	0.01594	0.516675
binom	1	0.2	0.01	0.0162	0.528488
binom	1	0.3	0.01	0.01559	0.542771
binom	1	0.4	0.01	0.01522	0.560269
binom	1	0.5	0.01	0.01499	0.576544
binom	1	0.6	0.01	0.01398	0.589442
binom	1	0.7	0.01	0.0133	0.605692
binom	1	0.8	0.01	0.01226	0.619519
binom	1	0.9	0.01	0.01199	0.631893
