binom	1	0	0.01	0.01593	0.501312
binom	1	0.01	0.01	0.01637	0.501973
binom	1	0.02	0.01	0.01657	0.501358
binom	1	0.03	0.01	0.01638	0.504573
binom	1	0.05	0.01	0.01623	0.504159
binom	1	0.07	0.01	0.01638	0.509548
binom	1	0.08	0.01	0.0156	0.507577
binom	1	0.1	0.01	0.01612	0.512277
binom	1	0.2	0.01	0.01603	0.520605
binom	1	0.3	0.01	0.01585	0.531943
binom	1	0.4	0.01	0.01522	0.543922
binom	1	0.5	0.01	0.01463	0.55406
binom	1	0.6	0.01	0.01412	0.564724
binom	1	0.7	0.01	0.01309	0.570993
binom	1	0.8	0.01	0.0132	0.584356
binom	1	0.9	0.01	0.0119	0.592227
