binom	1	0	0.01	0.01725	0.500667
binom	1	0.01	0.01	0.01731	0.501716
binom	1	0.02	0.01	0.01779	0.502906
binom	1	0.03	0.01	0.0176	0.506875
binom	1	0.05	0.01	0.01725	0.512904
binom	1	0.07	0.01	0.01764	0.514892
binom	1	0.08	0.01	0.01763	0.518281
binom	1	0.1	0.01	0.01703	0.521503
binom	1	0.2	0.01	0.01718	0.545681
binom	1	0.3	0.01	0.01625	0.564197
binom	1	0.4	0.01	0.01537	0.586467
binom	1	0.5	0.01	0.01486	0.608405
binom	1	0.6	0.01	0.01399	0.629571
binom	1	0.7	0.01	0.01305	0.65141
binom	1	0.8	0.01	0.01242	0.672778
binom	1	0.9	0.01	0.01148	0.694321
