binom	1	0	0.01	0.0169	0.500503
binom	1	0.01	0.01	0.01643	0.500371
binom	1	0.02	0.01	0.01596	0.505984
binom	1	0.03	0.01	0.0166	0.503319
binom	1	0.05	0.01	0.01582	0.50591
binom	1	0.07	0.01	0.01654	0.508676
binom	1	0.08	0.01	0.01577	0.507825
binom	1	0.1	0.01	0.01547	0.509903
binom	1	0.2	0.01	0.01619	0.522088
binom	1	0.3	0.01	0.01541	0.531739
binom	1	0.4	0.01	0.01579	0.542647
binom	1	0.5	0.01	0.01444	0.555076
binom	1	0.6	0.01	0.01443	0.567817
binom	1	0.7	0.01	0.01315	0.575833
binom	1	0.8	0.01	0.01232	0.583977
binom	1	0.9	0.01	0.01124	0.599181
