binom	1	0	0.01	0.02053	0.498407
binom	1	0.01	0.01	0.02137	0.500819
binom	1	0.02	0.01	0.02134	0.502493
binom	1	0.03	0.01	0.02073	0.502084
binom	1	0.05	0.01	0.02115	0.503206
binom	1	0.07	0.01	0.02226	0.503068
binom	1	0.08	0.01	0.02149	0.504207
binom	1	0.1	0.01	0.02048	0.504541
binom	1	0.2	0.01	0.02137	0.512181
binom	1	0.3	0.01	0.02003	0.517204
binom	1	0.4	0.01	0.01992	0.518052
binom	1	0.5	0.01	0.01818	0.520946
binom	1	0.6	0.01	0.01725	0.527959
binom	1	0.7	0.01	0.01686	0.531062
binom	1	0.8	0.01	0.01574	0.534206
binom	1	0.9	0.01	0.01505	0.538352
