binom	1	0	0.01	0.01648	0.500613
binom	1	0.01	0.01	0.01604	0.502612
binom	1	0.02	0.01	0.01642	0.506133
binom	1	0.03	0.01	0.01599	0.507136
binom	1	0.05	0.01	0.01553	0.515158
binom	1	0.07	0.01	0.01566	0.51855
binom	1	0.08	0.01	0.01577	0.521484
binom	1	0.1	0.01	0.01549	0.526888
binom	1	0.2	0.01	0.01468	0.55795
binom	1	0.3	0.01	0.01424	0.583223
binom	1	0.4	0.01	0.01452	0.612989
binom	1	0.5	0.01	0.01377	0.637676
binom	1	0.6	0.01	0.01267	0.663015
binom	1	0.7	0.01	0.01117	0.688371
binom	1	0.8	0.01	0.01058	0.711739
binom	1	0.9	0.01	0.01009	0.734678
