binom	1	0	0.01	0.01522	0.498127
binom	1	0.01	0.01	0.01549	0.501627
binom	1	0.02	0.01	0.01668	0.50494
binom	1	0.03	0.01	0.0158	0.506886
binom	1	0.05	0.01	0.01556	0.512121
binom	1	0.07	0.01	0.01576	0.515742
binom	1	0.08	0.01	0.01566	0.518378
binom	1	0.1	0.01	0.01549	0.52459
binom	1	0.2	0.01	0.01603	0.544005
binom	1	0.3	0.01	0.01448	0.568191
binom	1	0.4	0.01	0.01471	0.589728
binom	1	0.5	0.01	0.01307	0.608829
binom	1	0.6	0.01	0.0123	0.629732
binom	1	0.7	0.01	0.01229	0.649845
binom	1	0.8	0.01	0.01078	0.669137
binom	1	0.9	0.01	0.01066	0.687917
