binom	1	0	0.01	0.0156	0.498365
binom	1	0.01	0.01	0.01479	0.504206
binom	1	0.02	0.01	0.01581	0.508786
binom	1	0.03	0.01	0.01598	0.511752
binom	1	0.05	0.01	0.01431	0.520769
binom	1	0.07	0.01	0.01523	0.531307
binom	1	0.08	0.01	0.01551	0.532843
binom	1	0.1	0.01	0.01544	0.540764
binom	1	0.2	0.01	0.015	0.582047
binom	1	0.3	0.01	0.01413	0.625393
binom	1	0.4	0.01	0.01326	0.667345
binom	1	0.5	0.01	0.01248	0.708638
binom	1	0.6	0.01	0.01187	0.750809
binom	1	0.7	0.01	0.01077	0.795785
binom	1	0.8	0.01	0.00927	0.842157
binom	1	0.9	0.01	0.00821	0.887503
