binom	1	0	0.01	0.01265	0.500427
binom	1	0.01	0.01	0.01381	0.50239
binom	1	0.02	0.01	0.01286	0.504456
binom	1	0.03	0.01	0.01332	0.505308
binom	1	0.05	0.01	0.01333	0.510383
binom	1	0.07	0.01	0.01358	0.517275
binom	1	0.08	0.01	0.01306	0.517129
binom	1	0.1	0.01	0.01258	0.522059
binom	1	0.2	0.01	0.01318	0.546411
binom	1	0.3	0.01	0.01216	0.567426
binom	1	0.4	0.01	0.01152	0.590408
binom	1	0.5	0.01	0.01138	0.615018
binom	1	0.6	0.01	0.0101	0.637673
binom	1	0.7	0.01	0.00899	0.665039
binom	1	0.8	0.01	0.00823	0.687752
binom	1	0.9	0.01	0.00745	0.714309
