binom	1	0	0.01	0.016	0.501369
binom	1	0.01	0.01	0.01556	0.501883
binom	1	0.02	0.01	0.01603	0.503918
binom	1	0.03	0.01	0.01593	0.501017
binom	1	0.05	0.01	0.01507	0.505992
binom	1	0.07	0.01	0.0158	0.50669
binom	1	0.08	0.01	0.01582	0.505898
binom	1	0.1	0.01	0.01505	0.507814
binom	1	0.2	0.01	0.01481	0.516415
binom	1	0.3	0.01	0.01462	0.525363
binom	1	0.4	0.01	0.01445	0.53418
binom	1	0.5	0.01	0.01395	0.541039
binom	1	0.6	0.01	0.01323	0.547559
binom	1	0.7	0.01	0.01277	0.555474
binom	1	0.8	0.01	0.01217	0.565218
binom	1	0.9	0.01	0.01141	0.569045
