binom	1	0	0.01	0.01586	0.501728
binom	1	0.01	0.01	0.0149	0.501456
binom	1	0.02	0.01	0.01504	0.498797
binom	1	0.03	0.01	0.01582	0.501947
binom	1	0.05	0.01	0.01589	0.504525
binom	1	0.07	0.01	0.01536	0.505944
binom	1	0.08	0.01	0.01592	0.509918
binom	1	0.1	0.01	0.01519	0.510553
binom	1	0.2	0.01	0.01472	0.51909
binom	1	0.3	0.01	0.01514	0.528877
binom	1	0.4	0.01	0.01488	0.53623
binom	1	0.5	0.01	0.01381	0.543041
binom	1	0.6	0.01	0.0139	0.54946
binom	1	0.7	0.01	0.01281	0.556729
binom	1	0.8	0.01	0.01197	0.565714
binom	1	0.9	0.01	0.01175	0.570009
