binom	1	0	0.2	0.16783	0.499912
binom	1	0.01	0.2	0.16887	0.500783
binom	1	0.02	0.2	0.16861	0.502026
binom	1	0.03	0.2	0.16839	0.50302
binom	1	0.05	0.2	0.1677	0.504745
binom	1	0.07	0.2	0.16575	0.506433
binom	1	0.08	0.2	0.16576	0.507456
binom	1	0.1	0.2	0.16653	0.509673
binom	1	0.2	0.2	0.16631	0.519624
binom	1	0.3	0.2	0.16024	0.529352
binom	1	0.4	0.2	0.15387	0.539956
binom	1	0.5	0.2	0.1472	0.550892
binom	1	0.6	0.2	0.13811	0.560277
binom	1	0.7	0.2	0.12715	0.570581
binom	1	0.8	0.2	0.11748	0.582871
binom	1	0.9	0.2	0.10788	0.592627
