binom	1	0	0.2	0.16995	0.499811
binom	1	0.01	0.2	0.16837	0.500576
binom	1	0.02	0.2	0.16912	0.501013
binom	1	0.03	0.2	0.17068	0.501258
binom	1	0.05	0.2	0.16939	0.503974
binom	1	0.07	0.2	0.16758	0.503449
binom	1	0.08	0.2	0.16757	0.505348
binom	1	0.1	0.2	0.16876	0.506249
binom	1	0.2	0.2	0.16491	0.512666
binom	1	0.3	0.2	0.15996	0.519134
binom	1	0.4	0.2	0.15499	0.525798
binom	1	0.5	0.2	0.15105	0.532291
binom	1	0.6	0.2	0.14023	0.538522
binom	1	0.7	0.2	0.13073	0.545212
binom	1	0.8	0.2	0.12027	0.551269
binom	1	0.9	0.2	0.11162	0.558594
