binom	1	0	0.2	0.16884	0.500193
binom	1	0.01	0.2	0.17077	0.500456
binom	1	0.02	0.2	0.16926	0.501157
binom	1	0.03	0.2	0.17139	0.500752
binom	1	0.05	0.2	0.16824	0.501917
binom	1	0.07	0.2	0.17025	0.502784
binom	1	0.08	0.2	0.16843	0.502992
binom	1	0.1	0.2	0.16643	0.504484
binom	1	0.2	0.2	0.16533	0.507722
binom	1	0.3	0.2	0.16055	0.511513
binom	1	0.4	0.2	0.15575	0.515553
binom	1	0.5	0.2	0.14642	0.519963
binom	1	0.6	0.2	0.13647	0.523333
binom	1	0.7	0.2	0.12933	0.527466
binom	1	0.8	0.2	0.11933	0.531633
binom	1	0.9	0.2	0.11226	0.534683
