binom	1	0	0.2	0.18261	0.500127
binom	1	0.01	0.2	0.18631	0.50087
binom	1	0.02	0.2	0.18475	0.503118
binom	1	0.03	0.2	0.18251	0.502997
binom	1	0.05	0.2	0.18462	0.505492
binom	1	0.07	0.2	0.1833	0.508231
binom	1	0.08	0.2	0.18188	0.508944
binom	1	0.1	0.2	0.18434	0.51103
binom	1	0.2	0.2	0.1812	0.522124
binom	1	0.3	0.2	0.17796	0.532784
binom	1	0.4	0.2	0.17001	0.544428
binom	1	0.5	0.2	0.1611	0.5553
binom	1	0.6	0.2	0.15371	0.567655
binom	1	0.7	0.2	0.14185	0.578892
binom	1	0.8	0.2	0.13226	0.592017
binom	1	0.9	0.2	0.12319	0.603837
