binom	1	0	0.2	0.17464	0.499851
binom	1	0.01	0.2	0.1731	0.500615
binom	1	0.02	0.2	0.17233	0.501613
binom	1	0.03	0.2	0.17544	0.502212
binom	1	0.05	0.2	0.17304	0.503604
binom	1	0.07	0.2	0.17341	0.505011
binom	1	0.08	0.2	0.17336	0.506146
binom	1	0.1	0.2	0.17176	0.506921
binom	1	0.2	0.2	0.16906	0.515078
binom	1	0.3	0.2	0.16669	0.52206
binom	1	0.4	0.2	0.15886	0.529276
binom	1	0.5	0.2	0.15293	0.536602
binom	1	0.6	0.2	0.14345	0.543661
binom	1	0.7	0.2	0.13301	0.551548
binom	1	0.8	0.2	0.12402	0.558895
binom	1	0.9	0.2	0.11442	0.567558
