binom	1	0	0.2	0.17435	0.499919
binom	1	0.01	0.2	0.17174	0.5012
binom	1	0.02	0.2	0.17175	0.501279
binom	1	0.03	0.2	0.17196	0.502728
binom	1	0.05	0.2	0.17423	0.503158
binom	1	0.07	0.2	0.17202	0.504401
binom	1	0.08	0.2	0.17265	0.506103
binom	1	0.1	0.2	0.16999	0.506954
binom	1	0.2	0.2	0.16961	0.514485
binom	1	0.3	0.2	0.16361	0.521263
binom	1	0.4	0.2	0.15755	0.527303
binom	1	0.5	0.2	0.15066	0.53541
binom	1	0.6	0.2	0.14045	0.542751
binom	1	0.7	0.2	0.13141	0.550579
binom	1	0.8	0.2	0.12388	0.557793
binom	1	0.9	0.2	0.11457	0.5656
