binom	1	0	0.2	0.17616	0.500338
binom	1	0.01	0.2	0.17665	0.501258
binom	1	0.02	0.2	0.17609	0.501588
binom	1	0.03	0.2	0.17538	0.501094
binom	1	0.05	0.2	0.17558	0.502893
binom	1	0.07	0.2	0.17616	0.50376
binom	1	0.08	0.2	0.17475	0.504756
binom	1	0.1	0.2	0.17415	0.505528
binom	1	0.2	0.2	0.16974	0.511127
binom	1	0.3	0.2	0.16596	0.517511
binom	1	0.4	0.2	0.16173	0.523518
binom	1	0.5	0.2	0.14964	0.528647
binom	1	0.6	0.2	0.14169	0.535194
binom	1	0.7	0.2	0.13413	0.540861
binom	1	0.8	0.2	0.12527	0.547642
binom	1	0.9	0.2	0.11575	0.553077
