binom	1	0	0.2	0.18051	0.499473
binom	1	0.01	0.2	0.17834	0.500287
binom	1	0.02	0.2	0.17831	0.500456
binom	1	0.03	0.2	0.18132	0.501107
binom	1	0.05	0.2	0.17785	0.50121
binom	1	0.07	0.2	0.17993	0.501511
binom	1	0.08	0.2	0.17866	0.50198
binom	1	0.1	0.2	0.17721	0.502568
binom	1	0.2	0.2	0.1736	0.504059
binom	1	0.3	0.2	0.17014	0.506847
binom	1	0.4	0.2	0.16467	0.508867
binom	1	0.5	0.2	0.15662	0.51087
binom	1	0.6	0.2	0.14825	0.512859
binom	1	0.7	0.2	0.13793	0.515583
binom	1	0.8	0.2	0.12701	0.517735
binom	1	0.9	0.2	0.11631	0.51901
