binom	1	0	0.2	0.16791	0.500625
binom	1	0.01	0.2	0.16854	0.501475
binom	1	0.02	0.2	0.16819	0.503943
binom	1	0.03	0.2	0.16377	0.506186
binom	1	0.05	0.2	0.16639	0.510065
binom	1	0.07	0.2	0.16582	0.514943
binom	1	0.08	0.2	0.16622	0.516224
binom	1	0.1	0.2	0.16788	0.521046
binom	1	0.2	0.2	0.16155	0.540956
binom	1	0.3	0.2	0.15806	0.562111
binom	1	0.4	0.2	0.15217	0.583266
binom	1	0.5	0.2	0.14485	0.603448
binom	1	0.6	0.2	0.13377	0.62542
binom	1	0.7	0.2	0.1276	0.646634
binom	1	0.8	0.2	0.11623	0.667609
binom	1	0.9	0.2	0.10823	0.688948
