binom	1	0	0.2	0.17311	0.500165
binom	1	0.01	0.2	0.17195	0.501328
binom	1	0.02	0.2	0.17326	0.502538
binom	1	0.03	0.2	0.1753	0.503981
binom	1	0.05	0.2	0.17546	0.506043
binom	1	0.07	0.2	0.17291	0.507952
binom	1	0.08	0.2	0.173	0.510586
binom	1	0.1	0.2	0.17308	0.512519
binom	1	0.2	0.2	0.16993	0.525635
binom	1	0.3	0.2	0.16566	0.538762
binom	1	0.4	0.2	0.15904	0.551578
binom	1	0.5	0.2	0.14997	0.565128
binom	1	0.6	0.2	0.14187	0.578695
binom	1	0.7	0.2	0.13084	0.592702
binom	1	0.8	0.2	0.12558	0.607672
binom	1	0.9	0.2	0.11489	0.622755
