binom	1	0	0.2	0.16611	0.499823
binom	1	0.01	0.2	0.16511	0.502698
binom	1	0.02	0.2	0.16274	0.506335
binom	1	0.03	0.2	0.1622	0.509856
binom	1	0.05	0.2	0.16421	0.516067
binom	1	0.07	0.2	0.16563	0.521488
binom	1	0.08	0.2	0.16158	0.525116
binom	1	0.1	0.2	0.16039	0.531976
binom	1	0.2	0.2	0.15958	0.563693
binom	1	0.3	0.2	0.15621	0.596315
binom	1	0.4	0.2	0.14883	0.62945
binom	1	0.5	0.2	0.1421	0.665753
binom	1	0.6	0.2	0.13375	0.70225
binom	1	0.7	0.2	0.1251	0.739613
binom	1	0.8	0.2	0.11717	0.780916
binom	1	0.9	0.2	0.10533	0.822484
