binom	1	0	0.2	0.18468	0.500048
binom	1	0.01	0.2	0.18417	0.501206
binom	1	0.02	0.2	0.18428	0.503168
binom	1	0.03	0.2	0.18665	0.504184
binom	1	0.05	0.2	0.18528	0.50736
binom	1	0.07	0.2	0.18406	0.509461
binom	1	0.08	0.2	0.18486	0.511988
binom	1	0.1	0.2	0.18641	0.513539
binom	1	0.2	0.2	0.18309	0.527834
binom	1	0.3	0.2	0.1768	0.541858
binom	1	0.4	0.2	0.17354	0.555494
binom	1	0.5	0.2	0.16376	0.570199
binom	1	0.6	0.2	0.15577	0.584489
binom	1	0.7	0.2	0.14574	0.599892
binom	1	0.8	0.2	0.13367	0.615421
binom	1	0.9	0.2	0.12341	0.632328
