binom	1	0	0.2	0.17268	0.499805
binom	1	0.01	0.2	0.17377	0.501198
binom	1	0.02	0.2	0.17297	0.502483
binom	1	0.03	0.2	0.17347	0.503907
binom	1	0.05	0.2	0.17313	0.506061
binom	1	0.07	0.2	0.17273	0.507812
binom	1	0.08	0.2	0.174	0.509095
binom	1	0.1	0.2	0.17441	0.511093
binom	1	0.2	0.2	0.16899	0.522911
binom	1	0.3	0.2	0.16735	0.534011
binom	1	0.4	0.2	0.16017	0.546505
binom	1	0.5	0.2	0.14992	0.559456
binom	1	0.6	0.2	0.14152	0.572314
binom	1	0.7	0.2	0.13322	0.586
binom	1	0.8	0.2	0.12166	0.599538
binom	1	0.9	0.2	0.11183	0.61557
