binom	1	0	0.2	0.217	0.499919
binom	1	0.01	0.2	0.21559	0.501506
binom	1	0.02	0.2	0.21968	0.502809
binom	1	0.03	0.2	0.21545	0.504015
binom	1	0.05	0.2	0.21616	0.507918
binom	1	0.07	0.2	0.21566	0.511005
binom	1	0.08	0.2	0.21783	0.512237
binom	1	0.1	0.2	0.21554	0.515116
binom	1	0.2	0.2	0.21199	0.530944
binom	1	0.3	0.2	0.20586	0.545872
binom	1	0.4	0.2	0.19913	0.562371
binom	1	0.5	0.2	0.19006	0.578381
binom	1	0.6	0.2	0.18099	0.594921
binom	1	0.7	0.2	0.16727	0.612552
binom	1	0.8	0.2	0.15631	0.630965
binom	1	0.9	0.2	0.14508	0.649628
