binom	1	0	0.2	0.22276	0.499744
binom	1	0.01	0.2	0.22204	0.500989
binom	1	0.02	0.2	0.22075	0.503145
binom	1	0.03	0.2	0.22258	0.504555
binom	1	0.05	0.2	0.22355	0.508075
binom	1	0.07	0.2	0.22078	0.510879
binom	1	0.08	0.2	0.22236	0.512027
binom	1	0.1	0.2	0.21914	0.514995
binom	1	0.2	0.2	0.21926	0.52973
binom	1	0.3	0.2	0.21191	0.545203
binom	1	0.4	0.2	0.2062	0.560112
binom	1	0.5	0.2	0.197	0.575256
binom	1	0.6	0.2	0.18581	0.590972
binom	1	0.7	0.2	0.17308	0.608279
binom	1	0.8	0.2	0.16141	0.625143
binom	1	0.9	0.2	0.14734	0.64219
