binom	1	0	0.2	0.16467	0.500619
binom	1	0.01	0.2	0.16472	0.500608
binom	1	0.02	0.2	0.16549	0.500959
binom	1	0.03	0.2	0.16469	0.501719
binom	1	0.05	0.2	0.16489	0.502904
binom	1	0.07	0.2	0.16351	0.504044
binom	1	0.08	0.2	0.16566	0.504708
binom	1	0.1	0.2	0.16481	0.505998
binom	1	0.2	0.2	0.16162	0.511557
binom	1	0.3	0.2	0.15538	0.517845
binom	1	0.4	0.2	0.15171	0.522681
binom	1	0.5	0.2	0.14434	0.527997
binom	1	0.6	0.2	0.13686	0.533393
binom	1	0.7	0.2	0.12628	0.538908
binom	1	0.8	0.2	0.11752	0.544746
binom	1	0.9	0.2	0.10749	0.549701
