binom	1	0	0.2	0.16367	0.50009
binom	1	0.01	0.2	0.16212	0.501358
binom	1	0.02	0.2	0.16598	0.500968
binom	1	0.03	0.2	0.16385	0.50199
binom	1	0.05	0.2	0.16281	0.502584
binom	1	0.07	0.2	0.16235	0.503569
binom	1	0.08	0.2	0.16406	0.504639
binom	1	0.1	0.2	0.16376	0.505947
binom	1	0.2	0.2	0.16209	0.511197
binom	1	0.3	0.2	0.15524	0.51709
binom	1	0.4	0.2	0.15017	0.521871
binom	1	0.5	0.2	0.14231	0.527482
binom	1	0.6	0.2	0.1351	0.532634
binom	1	0.7	0.2	0.12676	0.537964
binom	1	0.8	0.2	0.11769	0.542575
binom	1	0.9	0.2	0.10724	0.54832
