binom	1	0	0.2	0.16474	0.499844
binom	1	0.01	0.2	0.16671	0.500812
binom	1	0.02	0.2	0.16565	0.500906
binom	1	0.03	0.2	0.16631	0.501204
binom	1	0.05	0.2	0.16608	0.502411
binom	1	0.07	0.2	0.16498	0.504025
binom	1	0.08	0.2	0.16403	0.504752
binom	1	0.1	0.2	0.16542	0.505281
binom	1	0.2	0.2	0.15893	0.511451
binom	1	0.3	0.2	0.15835	0.516766
binom	1	0.4	0.2	0.15065	0.523004
binom	1	0.5	0.2	0.14337	0.528938
binom	1	0.6	0.2	0.13661	0.534982
binom	1	0.7	0.2	0.12718	0.539223
binom	1	0.8	0.2	0.11794	0.54497
binom	1	0.9	0.2	0.11077	0.550507
