binom	1	0	0.2	0.166	0.49977
binom	1	0.01	0.2	0.16765	0.500243
binom	1	0.02	0.2	0.165	0.499995
binom	1	0.03	0.2	0.16802	0.501159
binom	1	0.05	0.2	0.16571	0.501727
binom	1	0.07	0.2	0.16613	0.502061
binom	1	0.08	0.2	0.16517	0.502445
binom	1	0.1	0.2	0.16493	0.502899
binom	1	0.2	0.2	0.16399	0.505442
binom	1	0.3	0.2	0.15685	0.508481
binom	1	0.4	0.2	0.15244	0.511412
binom	1	0.5	0.2	0.14385	0.514152
binom	1	0.6	0.2	0.13697	0.517105
binom	1	0.7	0.2	0.12721	0.520932
binom	1	0.8	0.2	0.11811	0.522472
binom	1	0.9	0.2	0.10845	0.525809
