binom	1	0	0.2	0.16465	0.500378
binom	1	0.01	0.2	0.16514	0.500563
binom	1	0.02	0.2	0.16478	0.500575
binom	1	0.03	0.2	0.16725	0.500459
binom	1	0.05	0.2	0.16571	0.501833
binom	1	0.07	0.2	0.16719	0.501678
binom	1	0.08	0.2	0.16521	0.502096
binom	1	0.1	0.2	0.16253	0.503003
binom	1	0.2	0.2	0.16379	0.505971
binom	1	0.3	0.2	0.1581	0.50924
binom	1	0.4	0.2	0.15128	0.51317
binom	1	0.5	0.2	0.14368	0.514981
binom	1	0.6	0.2	0.13552	0.518457
binom	1	0.7	0.2	0.12626	0.522005
binom	1	0.8	0.2	0.11899	0.524879
binom	1	0.9	0.2	0.10687	0.528088
