binom	1	0	0.2	0.1682	0.500341
binom	1	0.01	0.2	0.16806	0.500549
binom	1	0.02	0.2	0.16618	0.501617
binom	1	0.03	0.2	0.16742	0.501226
binom	1	0.05	0.2	0.16549	0.501915
binom	1	0.07	0.2	0.16469	0.501157
binom	1	0.08	0.2	0.16494	0.501973
binom	1	0.1	0.2	0.16462	0.501743
binom	1	0.2	0.2	0.16267	0.505941
binom	1	0.3	0.2	0.15923	0.508983
binom	1	0.4	0.2	0.15403	0.511633
binom	1	0.5	0.2	0.14414	0.515002
binom	1	0.6	0.2	0.13723	0.516572
binom	1	0.7	0.2	0.12735	0.520105
binom	1	0.8	0.2	0.11666	0.523065
binom	1	0.9	0.2	0.10688	0.525501
