binom	1	0	0.2	0.16427	0.500393
binom	1	0.01	0.2	0.16649	0.502033
binom	1	0.02	0.2	0.16465	0.504898
binom	1	0.03	0.2	0.16512	0.506924
binom	1	0.05	0.2	0.16717	0.511043
binom	1	0.07	0.2	0.16555	0.515842
binom	1	0.08	0.2	0.16506	0.516788
binom	1	0.1	0.2	0.16474	0.522047
binom	1	0.2	0.2	0.16218	0.543755
binom	1	0.3	0.2	0.15714	0.567102
binom	1	0.4	0.2	0.15315	0.590153
binom	1	0.5	0.2	0.14417	0.612541
binom	1	0.6	0.2	0.13858	0.635901
binom	1	0.7	0.2	0.12558	0.659746
binom	1	0.8	0.2	0.11731	0.685132
binom	1	0.9	0.2	0.10941	0.709331
