binom	1	0	0.2	0.16515	0.499487
binom	1	0.01	0.2	0.16333	0.501869
binom	1	0.02	0.2	0.16508	0.502698
binom	1	0.03	0.2	0.16637	0.505408
binom	1	0.05	0.2	0.16283	0.507694
binom	1	0.07	0.2	0.16453	0.510884
binom	1	0.08	0.2	0.16402	0.511772
binom	1	0.1	0.2	0.16349	0.51477
binom	1	0.2	0.2	0.15849	0.529898
binom	1	0.3	0.2	0.15445	0.547224
binom	1	0.4	0.2	0.1506	0.561923
binom	1	0.5	0.2	0.14134	0.577756
binom	1	0.6	0.2	0.13304	0.59364
binom	1	0.7	0.2	0.12283	0.610931
binom	1	0.8	0.2	0.11374	0.627626
binom	1	0.9	0.2	0.10253	0.64594
