binom	1	0	0.2	0.16651	0.500299
binom	1	0.01	0.2	0.16352	0.501732
binom	1	0.02	0.2	0.16654	0.503193
binom	1	0.03	0.2	0.1652	0.504675
binom	1	0.05	0.2	0.16533	0.509804
binom	1	0.07	0.2	0.165	0.51263
binom	1	0.08	0.2	0.16348	0.513868
binom	1	0.1	0.2	0.16263	0.517743
binom	1	0.2	0.2	0.16044	0.535231
binom	1	0.3	0.2	0.15574	0.552279
binom	1	0.4	0.2	0.14993	0.570675
binom	1	0.5	0.2	0.14196	0.589208
binom	1	0.6	0.2	0.13222	0.606823
binom	1	0.7	0.2	0.12416	0.625576
binom	1	0.8	0.2	0.11557	0.645401
binom	1	0.9	0.2	0.10335	0.664096
