237 461
237 488
237 460
461 544
461 388
26 259
26 384
26 242
259 370
259 471
211 332
211 493
211 361
332 342
332 8
385 457
385 75
385 24
457 372
457 223
140 528
140 9
140 158
528 422
528 279
49 508
49 388
49 531
508 129
508 8
488 308
488 303
166 446
166 127
166 55
446 542
446 102
15 295
15 229
15 120
295 220
295 55
92 515
92 213
92 274
515 419
515 130
81 478
81 447
81 414
478 301
478 212
70 338
70 180
70 225
338 353
338 22
180 219
180 195
219 522
219 310
137 486
137 521
137 397
486 477
486 142
263 473
263 184
263 320
473 326
473 481
2 441
2 269
2 501
441 283
441 50
103 255
103 347
103 453
255 176
255 13
309 351
309 489
309 204
351 206
351 289
271 495
271 228
271 297
495 51
495 106
152 367
152 365
152 72
367 426
367 340
121 169
121 428
121 381
169 381
169 333
243 494
243 352
243 284
494 167
494 160
258 403
258 498
258 44
403 260
403 252
209 547
209 300
209 67
547 431
547 538
126 503
126 447
126 357
503 197
503 216
16 241
16 357
16 195
241 65
241 504
281 386
281 400
281 398
386 398
386 108
191 331
191 188
191 139
331 540
331 100
179 375
179 487
179 29
375 546
375 352
91 402
91 248
91 0
402 277
402 483
65 502
65 325
502 135
502 264
322 442
322 181
322 246
442 377
442 469
334 407
334 499
334 470
407 147
407 22
297 507
297 188
507 145
507 244
146 207
146 45
146 421
207 542
207 541
128 549
128 37
128 6
549 113
549 511
112 443
112 396
112 7
443 230
443 497
127 512
127 329
86 323
86 519
86 276
323 68
323 540
188 346
55 79
79 399
79 240
394 439
394 276
394 496
439 378
439 371
358 373
358 278
358 257
373 254
373 139
181 543
181 533
498 505
498 178
505 114
505 290
467 536
467 474
467 77
536 290
536 433
42 500
42 212
42 393
500 161
500 456
487 218
487 20
40 54
40 36
40 74
54 38
54 496
305 492
305 71
305 4
492 452
492 349
384 153
384 17
278 175
278 119
206 83
206 535
67 431
67 472
431 345
277 76
277 6
35 222
35 427
35 84
222 202
222 310
452 286
452 14
172 218
172 282
172 45
218 306
382 424
382 380
382 60
424 156
424 234
213 458
213 513
273 526
273 450
273 202
526 115
526 299
311 400
311 530
311 399
400 170
460 308
460 51
212 317
186 396
186 210
186 458
396 171
306 312
306 459
312 176
312 538
105 408
105 6
105 50
408 324
408 427
409 432
409 355
409 329
432 154
432 157
426 438
426 339
45 296
164 475
164 226
164 117
475 392
475 141
239 240
239 491
239 422
240 272
39 453
39 388
39 513
453 345
242 413
242 214
413 493
413 254
357 104
283 227
283 303
175 350
175 288
350 130
350 349
32 203
32 304
32 232
203 480
203 428
184 417
184 504
417 232
417 489
238 299
238 125
238 481
299 510
185 543
185 366
185 12
543 341
530 226
530 113
34 231
34 280
34 516
231 523
231 448
195 193
269 484
269 292
12 63
12 56
63 122
63 17
44 522
44 477
522 72
342 210
342 548
10 300
10 509
10 438
300 485
379 521
379 24
379 25
521 326
109 270
109 435
109 160
270 215
270 201
72 378
445 466
445 101
445 194
466 328
466 78
308 90
257 415
257 327
415 59
415 316
29 360
29 465
328 390
328 459
398 138
110 234
110 90
110 235
234 421
161 316
161 519
316 154
378 0
298 303
298 427
298 294
37 38
37 348
248 397
248 134
230 131
230 11
100 315
100 122
315 57
315 254
14 144
14 220
144 347
144 477
491 264
491 143
275 423
275 190
275 337
423 192
423 247
48 542
48 141
48 158
118 201
118 314
118 532
201 485
69 336
69 451
69 221
336 291
336 95
33 261
33 125
33 469
261 171
261 68
197 363
197 455
122 406
114 470
114 320
87 250
87 401
87 531
250 123
250 395
546 119
546 520
75 532
75 192
532 354
194 205
194 25
205 61
205 98
293 327
293 285
293 516
327 159
204 246
204 511
246 154
392 455
392 115
455 178
354 361
354 173
361 290
421 418
519 524
353 50
353 141
399 314
129 187
129 73
511 148
97 537
97 448
97 18
537 362
537 96
57 74
57 198
74 362
325 405
325 53
62 198
62 535
62 116
198 480
9 52
9 262
52 228
52 267
510 369
510 189
216 525
216 304
124 429
124 19
124 260
429 544
429 440
66 406
66 454
66 253
406 368
98 111
98 313
111 370
111 43
38 106
106 420
249 280
249 529
249 509
280 61
380 251
380 436
447 485
133 343
133 46
133 369
343 377
343 253
420 436
420 523
436 60
167 395
167 319
365 208
365 377
73 310
73 539
88 448
88 438
88 61
544 344
393 437
393 404
437 449
437 215
58 178
58 363
58 120
344 284
344 318
371 516
371 156
347 404
276 456
151 247
151 274
151 272
247 135
5 440
5 123
5 479
440 484
363 389
523 117
107 335
107 25
107 356
335 189
335 370
321 444
321 214
321 95
444 41
444 142
210 462
405 534
405 256
23 183
23 410
23 148
183 168
183 425
317 401
317 383
401 527
168 252
168 245
226 390
101 520
101 136
520 99
228 364
499 163
499 215
501 391
501 187
366 104
366 279
94 117
94 200
94 256
229 296
229 21
355 414
355 479
414 170
125 430
225 286
225 95
286 387
324 524
324 60
20 155
20 362
155 76
155 517
349 434
156 307
262 160
262 341
145 451
145 149
451 56
381 419
131 534
131 170
534 468
504 340
115 372
51 434
434 27
484 545
153 162
153 374
162 490
162 465
307 135
307 296
390 282
509 333
411 435
411 476
411 199
435 93
159 339
159 158
56 85
85 223
85 282
412 525
412 313
412 368
525 514
329 518
518 482
518 214
490 449
490 265
313 3
83 318
83 470
345 13
134 288
134 64
288 302
123 251
251 78
138 28
138 302
119 11
43 389
43 150
389 287
31 433
31 36
31 244
433 177
4 416
4 19
416 294
416 289
294 404
346 454
346 531
454 506
224 428
224 182
224 177
430 524
430 196
90 171
47 139
47 142
47 113
1 410
1 348
1 165
410 64
187 383
318 391
469 533
533 265
372 463
41 339
41 425
149 474
149 330
284 320
189 274
236 267
236 391
236 235
267 512
340 513
545 319
545 360
474 266
540 463
480 529
529 64
108 221
108 71
221 482
176 514
514 71
68 193
193 173
360 538
472 541
472 28
150 497
150 8
497 53
264 132
99 302
99 0
192 89
22 450
223 28
173 46
304 456
220 330
450 337
30 143
30 359
30 535
143 463
200 493
200 27
383 196
102 177
102 268
76 481
244 517
517 232
202 17
84 165
84 174
165 422
217 527
217 374
217 387
527 548
174 252
174 471
479 301
24 7
374 199
496 77
279 376
376 301
376 208
19 476
289 476
489 245
285 465
285 199
104 227
227 7
449 462
21 163
21 256
196 319
233 368
233 292
233 268
46 356
93 464
93 78
464 266
464 359
82 333
82 541
82 132
89 182
89 418
387 190
291 147
291 80
272 136
268 352
147 77
341 397
157 471
157 419
120 326
459 468
190 364
96 506
96 3
506 53
3 287
287 314
337 512
462 292
395 348
548 266
208 539
539 182
136 11
364 36
482 483
369 260
148 18
130 163
356 116
235 132
13 80
80 468
265 245
425 253
59 116
59 330
27 458
483 359
418 18
