77 243
77 51
77 149
243 107
243 205
174 194
174 21
174 276
194 209
194 56
55 75
55 162
55 1
75 122
75 195
132 295
132 48
132 256
295 163
295 101
144 269
144 62
144 84
269 242
269 118
65 125
65 111
65 83
125 94
125 216
227 285
227 256
227 204
285 173
285 275
188 223
188 22
188 207
223 118
223 73
157 217
157 40
157 187
217 257
217 284
201 251
201 273
201 143
251 197
251 229
78 171
78 210
78 298
171 239
171 237
62 74
62 3
74 277
74 45
84 260
84 120
260 115
260 173
158 298
158 275
158 292
298 81
12 253
12 109
12 37
253 121
253 24
39 81
39 1
39 235
81 159
107 111
107 198
232 265
232 242
232 259
265 139
265 191
102 137
102 57
102 7
137 161
137 286
154 175
154 33
154 203
175 214
175 56
110 150
110 247
110 241
150 38
150 215
30 139
30 8
30 289
139 129
54 115
54 63
54 114
115 15
109 258
109 262
204 288
204 156
288 47
288 225
111 97
82 289
82 138
82 224
289 20
220 241
220 13
220 41
241 224
0 247
0 208
0 44
247 167
160 199
160 225
160 13
199 166
199 88
2 189
2 105
2 276
189 145
189 299
29 63
29 272
29 222
63 179
275 249
140 159
140 14
140 156
159 185
242 147
273 177
273 49
213 238
213 230
213 299
238 4
238 104
59 180
59 286
59 3
180 191
180 142
261 287
261 203
261 99
287 88
287 53
43 226
43 9
43 283
226 163
226 116
167 271
167 176
271 83
271 272
205 126
205 130
35 231
35 50
35 80
231 182
231 151
190 254
190 33
190 47
254 255
254 165
99 234
99 130
234 135
234 90
40 61
40 7
51 193
51 228
83 155
155 166
155 290
120 64
120 94
141 236
141 34
141 209
236 145
236 255
33 258
57 50
57 184
191 87
14 206
14 34
138 203
138 264
26 123
26 5
26 101
123 195
123 237
10 17
10 266
10 134
17 37
17 119
166 292
292 153
149 221
149 215
221 72
221 294
178 257
178 91
178 274
257 152
16 195
16 133
16 67
146 152
146 89
146 122
152 46
219 294
219 187
219 92
294 192
72 95
72 208
95 164
95 36
31 103
31 263
31 128
103 165
103 112
32 68
32 66
32 18
68 100
68 202
44 122
44 93
61 202
61 197
202 46
121 18
121 119
212 291
212 233
212 124
291 73
291 98
193 45
193 20
18 105
105 88
126 113
126 108
170 248
170 112
170 53
248 147
248 276
182 118
182 7
9 169
9 237
169 100
169 183
134 200
134 22
200 274
200 208
76 240
76 185
76 229
240 267
240 25
50 47
197 49
67 277
67 71
277 106
97 290
97 70
290 244
256 96
173 70
22 187
177 280
177 19
71 112
71 222
127 281
127 86
127 131
281 296
281 218
25 270
25 60
270 36
270 214
209 186
64 90
64 211
90 94
214 266
192 282
192 245
286 66
196 282
196 250
196 49
282 211
24 148
24 113
148 58
148 244
272 183
249 117
249 222
89 168
89 21
211 27
185 52
162 206
162 27
48 52
48 278
80 164
80 45
164 216
41 93
41 224
93 108
163 181
244 258
161 283
161 60
283 38
250 183
250 186
85 135
85 264
85 133
135 4
5 268
5 228
36 23
37 79
156 6
86 143
86 198
92 296
92 79
296 42
207 255
207 52
116 262
116 69
262 267
73 210
53 98
98 136
245 259
245 293
259 274
165 239
239 279
153 246
153 229
268 246
268 252
186 23
79 21
20 23
100 172
96 284
96 11
284 233
91 60
91 11
131 15
131 27
266 117
42 56
42 279
184 8
184 6
264 142
206 215
70 230
230 179
246 66
142 129
233 1
8 278
143 293
38 168
3 87
87 69
13 119
133 267
278 252
46 179
6 101
106 263
106 145
4 28
28 151
28 263
58 198
58 11
114 172
114 297
34 280
176 113
176 218
130 181
279 15
225 128
69 228
210 108
172 235
235 299
280 19
136 151
136 218
129 124
293 19
181 297
297 124
168 117
216 104
147 252
128 104
