245 474
245 321
245 201
474 79
474 377
146 212
146 373
146 246
212 297
212 441
297 102
297 333
13 97
13 81
13 411
97 183
97 10
394 435
394 220
394 104
435 112
435 25
177 437
177 423
177 247
437 41
437 165
141 264
141 407
141 484
264 199
264 404
59 82
59 131
59 404
82 387
82 304
289 498
289 174
289 336
498 168
498 94
65 125
65 325
65 260
125 296
125 174
321 240
321 129
284 438
284 139
284 374
438 238
438 144
308 377
308 6
308 269
377 293
2 203
2 39
2 313
203 32
203 186
427 477
427 336
427 12
477 471
477 242
137 486
137 164
137 12
486 274
486 267
83 286
83 362
83 194
286 144
286 415
472 485
472 385
472 434
485 108
485 463
6 322
6 484
322 39
322 461
67 198
67 447
67 363
198 159
198 408
309 378
309 339
309 96
378 25
378 324
186 298
186 480
298 4
298 129
172 452
172 493
172 370
452 153
452 98
294 487
294 482
294 272
487 144
487 272
230 332
230 261
230 120
332 34
332 90
179 357
179 62
179 151
357 390
357 170
139 329
139 282
133 399
133 74
133 405
399 191
399 260
157 338
157 405
157 66
338 81
338 365
39 364
364 367
364 71
163 269
163 403
163 53
269 228
8 395
8 362
8 375
395 52
395 142
100 469
100 217
100 229
469 388
469 220
58 234
58 439
58 403
234 112
234 77
220 461
423 128
423 138
138 352
138 3
352 416
352 304
132 281
132 159
132 342
281 116
281 227
87 368
87 371
87 56
368 276
368 136
390 441
390 388
33 415
33 257
33 55
415 105
182 376
182 385
182 449
376 41
376 44
41 272
19 260
19 176
19 56
296 407
296 238
407 369
385 311
337 417
337 490
337 361
417 279
417 396
349 382
349 400
349 292
382 453
382 55
128 199
128 463
249 304
249 334
249 464
274 147
274 240
400 4
400 475
113 160
113 387
113 353
160 101
160 367
106 273
106 235
106 86
273 29
273 287
147 236
147 358
81 189
161 447
161 404
161 254
447 96
22 23
22 347
22 253
23 80
23 270
482 174
482 470
142 214
142 328
214 192
214 412
57 228
57 73
57 356
228 69
153 166
153 290
5 190
5 402
5 414
190 162
190 450
145 359
145 233
145 114
359 239
359 169
215 445
215 110
215 131
445 158
445 252
9 197
9 348
9 450
197 50
197 30
217 199
217 489
134 457
134 420
134 44
457 38
457 478
200 313
200 75
200 76
313 366
280 431
280 366
280 68
431 409
431 391
158 167
158 420
167 331
167 259
195 216
195 233
195 380
216 263
216 343
232 354
232 470
232 285
354 425
354 351
411 496
411 36
496 268
496 219
189 383
189 110
383 21
383 351
375 421
375 52
421 305
421 350
218 428
218 115
218 165
428 324
428 54
109 149
109 251
109 422
149 279
149 265
233 219
148 369
148 380
148 323
369 126
270 493
270 40
493 156
93 204
93 372
93 450
204 175
204 209
42 495
42 327
42 120
495 18
495 401
45 393
45 265
45 31
393 426
393 282
201 241
201 223
241 185
241 85
178 248
178 489
178 222
248 143
248 391
32 173
32 47
257 440
257 262
183 479
183 211
387 291
0 107
0 267
0 266
107 311
107 17
327 465
327 231
465 187
465 196
288 492
288 374
288 222
492 191
492 96
239 379
239 391
379 283
379 47
3 279
3 466
25 136
136 459
46 79
46 315
46 442
79 165
238 166
29 439
29 303
225 346
225 299
225 180
346 111
346 319
12 458
458 397
458 398
156 11
156 462
276 397
276 117
397 74
1 192
1 75
1 422
192 420
150 181
150 367
150 355
181 110
181 48
470 343
102 104
102 210
104 320
342 360
342 164
360 455
360 55
362 479
240 27
380 490
490 488
439 319
50 101
50 305
43 72
43 444
43 414
72 306
72 254
151 261
151 315
261 341
247 473
247 61
473 463
473 63
301 453
301 35
301 202
453 226
75 459
307 347
307 194
307 353
347 188
355 433
355 226
433 403
433 171
479 94
52 184
325 386
325 90
185 467
185 350
371 434
371 456
68 92
68 314
92 396
92 255
88 345
88 451
88 412
345 480
345 121
254 386
386 361
480 10
312 336
312 80
312 454
116 168
116 451
251 80
251 471
28 424
28 330
28 64
424 121
424 207
126 303
126 91
303 122
311 213
35 406
35 252
384 464
384 38
384 295
464 166
123 432
123 329
123 271
432 323
432 419
213 335
213 481
335 293
335 120
18 99
18 256
155 250
155 70
155 118
250 402
250 292
143 302
143 31
374 193
124 244
124 370
124 310
244 443
244 285
471 430
16 162
16 430
16 373
162 488
53 211
53 40
211 255
236 408
236 282
489 119
444 468
444 333
366 51
443 127
443 24
20 70
20 484
20 36
70 193
209 324
209 15
292 49
275 287
275 398
275 491
287 95
77 442
77 24
442 31
277 476
277 290
277 326
476 15
476 497
15 170
44 356
62 85
62 255
73 229
73 456
194 170
140 363
140 7
140 175
363 7
99 51
99 188
76 436
76 229
436 71
436 219
316 454
316 302
316 405
454 320
193 63
331 372
331 27
175 410
176 154
176 246
285 328
372 111
330 483
330 14
483 14
483 339
34 227
34 306
468 358
468 323
210 168
210 300
293 406
406 21
299 410
299 180
49 64
49 462
64 227
208 237
208 328
208 135
237 388
237 317
315 429
340 365
340 319
340 169
365 271
89 127
89 448
89 348
127 306
121 184
449 60
449 344
205 451
205 221
205 37
119 429
119 302
429 491
455 460
455 291
14 61
130 295
130 467
130 94
295 416
202 412
202 38
191 497
305 259
131 268
268 221
90 318
398 263
95 440
95 425
440 413
459 159
242 461
242 207
402 54
78 252
78 36
78 334
21 206
329 26
290 30
26 61
26 69
129 122
314 196
314 118
283 350
283 392
66 381
66 343
381 318
381 488
326 497
326 278
17 446
17 300
103 448
103 243
103 409
448 105
441 460
259 51
56 434
85 226
86 224
86 91
224 54
224 114
373 30
258 425
258 265
258 69
361 410
154 206
154 334
206 108
4 422
341 413
341 256
60 171
60 263
171 416
231 118
231 48
467 235
11 278
11 152
278 91
351 243
10 117
108 188
173 196
173 389
491 418
152 47
152 446
115 320
115 499
187 243
187 419
63 466
84 169
84 401
84 396
40 48
105 478
370 112
413 235
221 389
333 418
418 184
24 246
71 430
409 462
27 256
389 353
111 135
267 262
339 392
114 317
446 475
475 117
223 317
223 499
101 291
356 419
348 271
7 408
266 494
266 300
494 344
494 401
344 466
98 164
98 122
180 310
310 37
222 481
426 460
426 478
37 135
358 207
253 414
253 499
456 392
481 74
318 262
