33 155
33 167
33 309
155 152
155 128
2 338
2 267
2 120
338 106
338 212
315 380
315 30
315 312
380 49
380 14
287 309
287 318
287 122
309 306
10 171
10 174
10 150
171 342
171 52
198 231
198 111
198 210
231 143
231 146
318 5
318 82
206 244
206 270
206 214
244 271
244 66
306 331
306 211
331 96
331 15
53 389
53 172
53 247
389 194
389 162
35 362
35 303
35 148
362 342
362 368
134 332
134 141
134 387
332 75
332 253
37 152
37 267
37 213
152 121
22 163
22 156
22 113
163 101
163 387
239 259
239 384
239 397
259 247
259 61
257 304
257 365
257 359
304 217
304 62
21 55
21 27
21 81
55 205
55 142
85 219
85 199
85 117
219 195
219 356
66 215
66 4
215 346
215 368
131 335
131 320
131 292
335 47
335 266
172 196
172 91
196 288
196 69
124 296
124 200
124 351
296 97
296 183
51 235
51 34
51 344
235 261
235 31
135 305
135 75
135 241
305 260
305 17
272 329
272 209
272 222
329 119
329 44
101 95
101 88
205 36
205 393
153 210
153 154
153 164
210 145
173 188
173 137
173 381
188 277
188 164
87 283
87 319
87 67
283 82
283 246
191 322
191 6
191 126
322 357
322 341
65 255
65 24
65 111
255 68
255 180
125 395
125 142
125 186
395 52
395 54
24 276
24 392
46 251
46 64
46 162
251 317
251 17
262 382
262 192
262 100
382 176
382 228
180 340
180 6
340 285
340 261
14 280
14 26
280 233
280 107
175 234
175 111
175 302
234 394
234 185
97 128
97 220
45 286
45 245
45 263
286 252
286 367
109 307
109 364
109 201
307 366
307 6
247 106
323 379
323 350
323 73
379 370
379 294
149 352
149 80
149 330
352 32
352 224
32 249
32 392
126 368
126 183
119 351
119 292
297 354
297 345
297 220
354 330
354 222
236 347
236 201
236 212
347 41
347 394
273 396
273 30
273 301
396 211
396 217
59 333
59 299
59 213
333 39
333 265
316 376
316 20
316 327
376 350
376 167
84 246
84 11
84 90
246 102
146 328
146 190
328 269
328 83
169 204
169 133
169 229
204 8
204 168
56 245
56 13
56 366
245 373
263 242
263 73
36 83
36 276
81 356
81 11
356 325
194 224
194 268
224 89
0 130
0 13
0 221
130 346
130 29
147 301
147 365
147 82
301 221
384 308
384 350
68 185
68 3
284 383
284 23
284 174
383 74
383 202
261 252
366 268
288 220
288 292
63 271
63 359
63 374
271 70
27 49
27 7
7 281
7 256
281 93
281 107
98 121
98 48
98 285
121 381
47 105
47 388
160 203
160 377
160 112
203 144
203 151
266 361
266 207
361 92
361 398
351 15
223 390
223 313
223 293
390 282
390 337
168 225
168 364
225 310
225 227
113 375
113 40
375 123
375 132
102 118
102 139
118 157
118 237
156 345
156 190
345 23
157 310
157 99
310 178
103 110
103 64
103 76
110 355
110 57
250 254
250 123
250 325
254 314
254 138
145 115
145 60
161 325
161 77
161 388
174 216
264 319
264 178
264 386
319 176
129 360
129 243
129 202
360 94
360 256
95 218
95 70
218 324
218 105
201 132
58 89
58 290
58 127
89 41
320 314
320 4
176 170
11 154
25 28
25 367
25 70
28 177
28 18
355 269
355 294
199 311
199 270
311 74
311 20
120 256
120 92
324 369
324 94
243 60
243 104
267 79
52 139
139 197
187 193
187 349
187 178
193 164
193 159
64 122
122 29
96 79
96 12
137 192
137 16
192 397
185 241
241 298
128 276
327 343
327 144
343 115
343 214
57 189
57 16
189 229
189 8
229 258
330 104
268 293
293 182
15 67
154 132
30 74
42 314
42 278
42 38
106 240
240 165
240 88
317 91
317 127
26 378
26 300
378 371
378 71
270 348
348 392
348 93
177 294
177 298
212 165
115 116
72 76
72 289
72 3
76 391
94 300
50 183
50 321
50 238
112 167
112 370
69 88
69 100
303 372
303 357
372 334
372 209
23 302
242 371
242 289
371 99
8 326
394 290
209 230
230 116
230 16
397 377
34 207
34 373
207 279
1 182
1 334
1 208
182 353
359 369
31 308
31 253
308 71
73 179
144 302
253 357
41 385
385 265
385 249
179 269
179 159
67 190
237 278
237 83
278 277
342 221
211 13
275 399
275 12
275 133
399 381
399 217
136 213
136 277
136 344
5 138
5 238
138 17
62 300
62 386
123 148
148 295
86 248
86 341
86 197
248 92
248 290
158 353
158 208
158 291
353 336
4 274
285 166
116 197
140 349
140 114
140 78
349 364
162 181
321 181
321 339
282 289
282 363
75 298
326 341
326 117
291 374
291 91
374 44
249 377
186 339
186 105
339 260
233 363
233 358
216 227
216 398
227 18
166 208
166 200
367 387
77 279
77 184
279 20
365 226
49 313
79 312
370 90
9 108
9 358
9 78
108 336
108 228
299 337
299 19
337 170
80 3
80 150
40 159
40 232
252 214
54 151
54 150
151 226
369 19
222 334
358 391
391 195
12 142
93 48
336 38
39 386
39 29
100 373
346 71
48 143
133 195
44 258
238 274
181 127
104 114
226 107
38 165
260 99
184 228
184 232
363 60
114 388
43 117
43 232
43 344
313 295
200 61
170 295
202 393
393 61
18 78
19 258
265 398
274 143
90 141
141 312
