150 322
150 291
150 192
322 29
322 317
315 389
315 695
315 221
389 669
389 559
1 113
1 68
1 221
113 739
113 422
420 591
420 495
420 97
591 317
591 554
102 690
102 194
102 2
690 621
690 602
3 159
3 130
3 208
159 237
159 122
186 689
186 335
186 681
689 797
689 173
317 700
700 252
700 742
261 310
261 225
261 792
310 237
310 361
117 302
117 95
117 684
302 517
302 375
784 845
784 521
784 151
845 639
845 737
177 841
177 675
177 789
841 847
841 715
197 819
197 379
197 680
819 407
819 567
713 821
713 109
713 406
821 651
821 417
479 654
479 569
479 64
654 492
654 20
630 823
630 794
630 349
823 182
823 27
136 400
136 482
136 539
400 522
400 157
455 791
455 651
455 189
791 370
791 710
227 518
227 655
227 297
518 430
518 210
332 720
332 387
332 50
720 57
720 646
80 90
80 679
80 306
90 158
90 576
37 165
37 86
37 290
165 253
165 29
560 849
560 796
560 43
849 301
849 185
21 571
21 734
21 691
571 809
571 64
253 548
253 210
548 22
548 354
69 467
69 834
69 132
467 769
467 202
255 365
255 138
255 459
365 2
365 519
4 374
4 463
4 271
374 489
374 133
231 794
231 492
231 706
794 242
222 825
222 340
222 730
825 269
825 583
79 288
79 598
79 740
288 482
288 277
524 638
524 597
524 715
638 682
638 289
588 659
588 423
588 502
659 198
659 382
399 643
399 353
399 515
643 711
643 445
76 627
76 783
76 696
627 251
627 795
290 327
290 802
327 22
327 264
469 558
469 265
469 129
558 750
558 753
62 91
62 773
62 563
91 620
91 72
232 731
232 60
232 170
731 243
731 72
74 330
74 397
74 147
330 335
330 738
135 160
135 54
135 764
160 435
160 751
280 664
280 157
280 152
664 840
664 617
533 844
533 137
533 434
844 553
844 105
39 192
39 828
39 212
192 168
300 349
300 41
300 657
349 220
2 655
655 616
180 698
180 702
180 58
698 12
698 414
325 707
325 19
325 681
707 123
707 699
347 466
347 277
347 273
466 439
466 464
207 800
207 155
207 678
800 328
800 835
204 682
204 671
204 623
682 754
380 499
380 367
380 848
499 120
499 206
242 401
242 452
299 510
299 421
299 312
510 488
510 146
435 779
435 198
779 665
779 448
471 473
471 337
471 86
473 807
473 294
415 721
415 379
415 477
721 581
721 352
599 658
599 783
599 644
658 36
658 390
9 564
9 439
9 375
564 190
564 179
677 843
677 615
677 115
843 814
843 632
158 772
158 38
772 535
772 666
360 641
360 696
360 183
641 534
641 612
99 313
99 251
99 445
313 132
313 450
198 235
269 724
269 410
724 765
724 46
263 421
263 756
263 527
421 18
710 732
710 565
732 217
732 248
532 725
532 525
532 716
725 506
725 593
341 785
341 536
341 161
785 44
785 650
19 393
19 163
171 230
171 305
171 837
230 174
230 790
530 657
530 339
530 201
657 832
208 606
208 525
606 523
606 683
535 237
535 397
40 384
40 114
40 634
384 639
384 776
86 206
31 829
31 492
31 570
829 782
829 354
412 786
412 97
412 134
786 139
786 154
593 718
593 129
718 787
718 649
366 410
366 766
366 542
410 157
36 656
36 190
656 15
656 319
335 553
694 741
694 424
694 71
741 525
741 484
266 480
266 394
266 556
480 671
480 839
581 622
581 661
34 359
34 745
34 262
359 215
359 584
520 597
520 260
520 815
597 748
493 500
493 126
493 26
500 44
500 93
576 763
576 364
763 740
763 729
402 461
402 196
402 134
461 184
461 47
112 628
112 289
112 155
628 142
628 176
245 663
245 309
245 697
663 58
663 514
311 608
311 701
311 693
608 474
608 637
745 98
745 441
305 293
305 339
143 386
143 826
143 425
386 395
386 738
75 188
75 691
75 220
188 314
188 392
174 328
174 828
7 53
7 617
7 170
53 582
53 28
132 570
426 531
426 395
426 590
531 592
531 792
124 229
124 508
124 103
229 151
229 692
205 828
205 661
205 89
796 504
796 683
142 287
142 16
797 762
797 281
12 764
12 304
265 552
265 267
28 642
28 552
642 453
642 692
368 747
368 703
368 340
747 268
747 329
57 296
57 401
296 812
296 141
294 388
294 572
388 256
388 333
625 753
625 196
625 573
753 505
357 444
357 16
357 586
444 307
444 680
661 468
328 537
83 555
83 339
83 210
555 144
555 406
128 706
128 234
128 693
706 224
337 321
337 381
85 515
85 746
85 164
515 508
451 758
451 640
451 729
758 148
758 537
70 243
70 13
70 169
243 81
340 42
155 433
48 345
48 96
48 460
345 771
345 35
598 275
598 295
613 648
613 759
613 408
648 239
648 463
8 803
8 276
8 547
803 81
803 601
106 551
106 181
106 647
551 816
551 481
696 133
63 711
63 812
63 546
711 536
559 798
559 839
798 472
798 497
665 756
665 370
618 704
618 434
618 529
704 602
704 29
116 457
116 381
116 543
457 104
457 0
449 517
449 728
449 488
517 25
238 748
238 273
238 462
748 391
144 672
144 51
65 411
65 256
65 393
411 162
411 240
321 385
321 358
592 679
592 506
130 742
130 735
742 567
424 163
424 336
47 478
47 737
478 308
478 373
239 490
239 756
419 615
419 806
419 507
615 358
553 110
387 668
387 18
668 20
668 393
521 734
521 579
88 228
88 226
88 820
228 578
228 94
184 702
184 217
16 468
468 60
766 824
766 219
334 405
334 161
334 633
405 78
405 736
236 736
236 806
236 475
736 662
285 512
285 199
285 528
512 536
512 336
783 587
396 730
396 438
396 705
730 307
59 816
59 140
59 594
816 167
13 211
13 835
211 95
211 594
477 574
477 103
574 508
574 811
350 735
350 84
350 226
735 595
104 450
104 17
450 276
309 447
309 787
338 653
338 775
338 125
653 799
653 768
225 596
225 811
596 827
596 432
376 392
376 121
376 569
392 233
44 52
602 52
423 87
423 496
209 256
209 215
209 670
622 815
622 470
196 486
812 153
647 832
647 614
832 96
459 632
459 382
632 676
671 273
267 727
267 806
727 744
727 77
291 212
291 93
283 326
283 701
283 511
326 688
326 355
287 827
287 804
95 503
15 776
15 247
776 390
824 842
824 771
739 807
739 684
807 306
183 495
183 487
792 818
818 483
818 442
504 46
504 286
395 607
379 264
30 202
30 241
30 154
202 58
259 476
259 646
259 744
476 556
476 133
260 637
260 826
203 431
203 780
203 351
431 172
431 35
529 830
529 316
830 307
830 55
147 270
147 240
270 173
270 348
137 342
137 583
342 398
342 187
118 737
118 738
118 649
433 749
433 107
749 383
749 578
373 847
373 343
847 293
167 635
167 320
635 249
635 831
579 808
579 216
808 773
808 446
45 200
45 501
45 523
200 491
200 611
234 407
234 66
377 709
377 5
377 383
709 140
709 650
501 575
501 434
219 233
219 586
381 43
370 109
644 765
644 121
765 601
543 719
543 320
719 440
719 744
215 43
68 834
68 284
834 289
17 151
17 191
773 262
194 590
194 743
52 409
23 575
23 685
23 777
575 10
153 770
153 355
770 683
770 590
316 568
316 685
568 46
568 754
397 149
218 670
218 5
218 235
670 506
11 722
11 577
11 119
722 78
722 241
440 105
440 761
498 580
498 240
498 511
580 578
580 416
318 470
318 687
318 32
470 840
249 448
249 125
22 768
306 760
760 614
760 282
333 485
333 810
485 542
485 600
216 723
216 740
723 224
723 385
20 789
220 464
464 250
241 258
258 733
258 38
837 303
837 545
163 446
491 752
491 801
362 669
362 247
362 554
669 185
789 842
114 567
114 352
672 831
672 838
831 430
250 817
250 14
353 705
353 331
705 545
688 277
688 778
182 616
182 552
582 793
582 667
793 409
793 587
746 361
746 634
385 169
89 716
89 757
716 617
284 527
284 98
173 715
414 549
414 127
549 693
549 589
348 603
348 320
603 131
603 172
570 583
781 836
781 838
781 833
836 279
836 528
71 331
71 833
331 729
703 699
703 371
175 244
175 503
175 759
244 73
244 100
145 401
145 168
145 403
489 453
489 788
547 646
547 278
425 805
425 138
805 146
805 108
10 297
10 636
297 149
382 614
398 298
398 161
826 541
5 650
675 584
675 605
462 637
462 487
541 728
541 67
728 403
546 465
546 247
817 304
817 33
6 605
6 56
6 271
605 139
441 762
441 214
762 279
378 822
378 146
378 413
822 516
822 122
448 651
272 697
272 577
272 483
697 403
308 354
308 755
105 364
527 511
303 540
303 77
540 666
540 782
679 87
584 534
185 82
77 351
355 708
708 702
708 750
456 494
456 27
456 428
494 482
494 631
769 562
769 279
97 526
187 652
187 119
252 319
252 726
684 589
391 486
391 634
486 66
523 390
768 767
733 780
733 513
780 609
212 115
123 226
123 687
49 120
49 519
49 125
120 201
98 799
799 32
126 452
126 612
452 645
463 314
701 404
162 427
162 110
262 813
275 324
275 757
324 502
324 195
101 372
101 323
101 699
372 25
372 846
82 660
82 649
660 771
660 199
556 319
60 645
465 170
465 586
134 563
563 562
577 572
168 24
293 820
820 475
595 633
595 213
633 292
26 67
26 557
67 442
692 589
474 587
474 636
616 775
24 673
24 565
673 846
673 164
842 814
407 92
14 107
14 460
505 429
505 623
565 554
141 573
141 503
685 346
413 611
413 472
611 217
363 790
363 848
363 497
790 787
84 292
84 726
292 437
140 717
717 801
717 509
206 662
662 295
96 607
233 507
264 600
129 191
191 364
569 251
51 271
51 490
169 757
274 810
274 92
274 815
810 371
488 55
156 301
156 278
156 490
301 442
199 528
286 496
286 610
496 453
813 686
813 408
609 777
609 629
777 437
422 542
422 714
122 164
41 176
41 224
176 623
190 152
73 344
73 418
189 369
189 755
430 61
278 66
195 620
195 438
620 619
764 788
652 166
652 346
257 487
257 544
257 103
148 809
148 755
809 795
838 712
110 481
417 561
417 443
561 246
561 443
78 695
371 566
566 408
566 138
516 804
516 394
804 50
752 538
752 513
268 594
268 774
775 778
714 802
714 848
802 545
639 681
475 111
743 56
743 336
246 782
246 139
383 795
827 761
172 604
774 801
774 619
127 437
127 418
495 109
254 640
254 840
254 514
640 323
676 778
676 276
121 281
64 626
572 111
839 72
108 149
108 282
298 538
298 610
538 557
562 131
429 248
429 695
248 751
573 767
107 179
179 18
726 624
56 356
27 678
343 814
343 509
507 767
759 691
445 537
100 539
100 344
539 626
35 409
54 544
54 367
544 346
666 119
181 788
181 550
201 358
213 550
213 509
550 454
304 534
600 519
214 514
214 32
502 750
416 585
416 92
585 481
585 42
154 356
356 754
472 312
352 94
439 50
87 687
394 484
38 674
344 295
0 131
0 61
367 314
601 281
522 621
522 428
621 221
323 751
680 667
282 223
712 404
712 458
94 645
526 604
526 361
604 436
312 619
404 636
629 686
629 33
686 193
626 454
438 811
734 458
447 178
447 458
607 25
329 178
329 432
483 61
178 460
674 166
674 235
375 624
624 42
193 557
193 427
418 432
406 846
33 443
115 612
513 351
93 55
427 484
152 223
223 166
111 81
454 761
667 436
610 631
833 436
369 678
369 835
631 428
497 446
