87 553
87 358
87 558
553 291
553 438
253 576
253 322
253 652
576 679
576 541
62 618
62 75
62 646
618 163
618 534
319 521
319 669
319 679
521 26
521 209
405 472
405 186
405 173
472 698
472 375
82 456
82 628
82 408
456 281
456 69
56 556
56 277
56 1
556 130
556 345
94 659
94 484
94 463
659 515
659 97
232 373
232 68
232 81
373 611
373 191
189 411
189 377
189 591
411 210
411 399
129 546
129 289
129 419
546 102
546 531
438 487
438 677
487 24
487 85
130 371
130 503
371 133
371 592
192 593
192 596
192 432
593 233
593 694
227 285
227 298
227 392
285 210
285 68
148 150
148 512
148 693
150 333
150 512
39 243
39 656
39 241
243 436
243 552
76 381
76 314
76 57
381 202
381 223
32 204
32 422
32 216
204 626
204 167
484 630
484 48
630 523
630 194
291 17
291 473
259 530
259 10
259 524
530 247
530 327
161 196
161 193
161 564
196 356
196 442
226 591
226 547
226 380
591 308
258 385
258 188
258 311
385 315
385 398
102 282
102 268
239 533
239 377
239 445
533 629
533 605
292 536
292 29
292 481
536 519
536 498
202 633
202 443
633 103
633 10
20 504
20 322
20 681
504 123
504 252
172 214
172 348
172 448
214 229
214 42
13 465
13 648
13 164
465 390
465 283
153 219
153 693
153 245
219 483
219 272
109 698
109 691
109 452
698 598
51 73
51 449
51 406
73 125
73 479
44 312
44 671
44 8
312 152
312 297
277 635
277 665
269 421
269 307
269 580
421 571
421 431
522 589
522 677
522 510
589 114
589 625
12 100
12 131
12 600
100 338
100 280
126 503
126 562
126 640
503 493
97 287
97 643
287 483
287 534
486 675
486 16
486 222
675 113
675 367
384 655
384 30
384 36
655 167
655 596
470 569
470 363
470 602
569 119
569 180
28 224
28 345
28 540
224 645
224 617
410 527
410 158
410 592
527 184
527 597
293 607
293 615
293 609
607 401
607 565
40 198
40 119
40 505
198 60
198 423
106 372
106 380
106 266
372 588
372 290
158 176
158 394
61 230
61 429
61 417
230 225
230 171
531 692
531 209
692 583
692 353
538 551
538 21
538 608
551 537
551 459
363 57
363 445
105 184
105 686
105 476
184 638
1 108
1 246
108 475
108 563
238 457
238 603
238 477
457 342
457 604
30 242
30 482
242 328
242 89
17 309
17 554
309 466
309 325
409 684
409 670
409 316
684 237
684 446
35 357
35 180
35 14
357 25
357 554
69 508
69 507
508 351
508 305
671 639
671 7
298 34
298 426
310 543
310 367
310 15
543 562
543 132
499 568
499 324
499 579
568 132
568 280
29 519
29 681
205 396
205 336
205 136
396 460
396 316
406 678
406 185
678 412
678 640
482 646
482 98
646 118
524 652
524 446
652 99
57 413
345 631
300 615
300 294
300 115
615 311
211 686
211 368
211 117
686 131
369 467
369 92
369 397
467 637
467 265
36 605
36 365
605 434
337 444
337 662
337 174
444 601
444 303
494 507
494 419
494 191
507 592
432 434
432 690
434 77
392 673
392 619
71 401
71 450
71 257
401 580
250 632
250 263
250 481
632 500
632 67
225 168
225 121
462 542
462 251
462 398
542 490
542 315
24 194
24 634
690 274
690 27
86 282
86 668
86 223
282 619
276 461
276 209
276 270
461 235
461 140
42 621
42 26
621 688
621 595
152 645
152 514
645 252
314 387
314 52
387 426
387 215
212 278
212 429
212 145
278 321
278 408
631 657
631 249
111 464
111 342
111 265
464 567
464 670
165 682
165 295
165 340
682 559
682 412
516 540
516 624
516 218
540 364
316 515
515 641
229 613
229 149
176 256
176 122
213 350
213 9
213 15
350 355
350 687
195 463
195 135
195 344
463 338
186 382
186 358
3 549
3 83
3 295
549 72
549 220
670 52
355 318
355 600
353 491
353 9
491 38
491 550
120 567
120 324
120 116
567 34
19 246
19 200
19 160
246 458
320 323
320 90
320 641
323 360
323 166
52 654
60 683
60 117
683 18
683 68
233 623
233 497
89 579
89 506
579 439
142 582
142 389
142 203
582 7
582 138
27 497
27 286
497 245
376 520
376 297
376 43
520 428
520 296
338 500
297 389
168 451
168 428
78 179
78 616
78 390
179 424
179 637
557 662
557 248
557 341
662 4
21 548
21 616
548 141
548 433
668 647
668 689
159 500
159 182
159 194
11 525
11 688
11 404
525 218
525 517
635 610
635 581
133 2
133 262
169 455
169 541
169 251
455 270
455 446
80 606
80 466
80 50
606 304
606 378
110 140
110 181
110 375
140 166
83 370
83 399
370 452
370 244
147 296
147 391
147 577
296 317
144 636
144 206
144 471
636 170
636 53
237 45
237 136
360 648
360 14
207 594
207 128
207 574
594 33
594 53
483 587
587 274
587 451
382 648
382 619
358 407
141 249
141 122
249 595
136 143
143 397
143 336
380 476
583 687
583 397
263 171
263 502
247 514
247 425
514 590
37 137
37 284
37 256
137 433
137 590
295 539
308 653
308 415
519 534
321 528
321 502
340 403
340 599
403 146
403 156
163 54
163 391
342 492
623 685
623 563
685 653
685 532
10 496
228 509
228 154
228 609
509 598
509 447
449 651
449 510
599 663
599 257
663 669
663 66
84 492
84 696
84 117
492 311
315 495
495 313
495 404
572 575
572 418
572 34
575 95
575 178
41 112
41 352
41 127
112 696
112 653
146 481
146 650
171 505
505 264
585 639
585 244
585 558
639 181
31 354
31 326
31 642
354 416
354 234
200 107
200 466
85 563
85 139
255 584
255 107
255 162
584 79
584 135
512 638
336 459
90 260
90 613
260 274
260 478
280 677
281 119
281 513
55 302
55 88
55 344
302 254
302 428
687 288
626 658
626 327
658 220
658 608
45 127
45 197
127 578
22 125
22 330
22 208
125 440
424 523
424 54
523 450
177 673
177 654
177 99
673 586
261 416
261 644
261 478
416 58
624 178
624 681
422 490
422 124
180 77
50 101
50 190
526 674
526 407
526 201
674 115
674 182
182 208
208 74
65 199
65 294
65 2
199 23
199 251
8 330
8 561
330 649
383 634
383 173
383 98
634 93
181 244
423 441
423 334
441 339
441 217
67 672
67 602
672 430
672 418
322 660
121 59
121 175
415 595
415 123
333 642
333 439
642 318
154 649
154 469
649 77
598 480
476 485
693 175
602 696
660 74
660 190
101 664
101 332
664 489
664 596
2 98
377 680
223 528
528 88
178 157
128 138
128 498
138 25
170 620
170 454
620 665
620 288
210 427
427 81
427 529
554 654
116 676
116 669
676 294
676 245
679 356
248 612
248 661
680 305
680 289
107 560
234 241
234 388
241 517
218 351
496 346
496 317
173 366
217 426
217 695
299 388
299 289
299 367
388 332
628 252
628 697
326 419
326 566
235 564
235 694
114 49
114 386
394 643
394 601
643 103
425 469
425 284
469 666
188 404
188 328
307 346
307 215
346 54
413 513
413 612
513 273
270 390
304 240
304 431
93 386
93 365
386 501
160 574
160 79
574 617
46 329
46 347
46 306
329 317
329 697
644 650
644 275
157 559
157 343
588 201
588 145
544 694
544 475
544 236
347 511
347 38
183 581
183 541
183 63
581 201
412 5
75 99
75 9
5 477
5 216
197 344
197 627
359 361
359 365
359 586
361 488
361 265
695 273
695 402
429 529
571 689
571 617
689 613
447 501
447 364
501 164
433 566
566 453
552 657
552 490
657 139
610 489
610 14
306 493
306 167
115 555
47 283
47 479
47 59
283 7
266 327
266 437
547 341
547 479
74 603
586 440
517 193
341 604
604 473
139 565
149 699
149 155
699 558
699 529
335 691
335 222
335 231
691 393
103 561
561 4
650 134
267 511
267 221
267 118
511 597
493 190
445 697
262 414
262 565
414 570
414 535
95 0
95 564
64 331
64 134
64 622
331 391
331 562
38 468
468 379
468 113
175 271
264 573
264 400
559 629
66 539
66 667
539 378
430 254
430 614
368 48
368 220
155 203
155 550
474 580
474 135
474 23
271 666
271 339
666 215
688 118
453 191
453 661
436 268
436 339
616 395
203 638
407 420
145 535
535 435
303 334
303 640
334 614
348 485
348 33
485 92
131 389
489 59
408 647
601 608
332 366
510 651
651 629
475 174
352 284
352 578
33 124
393 502
393 374
440 222
364 398
88 478
166 221
221 132
656 313
656 92
58 279
58 123
279 187
279 622
570 518
570 257
318 325
231 597
231 555
286 622
286 400
4 437
356 91
665 96
96 488
96 343
379 431
379 402
454 471
454 603
471 49
174 667
240 273
240 611
91 577
91 435
577 573
187 374
187 362
374 0
48 647
328 290
418 162
452 537
537 661
254 216
378 460
451 325
25 151
442 627
442 550
627 506
351 518
518 480
498 18
275 272
275 488
600 375
134 612
122 16
206 400
206 164
72 53
72 6
290 185
477 6
450 435
26 185
324 448
313 70
79 458
366 506
578 395
458 399
156 272
156 151
555 545
473 104
256 609
641 236
16 63
113 614
15 23
417 439
417 151
70 288
70 236
104 301
104 625
124 460
459 560
301 349
301 343
349 532
349 480
162 590
637 402
611 305
63 18
268 6
667 545
49 560
193 362
395 448
81 443
443 43
532 437
573 43
545 0
625 420
362 420
