692 785
692 155
692 888
785 506
785 467
338 373
338 464
338 830
373 222
373 767
33 820
33 850
33 211
820 206
820 37
475 787
475 238
475 695
787 221
787 354
263 644
263 5
263 25
644 109
644 96
68 139
68 26
68 382
139 331
139 517
620 881
620 725
620 393
881 494
881 855
16 623
16 801
16 49
623 775
623 678
51 464
51 133
51 567
464 165
22 666
22 414
22 281
666 849
666 143
456 778
456 105
456 676
778 360
778 576
180 731
180 870
180 543
731 210
731 548
82 833
82 56
82 577
833 241
833 334
512 795
512 591
512 874
795 245
795 119
403 888
403 335
403 163
888 536
92 883
92 447
92 590
883 113
883 823
519 690
519 891
519 199
690 61
690 278
102 667
102 866
102 443
667 84
667 221
37 129
37 348
129 807
129 221
95 628
95 147
95 132
628 688
628 122
401 591
401 227
401 198
591 748
62 716
62 523
62 792
716 566
716 299
156 494
156 385
156 812
494 289
414 743
414 350
59 827
59 629
59 749
827 176
827 873
343 357
343 479
343 486
357 470
357 615
239 757
239 814
239 300
757 148
757 720
205 652
205 411
205 382
652 541
652 617
200 457
200 423
200 445
457 886
457 791
58 229
58 64
58 629
229 111
229 699
155 884
155 214
287 811
287 849
287 599
811 589
811 468
23 243
23 468
23 548
243 576
243 5
255 715
255 877
255 381
715 825
715 115
334 779
334 484
779 837
779 207
665 878
665 138
665 649
878 470
878 12
135 798
135 569
135 208
798 258
798 333
569 313
569 371
310 421
310 836
310 826
421 895
421 764
347 574
347 611
347 305
574 805
574 368
578 586
578 654
578 103
586 694
586 830
99 853
99 360
99 144
853 121
853 843
565 768
565 381
565 232
768 127
768 576
481 774
481 67
481 469
774 711
774 857
337 537
337 647
337 124
537 136
537 307
828 854
828 497
828 285
854 31
854 188
30 465
30 755
30 189
465 482
465 306
439 441
439 197
439 745
441 668
441 440
476 588
476 38
476 869
588 285
588 707
550 622
550 583
550 804
622 269
622 417
274 309
274 267
274 215
309 153
309 434
70 659
70 371
70 120
659 501
659 318
60 120
60 551
60 782
120 458
52 646
52 108
52 125
646 65
646 317
285 872
280 775
280 42
280 684
775 366
568 769
568 361
568 613
769 32
769 424
324 817
324 466
324 101
817 561
817 136
198 412
198 374
412 680
412 188
133 147
133 542
141 701
141 220
141 754
701 101
701 605
105 406
105 147
406 737
406 832
459 489
459 332
459 183
489 172
489 710
142 553
142 378
142 34
553 411
553 303
395 733
395 388
395 630
733 173
733 250
461 678
461 616
461 442
678 91
348 392
348 815
392 3
392 471
212 473
212 332
212 505
473 740
473 443
606 894
606 21
606 836
894 740
894 493
866 580
866 829
432 741
432 89
432 455
741 726
741 729
222 291
222 487
521 706
521 629
521 34
706 531
706 149
379 851
379 27
379 138
851 4
851 632
507 542
507 672
507 149
542 341
240 427
240 318
240 523
427 384
427 345
500 503
500 191
500 128
503 398
503 689
257 745
257 810
257 84
745 721
685 814
685 322
685 386
814 766
279 800
279 89
279 772
800 97
800 161
688 686
688 664
352 604
352 899
352 175
604 514
604 110
682 744
682 533
682 85
744 625
744 499
790 871
790 340
790 720
871 618
871 313
192 773
192 233
192 47
773 173
773 711
376 710
376 831
376 492
710 273
570 575
570 730
570 260
575 20
575 72
117 864
117 738
117 454
864 658
864 554
350 428
350 123
428 223
428 164
107 670
107 874
107 118
670 75
670 270
93 506
93 311
93 567
506 370
98 850
98 431
98 174
850 826
737 196
737 293
831 626
831 654
364 856
364 183
364 275
856 332
856 460
3 734
3 478
734 94
734 868
14 743
14 359
14 889
743 172
305 398
305 669
398 857
426 809
426 468
426 460
809 709
809 42
233 380
233 549
48 597
48 73
48 50
597 101
597 194
46 673
46 281
46 374
673 315
673 691
740 220
42 819
819 645
819 219
113 470
113 671
125 444
125 538
444 297
444 4
325 618
325 882
325 499
618 316
168 634
168 10
168 562
634 297
634 419
39 669
39 749
39 797
669 761
65 807
65 251
807 822
326 699
326 592
326 525
699 431
167 446
167 236
167 449
446 460
446 103
112 510
112 433
112 436
510 236
510 85
69 777
69 486
69 410
777 132
777 47
55 613
55 249
55 8
613 679
654 322
508 595
508 598
508 378
595 319
595 323
614 842
614 277
614 416
842 375
842 275
72 293
72 340
293 495
431 336
711 533
244 256
244 896
244 74
256 87
256 832
805 234
805 447
153 254
153 788
254 452
254 794
184 736
184 329
184 826
736 650
736 41
166 867
166 469
166 47
867 556
867 656
202 380
202 306
202 134
380 490
436 583
436 786
583 277
40 848
40 477
40 791
848 90
848 852
21 134
21 214
385 450
385 478
404 752
404 482
404 892
752 592
752 801
210 621
210 513
621 151
621 369
88 781
88 750
88 171
781 396
781 408
201 429
201 585
201 44
429 234
429 893
7 298
7 897
7 79
298 407
298 409
242 430
242 776
242 893
430 323
430 409
209 253
209 149
209 504
253 100
253 821
84 722
331 358
331 415
358 548
358 625
213 897
213 359
213 225
897 732
214 596
596 750
596 708
535 539
535 375
535 215
539 834
539 849
191 294
191 679
179 346
179 793
179 86
346 163
346 484
445 645
445 438
645 189
703 760
703 6
703 601
760 366
760 423
518 751
518 216
518 164
751 96
751 788
450 717
450 889
87 793
87 173
793 845
45 387
45 394
45 649
387 834
387 336
154 330
154 898
154 724
330 812
330 252
97 433
97 657
433 756
79 830
79 170
140 660
140 728
140 556
660 190
660 182
551 530
551 515
511 832
511 164
511 640
178 543
178 876
178 603
543 295
8 626
8 491
626 316
132 6
341 146
341 758
64 642
64 116
642 524
642 10
106 230
106 862
106 145
230 526
230 417
423 528
514 735
514 534
735 495
735 356
391 664
391 610
391 704
664 527
399 753
399 1
399 676
753 838
753 517
658 260
658 389
193 684
193 572
193 289
684 640
466 344
466 174
234 247
452 471
452 203
471 0
297 122
159 520
159 552
159 368
520 722
520 648
672 566
672 767
225 730
225 241
730 119
592 249
114 862
114 843
114 409
862 215
163 342
386 683
386 497
683 453
683 365
236 810
647 630
647 123
502 714
502 573
502 389
714 442
714 806
755 12
755 383
640 738
89 295
377 719
377 19
377 266
719 594
719 593
110 555
110 680
185 405
185 419
185 627
405 437
405 76
270 449
270 509
449 791
206 693
206 813
693 529
693 490
447 792
792 705
67 656
67 865
656 651
388 562
388 186
562 739
74 286
74 861
286 365
286 776
318 371
53 83
53 858
53 408
83 321
83 522
344 555
344 593
555 691
103 547
529 686
529 516
686 284
567 490
235 504
235 31
235 35
504 758
31 196
516 868
516 687
868 895
396 723
396 747
723 594
723 161
71 783
71 749
71 577
783 874
783 801
187 320
187 402
187 846
320 509
320 589
18 362
18 727
18 477
362 291
362 43
25 258
25 865
258 639
722 11
249 582
547 748
547 276
748 729
577 590
590 705
501 637
501 651
637 534
637 587
0 546
0 130
825 349
825 28
580 892
580 10
319 861
319 17
861 847
108 808
108 80
44 104
44 689
104 397
104 835
759 873
759 599
759 148
873 763
615 859
615 36
859 525
859 526
573 536
573 612
891 648
891 462
882 599
882 162
533 474
211 631
211 451
631 126
631 94
11 196
11 454
208 333
208 544
333 799
540 806
540 808
540 259
806 558
204 857
204 137
204 372
189 728
728 875
6 118
118 742
397 63
397 855
834 680
26 677
26 219
411 603
359 363
265 844
265 267
265 641
844 607
844 24
250 572
250 367
572 56
865 81
546 1
546 437
382 611
611 61
314 327
314 157
314 35
327 308
327 803
90 311
90 393
875 145
875 712
1 50
394 886
394 328
886 718
534 57
378 840
499 402
463 698
463 756
463 434
698 91
698 532
552 424
552 100
137 384
137 885
384 707
370 815
370 530
128 600
128 251
600 54
600 677
323 636
190 896
190 608
290 747
290 467
290 35
747 863
261 720
261 186
261 81
223 718
223 843
896 488
437 802
802 29
802 308
329 764
329 292
4 627
627 776
451 858
451 837
858 558
78 841
78 560
78 339
841 770
841 389
676 796
796 663
796 480
453 638
453 696
638 872
638 559
36 663
36 203
237 605
237 170
237 238
605 697
96 363
322 162
479 782
479 695
186 415
415 584
424 486
829 846
829 601
566 383
232 238
232 80
484 724
724 271
704 727
704 402
727 619
360 278
311 24
150 182
150 717
150 313
182 815
689 124
480 582
480 194
582 299
252 458
252 594
458 181
517 649
782 15
227 381
227 54
130 115
130 355
712 824
712 158
824 789
824 554
304 770
304 13
304 557
770 281
288 762
288 487
288 493
762 422
762 425
422 264
422 266
353 662
353 797
353 165
662 758
662 177
630 462
32 612
32 9
612 635
231 821
231 616
231 197
821 312
61 54
131 181
131 116
131 438
181 474
12 2
283 315
283 246
283 195
315 316
838 199
838 523
808 794
177 413
177 276
413 545
413 416
524 786
524 363
786 498
750 419
726 696
726 869
145 899
146 282
146 696
282 847
282 528
224 610
224 721
224 675
610 571
895 38
264 492
264 491
296 491
296 713
296 269
487 496
709 272
709 702
674 702
674 2
674 248
702 440
57 474
57 73
822 75
822 765
492 608
846 217
86 393
86 655
245 746
245 579
425 876
425 400
764 598
650 641
650 127
657 860
657 407
860 91
860 116
160 579
160 564
160 563
579 485
648 307
356 374
356 675
176 300
176 515
300 478
109 884
109 248
884 496
721 852
267 729
368 317
847 559
301 717
301 772
301 812
601 823
365 472
472 272
472 845
340 810
756 799
306 687
469 148
354 440
354 651
526 549
115 653
20 307
20 278
561 890
561 558
890 169
890 448
541 418
541 559
5 563
126 144
126 43
144 794
536 434
335 804
335 321
845 708
713 885
713 27
19 813
19 818
813 443
554 681
549 767
369 818
369 336
818 448
625 879
134 772
269 816
816 317
816 158
538 632
538 789
632 893
687 840
840 700
127 557
563 661
661 247
661 560
488 207
488 557
66 349
66 697
66 788
349 312
408 643
643 732
643 633
162 780
217 639
217 294
639 216
754 763
754 560
763 418
199 361
361 266
718 498
49 273
49 367
273 899
203 226
608 766
766 619
216 836
694 725
694 746
725 328
272 602
544 454
544 143
299 589
170 277
246 482
246 837
375 321
616 493
799 663
339 739
339 700
739 803
761 877
761 633
877 9
545 780
545 587
73 885
312 410
174 564
564 400
136 284
495 823
556 417
483 617
483 738
483 653
617 175
121 530
121 390
367 671
671 784
289 294
509 839
248 835
835 653
63 152
63 276
152 585
152 29
220 183
527 571
527 226
161 241
732 77
228 898
228 879
228 681
898 438
442 262
303 784
303 677
784 462
38 531
532 872
532 268
122 17
13 169
13 351
169 609
17 485
85 695
50 268
291 24
226 797
407 435
435 641
435 271
372 887
372 416
887 138
887 251
619 497
328 700
292 863
292 505
863 780
94 124
260 585
9 789
513 383
513 602
56 602
707 525
528 571
598 218
345 355
345 390
76 531
76 889
804 607
587 876
172 593
75 635
81 41
158 880
207 668
284 15
302 581
302 171
302 609
581 496
581 171
485 855
668 691
15 151
151 455
635 655
418 295
609 746
655 271
34 342
275 624
870 262
870 839
366 880
880 852
80 308
390 679
708 268
194 195
448 157
165 803
420 455
420 467
420 633
262 259
2 498
892 410
143 259
697 111
195 77
29 624
705 869
515 477
342 636
218 771
218 839
771 247
771 742
879 157
100 675
27 219
111 607
400 765
119 355
197 505
584 175
584 28
636 624
742 351
603 41
43 28
188 522
522 351
123 681
77 765
