91 416
91 181
91 530
416 41
416 235
56 309
56 500
56 232
309 386
309 164
83 174
83 127
83 504
174 217
174 466
463 544
463 516
463 107
544 15
544 176
106 148
106 103
106 160
148 137
148 482
115 453
115 24
115 520
453 472
453 311
394 444
394 74
394 292
444 59
444 183
123 466
123 403
123 486
466 158
136 158
136 343
136 321
158 288
24 75
24 51
7 282
7 451
7 22
282 294
282 232
233 356
233 323
233 172
356 398
356 152
478 532
478 475
478 228
532 141
532 395
81 487
81 15
81 365
487 190
487 192
87 418
87 402
87 145
418 473
418 277
45 412
45 139
45 431
412 333
412 366
168 226
168 351
168 547
226 422
226 526
311 522
311 308
522 101
522 213
62 492
62 195
62 500
492 133
492 157
239 515
239 329
239 126
515 223
515 9
68 386
68 372
68 74
386 132
479 524
479 509
479 154
524 258
524 210
89 427
89 322
89 264
427 291
427 154
471 529
471 334
471 314
529 11
529 285
162 170
162 452
162 191
170 443
170 26
97 449
97 117
97 255
449 296
449 276
235 401
235 472
401 540
401 409
441 506
441 501
441 326
506 80
506 299
42 370
42 94
42 434
370 229
370 110
299 422
299 456
422 270
236 482
236 171
236 48
482 105
316 502
316 161
316 116
502 435
502 375
291 514
291 260
290 373
290 173
290 362
373 265
373 127
426 481
426 393
426 39
481 119
481 440
195 360
195 82
112 461
112 79
112 65
461 213
461 269
517 528
517 184
517 323
528 294
528 339
252 355
252 510
252 523
355 423
355 431
121 537
121 127
121 488
537 15
537 103
258 457
258 343
224 382
224 63
224 306
382 134
382 39
157 203
157 357
203 102
203 48
178 424
178 43
178 187
424 315
424 152
298 340
298 247
298 305
340 0
340 349
415 498
415 440
415 267
498 30
498 325
191 214
191 193
214 287
214 155
30 331
30 425
372 504
372 50
113 133
113 312
113 270
133 50
69 346
69 247
69 521
346 19
346 90
9 350
9 503
350 1
350 33
58 364
58 305
58 249
364 189
364 98
357 511
357 403
511 137
511 411
12 495
12 197
12 21
495 198
495 63
221 489
221 470
221 40
489 25
489 337
360 206
360 78
206 266
206 0
105 305
105 361
207 325
207 137
207 280
325 231
501 275
501 124
103 480
406 543
406 66
406 490
543 49
543 486
327 488
327 293
327 111
488 100
36 443
36 11
36 151
443 300
473 542
473 429
542 400
542 76
516 474
516 547
474 186
474 320
13 78
13 182
13 271
78 26
240 358
240 548
240 313
358 477
358 393
266 496
266 76
496 385
496 140
351 248
351 241
130 334
130 480
130 37
334 458
196 279
196 304
196 541
279 216
279 92
363 456
363 303
363 150
456 73
27 241
27 408
27 0
241 417
31 202
31 297
31 314
202 52
202 276
171 362
171 447
362 339
1 192
1 446
99 117
99 269
99 538
117 143
398 119
398 85
287 326
287 497
326 465
436 525
436 413
436 231
525 429
525 549
198 289
198 377
67 161
67 276
67 459
161 243
288 118
288 302
10 35
10 57
10 212
35 273
35 93
102 536
102 465
536 114
536 512
189 513
189 200
513 380
513 79
100 194
100 44
194 344
194 442
190 374
190 292
304 509
304 65
509 118
223 264
223 47
264 378
138 324
138 165
138 549
324 300
324 332
420 549
420 134
420 261
380 166
380 74
410 526
410 342
410 262
526 131
323 535
142 312
142 167
142 409
312 376
217 315
217 211
315 408
173 301
173 32
265 154
265 388
319 353
319 272
319 188
353 455
353 160
218 459
218 301
218 98
459 186
79 114
85 433
85 135
433 375
433 308
400 445
400 242
445 73
445 322
186 256
256 399
256 187
268 307
268 385
268 548
307 140
307 40
192 243
470 167
470 341
234 260
234 462
234 188
260 520
55 419
55 490
55 476
419 359
419 38
93 284
93 228
284 84
284 317
164 335
164 4
335 383
335 122
172 437
172 86
437 281
437 375
39 313
313 187
134 518
293 527
293 147
73 333
333 523
175 201
175 111
175 289
201 477
201 374
4 72
4 411
72 540
72 19
257 392
257 368
257 6
392 321
392 280
500 131
77 452
77 222
77 383
452 308
182 505
182 71
505 227
505 446
149 328
149 408
149 367
328 211
328 230
118 322
504 32
101 251
101 485
251 75
251 169
540 521
14 539
14 462
14 53
539 439
539 18
143 345
143 330
54 432
54 491
54 205
432 259
432 244
271 439
271 49
439 208
371 377
371 330
371 457
377 508
66 23
66 468
197 237
197 384
374 530
3 368
3 330
3 272
368 389
60 246
60 425
60 145
246 512
246 497
348 402
348 213
348 446
402 156
344 512
344 285
261 263
261 26
263 303
263 361
152 391
94 51
94 222
116 281
116 274
281 383
301 46
111 548
286 454
286 108
286 387
454 84
454 210
108 124
108 160
92 180
92 435
180 369
180 503
47 428
47 361
428 255
428 389
320 425
320 381
303 450
151 485
151 434
485 82
124 486
5 440
5 21
5 407
33 139
33 21
139 20
167 215
215 64
215 469
365 468
365 538
468 6
237 347
237 231
122 472
122 423
109 390
109 469
109 114
390 211
390 434
238 275
238 132
238 146
275 125
41 484
41 300
484 82
484 384
409 274
404 414
404 188
404 25
414 388
414 129
269 369
369 294
2 16
2 438
2 37
16 259
16 508
399 254
399 497
533 546
533 306
533 407
546 179
546 545
208 359
208 349
359 491
128 250
128 245
128 430
250 518
250 508
28 163
28 144
28 129
163 132
163 272
23 289
23 283
98 523
295 345
295 229
295 435
345 310
442 329
442 242
166 253
166 490
249 396
249 273
396 545
396 519
104 405
104 366
104 421
405 29
405 76
292 376
376 245
125 199
125 17
199 19
199 110
332 421
332 120
421 216
135 391
135 119
63 336
423 483
458 248
458 306
254 349
254 219
165 378
165 460
8 464
8 296
8 510
464 338
464 379
200 387
200 521
387 29
514 469
514 352
95 212
95 337
95 354
212 204
530 448
184 397
184 274
397 155
397 145
64 227
64 329
296 339
477 273
338 378
338 88
545 302
25 90
120 232
120 6
245 52
43 277
43 395
277 395
343 475
259 448
38 46
38 462
46 20
159 354
159 483
159 491
354 280
84 467
37 193
193 297
52 48
144 169
144 413
527 70
527 29
243 379
219 507
219 519
507 519
507 310
407 205
337 230
40 229
391 220
225 541
225 262
225 177
541 499
70 177
70 493
22 352
22 417
352 270
411 88
381 388
381 183
150 403
150 318
379 179
538 429
179 457
210 510
204 336
204 147
385 183
11 153
153 17
153 169
262 141
96 535
96 75
96 51
535 283
71 222
71 494
417 450
450 205
59 86
59 18
86 321
503 534
465 331
17 176
520 531
483 53
247 209
65 181
342 451
342 317
451 438
146 476
146 318
476 341
140 57
177 209
49 447
176 531
531 220
310 347
302 499
499 366
32 494
110 185
185 181
185 34
20 430
126 367
126 467
367 61
216 156
131 228
141 80
318 278
347 297
448 227
129 80
57 44
278 393
278 61
50 242
88 534
534 34
220 253
253 447
248 90
244 475
244 283
494 480
44 413
518 547
430 341
61 389
331 455
460 34
460 209
438 267
285 493
493 53
155 267
18 255
107 455
107 147
431 230
384 317
467 156
314 336
