94 403
94 169
94 313
403 141
403 410
139 325
139 259
139 463
325 333
325 304
0 405
0 112
0 181
405 383
405 204
263 379
263 83
263 314
379 215
379 90
96 351
96 362
96 240
351 435
351 8
127 180
127 360
127 3
180 41
180 121
113 291
113 300
113 385
291 472
291 368
72 164
72 103
72 295
164 256
164 35
300 441
300 120
107 378
107 124
107 118
378 110
378 333
256 216
256 33
65 372
65 218
65 76
372 83
372 212
339 346
339 149
339 310
346 8
346 3
234 428
234 102
234 371
428 41
428 142
302 446
302 14
302 294
446 128
446 85
15 133
15 425
15 92
133 388
133 85
141 367
141 18
367 110
367 334
128 390
128 342
52 289
52 232
52 491
289 362
289 13
108 477
108 125
108 226
477 111
477 426
32 460
32 73
32 425
460 203
460 323
106 278
106 436
106 326
278 238
278 225
186 298
186 38
186 60
298 382
298 417
195 365
195 129
195 396
365 464
365 229
235 401
235 274
235 336
401 409
401 251
25 61
25 55
25 366
61 347
61 152
115 354
115 36
115 499
354 496
354 68
204 441
204 413
441 434
326 385
326 258
385 67
169 404
169 424
100 478
100 476
100 58
478 166
478 91
81 199
81 337
81 162
199 163
199 257
140 294
140 191
140 338
294 124
47 66
47 464
47 220
66 1
66 119
41 114
101 293
101 53
101 224
293 480
293 123
125 269
125 364
269 233
269 274
9 314
9 303
9 40
314 39
248 321
248 143
248 480
321 355
321 253
83 194
89 157
89 34
89 21
157 99
157 231
261 440
261 384
261 105
440 225
440 138
266 366
266 210
266 399
366 173
86 179
86 295
86 57
179 206
179 399
277 375
277 116
277 153
375 398
375 267
97 188
97 344
97 37
188 20
188 306
301 360
301 355
301 489
360 268
170 267
170 145
170 148
267 371
112 433
112 279
122 348
122 356
122 21
348 120
348 145
27 376
27 137
27 211
376 49
376 499
111 208
111 394
208 190
208 422
73 104
73 409
219 317
219 194
219 121
317 102
317 247
305 357
305 383
305 200
357 392
357 175
262 386
262 150
262 221
386 18
386 70
285 491
285 243
285 224
491 39
35 87
35 136
87 330
87 369
6 429
6 5
6 209
429 355
429 290
63 433
63 236
63 264
433 218
312 472
312 118
312 129
472 268
197 414
197 12
197 130
414 1
414 467
134 313
134 461
134 154
313 57
137 220
137 228
220 117
265 396
265 258
265 185
396 427
316 380
316 334
316 408
380 250
380 495
155 283
155 62
155 494
283 275
283 330
75 272
75 59
75 352
272 454
272 400
413 175
413 23
362 475
250 2
250 303
218 82
110 370
239 361
239 439
239 90
361 328
361 251
194 227
495 34
495 166
28 443
28 431
28 337
443 162
443 132
320 453
320 402
320 116
453 345
453 33
162 176
461 11
461 40
398 257
398 17
295 176
44 149
44 13
44 236
149 126
324 432
324 207
324 496
432 275
432 254
249 438
249 136
249 243
438 241
438 335
20 10
20 474
156 210
156 381
156 462
210 485
22 130
22 171
22 411
130 192
274 230
196 292
196 382
196 205
292 161
292 492
50 67
50 279
50 138
67 158
187 481
187 192
187 392
481 114
481 451
222 411
222 163
222 143
411 340
259 497
259 191
497 206
497 198
23 458
23 102
458 212
458 253
19 79
19 287
19 328
79 95
79 359
59 152
59 498
152 64
480 174
132 374
132 4
374 51
374 240
275 419
496 211
260 303
260 172
260 24
190 345
190 353
116 103
49 223
49 31
78 421
78 397
78 143
421 447
421 53
230 308
230 404
308 483
308 416
225 221
119 193
119 394
193 319
193 340
207 426
207 62
88 233
88 14
88 329
233 167
337 172
57 227
227 400
223 434
223 214
364 387
364 172
387 135
387 45
400 126
356 144
356 309
483 153
483 418
39 349
349 485
349 465
246 270
246 329
246 167
270 77
270 468
1 213
36 280
36 103
280 466
280 358
80 228
80 353
80 209
228 498
334 445
216 288
216 352
407 452
407 410
407 393
452 171
452 33
241 60
241 159
11 198
11 177
12 252
12 286
390 455
390 279
464 288
389 431
389 95
389 330
431 95
123 237
123 482
183 344
183 342
183 397
344 369
168 444
168 29
168 306
444 161
444 148
138 124
58 331
58 26
331 434
331 384
136 232
232 48
85 146
2 117
2 465
120 242
242 71
242 286
142 245
142 77
163 471
273 484
273 252
273 457
484 459
484 416
306 91
51 282
51 135
282 5
282 16
34 449
238 392
238 53
244 304
244 420
244 455
304 104
189 368
189 394
189 129
368 363
71 426
71 318
384 447
290 311
290 254
148 345
254 363
363 332
60 131
255 435
255 447
255 29
435 333
21 268
419 439
419 165
439 395
404 307
167 69
409 297
154 457
154 470
340 377
315 476
315 395
315 205
476 395
38 217
38 463
144 463
144 153
56 243
56 307
56 427
299 388
299 420
299 474
388 46
26 202
26 350
202 93
202 211
332 412
332 40
412 352
412 393
46 55
46 177
55 296
118 54
192 418
161 342
371 469
5 221
185 487
185 184
487 257
487 492
276 373
276 450
276 98
373 329
373 24
176 417
382 231
350 358
350 468
159 471
159 482
471 30
397 214
420 7
451 490
451 318
490 264
490 201
252 442
442 424
442 341
214 209
64 489
64 347
489 466
68 450
68 456
450 31
217 391
217 70
13 457
410 229
147 343
147 92
147 327
343 109
343 310
181 178
181 287
135 62
14 200
271 406
271 423
271 16
406 296
406 10
126 231
459 437
459 45
166 84
436 297
436 4
7 323
7 493
323 338
70 370
370 448
359 482
359 29
492 42
425 358
200 467
178 479
178 54
479 69
479 408
215 319
215 430
92 93
297 415
399 465
213 284
213 449
284 206
284 287
121 84
42 173
42 423
173 470
82 17
82 201
16 318
105 131
105 104
131 336
77 91
237 402
237 160
84 175
191 417
319 174
408 493
236 247
455 288
470 493
469 74
469 184
45 466
69 264
4 158
427 74
109 224
109 327
174 377
212 165
454 473
454 486
171 499
247 494
253 416
99 418
99 150
393 474
381 448
381 437
245 462
245 488
160 369
160 391
165 475
475 43
151 311
151 30
151 203
311 184
296 117
76 146
76 114
146 158
48 322
48 498
322 445
322 93
37 182
37 488
182 43
182 54
18 205
74 258
391 423
30 327
445 309
307 338
383 328
449 494
286 17
229 467
430 377
430 145
3 31
424 335
43 341
341 150
177 448
10 473
353 488
203 226
422 486
422 485
486 281
462 415
240 281
8 347
251 24
310 437
98 90
98 456
468 309
281 415
226 336
201 456
198 335
402 473
