35 88
35 33
35 121
88 126
88 112
23 187
23 147
23 58
187 157
187 115
98 101
98 162
98 66
101 63
101 17
143 188
143 153
143 141
188 130
188 53
81 149
81 170
81 45
149 123
149 179
107 113
107 54
107 16
113 57
113 123
69 193
69 91
69 136
193 182
193 172
105 125
105 36
105 153
125 43
125 169
0 51
0 123
0 63
51 161
51 15
130 70
130 40
8 9
8 133
8 117
9 31
9 104
2 57
2 164
2 38
57 184
29 41
29 61
29 5
41 85
41 157
22 90
22 46
22 173
90 169
90 104
131 134
131 135
131 47
134 139
134 53
76 198
76 168
76 126
198 144
198 86
47 162
47 174
162 73
39 124
39 83
39 12
124 142
124 19
25 196
25 166
25 86
196 60
196 194
74 155
74 106
74 30
155 38
155 28
48 136
48 28
48 114
136 154
26 78
26 3
26 55
78 5
78 165
96 152
96 11
96 24
152 71
152 163
157 180
180 115
180 94
6 84
6 129
6 37
84 73
84 34
142 192
142 82
192 186
192 151
62 83
62 146
62 1
83 176
70 68
70 106
144 167
144 95
44 120
44 77
44 159
120 148
120 111
20 40
20 104
20 174
40 122
56 158
56 182
56 97
158 75
158 160
46 171
46 42
14 97
14 3
14 116
97 21
89 100
89 79
89 114
100 126
100 53
61 65
61 169
21 112
21 139
112 65
77 111
77 18
38 183
183 109
183 178
1 17
1 68
17 168
12 173
12 151
173 145
18 67
18 174
67 87
67 151
52 99
52 55
52 178
99 82
99 15
27 164
27 175
27 75
164 135
58 179
58 37
179 94
159 65
159 132
139 93
79 156
79 36
156 122
156 64
71 43
71 116
45 197
45 54
197 13
197 185
182 177
171 190
171 167
5 161
3 4
55 153
43 172
32 190
32 127
32 154
190 176
68 184
49 185
49 109
49 150
185 117
103 195
103 28
103 140
195 33
195 194
36 31
72 189
72 59
72 133
189 13
189 109
75 87
33 42
42 166
175 64
175 119
7 87
7 199
7 127
110 191
110 147
110 108
191 111
191 11
37 4
168 184
82 128
166 128
122 128
121 165
121 148
165 19
137 172
137 140
137 24
163 141
163 132
141 118
85 170
85 108
114 133
115 60
13 64
148 127
16 138
16 34
138 50
138 10
199 186
199 80
11 129
86 92
24 150
176 50
147 181
73 95
92 30
92 129
15 50
160 194
160 19
10 145
10 178
145 34
93 106
93 80
140 95
66 150
66 31
146 161
146 118
4 132
186 91
117 177
94 170
63 119
80 91
60 154
118 54
119 102
116 167
102 177
102 108
59 181
59 135
30 181
