117 316
117 558
117 625
316 248
316 453
296 547
296 72
296 445
547 100
547 561
43 330
43 427
43 48
330 646
330 28
206 644
206 257
206 428
644 257
644 571
185 432
185 264
185 358
432 59
432 209
128 325
128 79
128 280
325 162
325 94
446 464
446 498
446 94
464 111
464 115
237 479
237 576
237 420
479 410
479 457
172 322
172 623
172 404
322 648
322 431
194 508
194 626
194 303
508 564
508 295
245 492
245 444
245 168
492 385
492 434
453 521
453 435
521 618
521 393
252 351
252 387
252 543
351 340
351 409
20 392
20 312
20 590
392 342
392 136
2 167
2 491
2 355
167 177
167 97
276 345
276 139
276 13
345 384
345 575
366 638
366 605
366 443
638 96
638 95
166 284
166 283
166 589
284 73
284 300
146 315
146 4
146 49
315 150
315 225
208 299
208 564
208 317
299 606
299 158
495 630
495 291
495 295
630 386
630 69
461 488
461 69
461 340
488 483
488 90
142 610
142 456
142 329
610 228
610 469
381 617
381 63
381 537
617 536
617 448
623 58
623 321
249 318
249 125
249 556
318 58
318 460
11 517
11 21
11 501
517 440
517 383
291 571
291 17
571 573
564 565
151 420
151 263
151 448
420 153
59 631
59 118
220 538
220 352
220 163
538 401
538 107
512 548
512 55
512 133
548 242
548 572
403 641
403 613
403 210
641 539
641 28
164 368
164 570
164 387
368 382
368 599
154 193
154 300
154 285
193 352
193 285
22 46
22 161
22 253
46 390
46 36
435 475
435 254
23 347
23 494
23 444
347 470
347 635
416 449
416 260
416 12
449 5
449 26
104 192
104 370
104 621
192 443
192 160
422 529
422 163
422 553
529 91
529 602
282 607
282 203
282 509
607 266
607 123
105 584
105 53
105 274
584 642
584 401
558 553
558 32
31 616
31 534
31 469
616 596
616 462
271 634
271 173
271 608
634 572
634 3
267 582
267 631
267 8
582 205
582 198
32 361
32 77
361 589
361 203
140 550
140 359
140 335
550 476
550 204
255 635
255 470
255 200
635 516
188 456
188 113
188 79
456 101
29 292
29 364
29 191
292 369
292 577
539 298
539 106
536 443
536 19
362 590
362 643
362 530
590 474
65 385
65 156
65 15
385 216
96 182
96 640
275 442
275 176
275 327
442 646
442 455
67 175
67 174
67 62
175 181
175 52
390 375
390 78
8 525
8 567
525 196
525 86
39 503
39 308
39 170
503 555
503 201
441 483
441 426
441 637
483 429
165 588
165 331
165 99
588 160
588 357
87 260
87 412
87 56
260 256
17 174
17 122
174 24
25 47
25 240
25 639
47 473
47 95
162 183
162 181
183 344
183 522
18 398
18 604
18 450
398 455
398 620
131 177
131 199
131 585
177 356
648 187
648 218
10 305
10 38
10 294
305 393
305 246
384 622
384 76
236 239
236 552
236 273
239 621
239 156
406 552
406 417
406 527
552 475
85 317
85 58
85 57
317 433
532 628
532 622
532 234
628 74
628 196
242 88
242 583
216 419
216 399
419 224
419 143
66 313
66 568
66 626
313 155
313 605
355 425
355 40
425 467
425 57
111 458
111 312
53 217
53 33
513 624
513 587
513 540
624 378
624 327
4 100
4 285
100 93
311 409
311 515
311 297
409 436
382 350
382 125
114 636
114 545
114 460
636 627
636 494
44 410
44 535
44 234
410 253
214 485
214 595
214 155
485 189
485 380
423 577
423 248
423 293
577 148
417 397
417 507
81 468
81 170
81 138
468 486
468 543
300 424
341 544
341 302
341 133
544 574
544 257
248 518
414 614
414 169
414 487
614 290
614 171
307 640
307 496
307 202
640 594
283 199
283 264
360 377
360 72
360 170
377 374
377 482
149 459
149 533
149 595
459 24
459 611
83 523
83 466
83 451
523 119
523 580
69 350
350 129
38 619
38 481
619 189
619 233
613 189
613 127
229 586
229 451
229 611
586 290
586 310
159 509
159 593
159 542
509 356
496 112
496 484
27 600
27 338
27 207
600 333
600 75
380 486
380 135
486 287
397 152
397 396
342 153
342 281
200 537
200 625
537 201
463 511
463 45
463 467
511 364
511 608
77 465
77 246
199 598
186 373
186 602
186 21
373 473
373 466
195 202
195 620
195 250
202 578
243 340
243 389
243 549
211 555
211 428
211 506
555 294
72 161
497 531
497 259
497 534
531 137
531 353
126 452
126 319
126 332
452 107
452 593
451 130
264 301
301 241
301 198
34 132
34 328
34 98
132 36
132 598
605 207
141 505
141 569
141 61
505 54
505 365
68 106
68 335
68 7
106 30
559 591
559 421
559 367
591 80
591 269
473 335
507 118
507 70
259 321
259 645
427 502
427 599
169 268
169 501
277 365
277 569
277 54
365 346
348 407
348 308
348 56
407 581
407 339
358 448
358 484
109 418
109 310
109 411
418 63
418 40
576 265
576 190
41 274
41 445
41 499
274 429
295 61
14 647
14 21
14 546
647 173
647 626
48 133
48 90
134 173
134 413
134 440
30 343
30 546
440 129
494 116
24 293
587 16
587 578
261 533
261 247
261 478
533 157
484 386
622 370
574 182
574 412
391 481
391 116
391 108
481 171
352 137
618 489
618 642
535 601
535 487
336 563
336 519
336 490
563 372
563 86
337 528
337 108
337 49
528 477
528 516
437 615
437 308
437 627
615 402
615 354
621 256
35 306
35 76
35 304
306 82
306 50
152 235
152 433
235 107
235 499
568 378
568 455
120 130
120 320
120 244
130 551
196 374
230 438
230 190
230 84
438 434
438 7
101 278
101 147
278 606
278 9
119 323
119 489
323 73
323 321
12 197
12 326
197 263
197 402
158 251
158 234
251 549
251 247
102 499
102 524
102 92
444 150
344 349
344 272
433 209
42 76
42 371
42 227
266 580
266 115
190 201
603 637
603 287
603 279
637 90
470 515
434 209
611 500
279 424
279 6
424 376
356 289
646 569
642 45
103 329
103 592
103 447
329 573
258 639
258 309
258 254
639 482
596 595
596 223
210 562
210 383
562 510
562 71
487 60
15 225
15 84
225 501
62 157
62 372
157 490
110 633
110 302
110 439
633 515
633 401
458 26
458 215
5 124
5 629
465 312
465 649
160 462
144 482
144 75
144 629
129 612
359 332
359 139
75 477
477 270
6 148
6 328
182 540
573 233
402 50
551 604
551 232
604 581
19 78
19 288
78 643
61 560
560 212
560 431
0 74
0 52
0 150
74 180
45 331
338 426
338 346
80 632
80 127
343 99
343 643
73 135
98 218
98 94
218 522
383 476
476 287
26 493
601 181
601 504
221 334
221 79
221 504
334 328
334 121
55 394
55 645
386 457
147 357
147 421
357 526
297 450
297 331
82 493
82 489
493 7
593 64
205 250
205 179
339 545
339 298
545 122
233 320
520 575
520 480
520 541
575 556
122 326
404 504
404 354
171 198
631 240
374 597
567 178
567 542
450 594
204 222
204 514
222 123
222 168
304 309
304 324
309 518
581 290
63 566
148 263
326 405
393 516
207 256
514 480
514 145
49 302
37 346
37 332
37 583
298 136
333 506
333 135
506 88
429 240
224 269
224 161
289 310
289 527
60 585
60 597
124 428
124 265
510 89
510 540
549 246
491 598
491 369
113 116
113 212
228 327
228 226
268 469
268 219
594 238
1 522
1 293
1 599
232 324
232 187
324 400
439 632
439 33
632 462
3 92
3 566
92 137
71 474
71 408
474 97
480 108
213 585
213 519
213 612
466 127
118 280
387 367
121 349
121 375
349 388
395 570
395 426
395 565
570 376
163 184
184 156
184 478
16 412
16 244
54 530
394 112
394 143
217 411
217 112
411 123
270 566
270 272
51 500
51 219
51 399
500 363
502 534
502 286
288 471
288 526
471 405
471 314
413 371
413 269
396 400
396 389
400 247
314 608
314 93
281 431
281 625
223 319
223 629
319 447
583 215
178 460
178 227
565 371
95 273
273 415
57 179
179 219
376 70
645 498
606 436
40 554
364 580
467 70
589 262
421 244
138 527
138 592
353 415
353 561
415 226
475 541
405 253
320 454
187 13
378 145
265 97
457 231
86 363
363 286
176 36
176 89
490 541
250 578
498 554
554 556
84 524
524 557
231 88
231 64
620 191
28 572
215 372
557 241
557 168
52 180
180 280
436 592
445 64
389 472
472 579
472 254
530 609
609 203
609 542
627 238
93 649
294 602
212 518
272 238
546 153
143 227
125 354
115 370
155 369
399 367
430 597
430 303
430 99
408 91
408 543
262 375
262 388
519 561
191 579
303 379
388 612
526 136
91 454
145 226
139 89
579 649
13 56
241 478
379 33
379 9
286 447
553 50
454 9
