95 377
95 458
95 0
377 578
377 728
294 348
294 614
294 344
348 424
348 710
668 675
668 193
668 115
675 557
675 243
193 683
193 745
683 88
683 452
19 656
19 635
19 634
656 196
656 612
215 302
215 450
215 396
302 21
302 222
408 617
408 259
408 619
617 157
617 672
574 640
574 476
574 713
640 285
640 368
17 67
17 177
17 373
67 354
67 631
346 404
346 282
346 755
404 786
404 183
475 616
475 723
475 306
616 735
616 199
157 47
157 450
165 481
165 136
165 641
481 532
481 89
110 267
110 168
110 775
267 70
267 603
37 552
37 407
37 194
552 796
552 72
398 414
398 745
398 446
414 705
414 356
655 732
655 59
655 615
732 65
732 743
232 638
232 347
232 457
638 16
638 499
38 117
38 598
38 597
117 374
117 648
140 564
140 431
140 547
564 190
564 690
145 252
145 413
145 188
252 372
252 320
269 785
269 355
269 229
785 503
785 746
225 370
225 158
225 74
370 678
370 372
137 486
137 123
137 537
486 144
486 237
287 592
287 589
287 705
592 324
592 425
63 308
63 438
63 89
308 489
308 388
623 779
623 766
623 212
779 697
779 272
112 322
112 182
112 585
322 549
322 197
21 405
21 451
216 797
216 698
216 697
797 386
797 97
285 764
285 416
105 292
105 547
105 793
292 271
292 717
185 562
185 775
185 186
562 300
562 249
734 741
734 251
734 402
741 358
741 341
336 722
336 178
336 120
722 255
722 313
50 365
50 266
50 23
365 139
365 721
186 298
186 449
298 229
298 200
7 156
7 81
7 98
156 494
156 2
502 754
502 295
502 799
754 219
754 632
589 759
589 162
759 135
759 166
571 634
571 256
571 715
634 31
403 641
403 73
403 673
641 778
245 442
245 113
245 241
442 277
442 784
450 118
489 758
489 419
329 710
329 573
329 129
710 534
190 524
190 212
524 230
524 69
286 321
286 460
286 331
321 360
321 176
577 793
577 85
577 197
793 728
491 601
491 60
491 184
601 500
601 479
53 546
53 432
53 622
546 680
546 231
338 795
338 576
338 262
795 632
795 62
438 556
438 228
134 727
134 594
134 580
727 424
727 49
226 712
226 567
226 263
712 91
712 239
265 783
265 517
265 707
783 700
783 349
509 515
509 181
509 585
515 596
515 151
129 770
129 357
770 447
770 393
31 367
31 28
229 726
726 400
726 71
493 674
493 124
493 114
674 277
674 441
384 529
384 567
384 182
529 447
529 278
351 352
351 427
351 618
352 77
352 429
494 730
494 462
735 788
735 477
505 657
505 642
505 760
657 690
657 114
0 512
0 222
512 750
512 581
273 670
273 738
273 378
670 61
670 380
27 111
27 697
27 262
111 88
111 619
152 371
152 289
152 220
371 669
371 430
207 307
207 84
207 774
307 591
307 440
69 364
69 763
364 138
364 604
551 642
551 581
551 147
642 51
24 213
24 457
24 158
213 201
213 662
460 444
460 155
202 637
202 350
202 550
637 429
637 526
74 717
74 209
717 434
234 706
234 159
234 496
706 13
706 25
528 649
528 397
528 257
649 758
649 133
20 508
20 757
20 580
508 102
508 624
39 332
39 471
39 18
332 672
332 498
131 763
131 304
131 164
763 639
615 635
615 380
635 768
254 275
254 539
254 555
275 458
275 633
182 531
282 345
282 30
358 540
358 622
91 397
91 99
397 4
18 663
18 791
663 57
663 692
128 544
128 153
128 12
544 85
544 407
527 680
527 499
527 542
680 405
77 480
77 771
480 707
480 664
125 237
125 259
125 721
237 325
36 299
36 582
36 200
299 9
299 517
736 790
736 399
736 132
790 174
790 334
83 667
83 586
83 180
667 465
667 148
153 58
153 625
433 609
433 495
433 581
609 776
609 639
52 432
52 175
52 100
432 445
49 107
49 459
107 343
107 97
75 672
75 469
75 171
459 518
459 272
518 381
518 390
135 448
135 789
448 48
448 798
461 698
461 195
461 198
698 610
471 652
471 428
325 173
325 472
399 625
399 271
625 514
549 762
549 70
257 303
257 79
303 369
303 163
76 618
76 12
76 570
618 258
123 312
123 467
312 206
312 141
582 681
582 465
407 236
45 411
45 583
45 487
411 176
411 781
382 572
382 331
382 2
572 696
572 425
650 652
650 363
650 597
652 430
428 777
428 664
777 150
777 659
318 426
318 366
318 261
426 335
426 534
240 488
240 316
240 590
488 535
488 553
567 141
187 333
187 559
187 671
333 535
333 335
174 120
174 689
386 542
386 379
542 22
198 342
198 578
342 314
342 468
340 673
340 58
340 633
673 597
611 651
611 258
611 584
651 34
651 669
310 394
310 415
310 66
394 541
394 381
548 622
548 691
548 532
11 98
11 363
11 749
98 416
532 744
200 86
547 605
108 305
108 210
108 530
305 588
305 391
521 614
521 54
521 289
614 490
196 231
196 78
211 454
211 483
211 724
454 283
454 464
154 421
154 451
154 437
421 522
421 780
256 441
256 686
441 251
250 645
250 366
250 406
645 367
645 507
201 780
201 25
780 510
363 702
147 772
147 258
772 410
772 556
517 217
235 665
235 728
235 550
665 1
665 575
767 773
767 764
767 296
773 395
773 598
561 677
561 142
561 627
677 146
677 368
578 203
591 687
591 376
687 295
687 435
85 136
707 164
295 405
379 417
379 587
203 46
203 711
259 538
130 603
130 696
130 685
603 423
536 598
536 28
536 688
595 684
595 472
595 482
684 1
684 662
90 768
90 247
90 708
768 313
143 694
143 316
143 593
694 48
694 781
535 315
498 742
498 511
742 602
742 456
744 183
744 109
60 507
60 375
507 334
607 676
607 59
607 743
676 593
676 223
462 685
462 523
685 339
233 435
233 242
233 496
435 255
541 309
541 745
749 653
749 569
366 33
93 702
93 506
93 455
702 423
283 88
283 284
534 279
557 453
557 443
427 412
427 297
59 126
219 280
219 33
280 531
280 32
228 774
228 43
774 247
758 750
608 748
608 570
608 14
748 565
748 709
522 692
522 35
12 711
56 262
56 293
56 771
162 420
162 163
420 122
420 223
13 263
13 274
423 631
523 583
523 126
345 121
345 590
268 419
268 161
268 418
419 695
103 599
103 277
103 630
599 300
599 753
434 410
434 148
319 501
319 430
319 606
501 474
501 204
146 101
146 400
87 600
87 80
87 466
600 159
600 34
664 248
367 132
696 16
2 355
183 341
109 139
109 9
139 444
764 70
164 703
703 714
703 354
9 339
127 654
127 708
127 311
654 381
654 791
553 400
553 422
573 740
573 100
740 301
740 720
167 238
167 789
167 194
238 372
238 731
102 437
102 409
15 122
15 260
15 543
122 587
159 436
212 606
132 378
378 33
58 55
99 729
99 658
392 594
392 719
392 192
594 629
121 387
121 588
387 533
387 339
669 511
106 725
106 214
106 195
725 630
725 189
64 243
64 465
64 689
243 172
730 620
730 315
177 458
177 633
22 484
22 373
484 473
484 188
469 566
469 57
566 82
566 23
359 771
359 208
359 492
316 395
46 231
46 747
57 82
6 396
6 791
6 510
396 463
474 560
474 10
681 643
681 141
214 443
214 739
443 402
360 497
360 415
497 293
497 10
590 326
115 666
115 208
666 353
666 691
472 756
5 40
5 495
5 126
40 118
40 81
447 568
41 646
41 473
41 713
646 175
646 244
266 755
266 445
755 311
476 769
476 389
28 632
43 161
43 383
161 169
97 701
255 311
8 487
8 297
8 168
487 538
751 760
751 221
751 644
760 747
222 648
648 86
570 272
300 357
357 761
380 317
218 278
218 314
218 100
278 636
695 721
695 762
199 274
199 686
274 362
556 205
296 463
296 718
463 626
412 733
412 439
775 73
251 568
568 155
208 708
179 579
179 554
179 516
579 628
579 328
178 596
178 114
244 281
244 576
281 206
281 47
169 516
169 354
516 701
230 383
230 68
383 309
30 181
30 466
181 621
526 543
526 506
543 716
327 724
327 560
327 84
724 713
588 756
756 445
204 503
204 604
647 671
647 406
647 761
671 323
163 320
320 317
290 424
290 248
290 682
719 715
719 519
150 48
150 700
82 264
658 689
658 678
264 402
264 478
144 467
144 80
206 393
189 210
189 171
210 757
309 330
81 661
26 94
26 335
26 787
94 563
94 739
192 629
192 794
89 241
171 643
626 175
626 519
355 747
349 613
349 593
613 385
613 718
86 168
714 787
714 276
326 337
326 62
337 718
337 47
42 587
42 492
42 151
624 500
624 479
92 417
92 569
92 270
417 699
636 782
636 499
782 160
782 166
16 221
482 504
482 628
504 769
504 716
180 786
180 401
786 35
248 14
101 227
101 191
227 679
227 374
375 731
375 246
576 61
686 61
73 554
596 495
788 506
788 79
116 621
116 330
116 761
621 436
138 151
138 388
78 765
78 752
765 368
765 344
750 558
84 659
374 525
525 514
525 490
297 418
373 559
418 766
431 659
431 690
610 738
610 492
738 766
565 737
565 554
25 246
246 23
72 479
72 682
118 792
630 133
496 737
796 65
796 627
1 752
142 678
142 389
500 173
436 14
149 537
149 341
149 289
537 699
197 55
540 555
540 270
176 205
691 361
224 558
224 560
224 239
558 787
119 276
119 35
119 3
276 798
757 792
792 385
467 784
583 580
170 605
170 209
170 446
605 4
739 762
194 306
306 249
453 324
453 733
172 794
172 468
794 120
239 704
704 545
704 55
716 639
629 586
4 429
220 709
220 68
709 586
390 455
390 54
455 661
29 104
29 530
29 776
104 439
104 66
483 701
483 545
559 456
263 693
705 328
195 410
166 612
612 376
799 96
799 293
746 778
746 54
778 51
388 413
323 437
323 520
389 653
653 692
731 563
209 693
473 478
331 406
80 362
468 644
644 619
44 743
44 723
44 304
470 753
470 66
470 79
753 550
301 643
301 464
425 440
440 477
51 113
113 347
514 464
413 356
769 314
330 733
96 148
96 401
223 350
350 627
253 449
253 334
253 693
449 188
34 191
191 729
606 456
631 71
538 249
124 3
124 752
279 376
279 133
513 781
513 362
513 291
628 353
539 699
539 361
10 71
155 575
575 555
136 723
385 416
485 737
485 602
485 343
261 545
261 503
700 361
679 569
679 533
353 217
602 584
328 776
446 520
236 620
236 184
620 288
510 271
563 720
242 452
242 344
284 324
284 32
160 466
160 205
217 422
247 409
313 490
444 688
729 184
221 457
585 682
533 439
315 660
270 393
409 789
317 343
415 478
173 511
452 422
3 291
291 391
451 584
531 477
356 530
660 784
660 260
520 241
68 369
711 347
798 604
260 369
288 688
288 395
158 519
62 304
715 661
65 32
720 391
401 662
