6 192
6 47
6 206
192 50
192 252
73 218
73 98
73 163
218 110
218 56
141 282
141 203
141 5
282 171
282 3
209 255
209 249
209 22
255 52
255 260
32 204
32 147
32 92
204 38
204 252
128 190
128 164
128 289
190 131
190 270
49 153
49 248
49 220
153 168
153 71
27 116
27 244
27 188
116 118
116 35
87 256
87 57
87 151
256 69
256 236
224 243
224 154
224 5
243 238
243 201
36 201
36 233
36 272
201 179
51 64
51 147
51 76
64 58
64 7
60 140
60 78
60 182
140 298
140 8
11 135
11 46
11 18
135 137
135 220
231 278
231 266
231 17
278 13
278 34
66 80
66 189
66 268
80 120
80 183
171 130
171 31
223 283
223 176
223 45
283 10
283 258
89 292
89 152
89 284
292 185
292 144
68 269
68 202
68 196
269 26
269 274
43 96
43 211
43 270
96 197
96 277
105 166
105 151
105 146
166 79
166 197
113 268
113 91
113 18
268 178
44 159
44 4
44 151
159 214
159 259
127 175
127 100
127 123
175 236
175 121
50 248
50 193
248 16
31 216
31 129
216 138
216 150
145 238
145 71
145 162
238 35
54 227
54 107
54 237
227 85
227 162
185 272
185 195
158 275
158 104
158 88
275 63
275 194
124 291
124 163
124 81
291 114
291 134
30 98
30 63
30 1
98 267
167 271
167 270
167 83
271 173
271 293
71 197
47 187
47 42
187 99
187 254
48 161
48 103
48 285
161 138
161 88
111 217
111 173
111 37
217 205
217 284
5 208
208 19
208 213
65 259
65 106
65 242
259 296
40 184
40 279
40 265
184 215
184 72
15 249
15 299
15 186
249 290
106 129
106 286
129 82
16 83
16 265
83 91
99 108
99 285
108 273
108 240
17 295
17 279
295 125
295 194
139 144
139 251
139 67
144 180
152 123
152 122
160 203
160 78
160 134
203 121
70 148
70 276
70 22
148 142
148 163
290 241
290 251
174 296
174 257
174 261
296 170
28 178
28 258
28 114
178 220
46 214
46 226
214 226
294 297
294 88
294 183
297 57
297 146
182 254
182 293
254 104
193 210
193 199
131 258
131 136
69 215
69 172
215 3
13 82
13 23
82 102
162 281
281 155
281 262
198 225
198 253
198 137
225 246
225 126
9 286
9 157
9 241
286 280
63 240
61 85
61 94
61 194
85 23
149 207
149 230
149 21
207 18
207 55
94 252
94 156
138 164
241 180
168 107
168 35
273 93
273 263
91 72
251 280
191 298
191 20
191 45
298 102
24 41
24 8
24 125
41 123
41 37
97 263
97 229
97 245
263 183
23 287
52 121
52 0
137 181
109 112
109 232
109 202
112 26
112 78
79 260
79 200
260 76
57 92
92 146
12 188
12 261
12 247
188 234
130 33
130 170
280 75
242 250
242 222
250 101
250 213
219 293
219 165
219 287
200 289
200 62
289 2
132 234
132 222
132 240
234 133
56 86
56 74
86 235
86 181
33 143
33 19
147 199
173 125
143 239
143 110
239 179
239 39
114 212
212 226
212 154
42 53
42 165
53 228
53 14
25 247
25 75
25 119
247 20
235 210
235 101
4 84
4 172
38 157
38 77
104 90
55 265
55 58
2 119
2 34
119 245
14 84
14 142
84 221
67 276
67 245
276 205
101 115
164 199
19 253
20 107
170 236
186 232
186 59
232 7
102 74
115 287
115 133
22 59
58 150
150 299
180 253
118 213
118 189
279 179
10 221
10 288
221 177
142 222
93 266
93 117
75 195
172 189
233 155
233 169
202 274
274 157
181 228
37 206
206 155
229 29
229 196
34 39
39 244
228 122
74 285
177 45
177 117
299 133
176 262
176 264
262 210
21 77
21 246
77 277
103 95
103 195
59 90
154 237
29 136
29 117
81 230
81 8
230 264
90 267
100 0
100 1
261 237
165 134
156 246
156 1
76 211
122 257
257 169
211 126
120 277
120 62
7 266
244 272
26 288
288 62
110 264
3 196
267 169
136 126
0 72
284 95
205 95
