59 64
59 2
59 224
64 83
64 184
41 177
41 120
41 207
177 67
177 4
62 209
62 225
62 107
209 18
209 213
33 173
33 91
33 225
173 25
173 248
188 205
188 75
188 237
205 243
205 135
32 195
32 26
32 89
195 247
195 70
6 66
6 166
6 21
66 189
66 16
160 231
160 127
160 101
231 171
231 91
31 86
31 80
31 132
86 168
86 129
161 223
161 51
161 110
223 44
223 151
2 24
2 158
39 108
39 65
39 145
108 78
108 236
112 178
112 176
112 211
178 50
178 10
47 75
47 128
47 3
75 60
17 71
17 35
17 151
71 134
71 201
25 94
25 118
99 122
99 135
99 194
122 142
122 13
11 238
11 191
11 148
238 96
238 228
168 203
168 184
203 55
203 140
23 212
23 227
23 156
212 249
212 61
129 141
129 139
141 102
141 123
42 82
42 206
42 126
82 116
82 125
224 229
224 211
229 185
229 174
96 79
96 150
243 106
243 125
100 199
100 98
100 143
199 234
199 193
54 92
54 87
54 197
92 157
92 124
5 190
5 8
5 149
190 49
190 81
102 15
102 21
103 115
103 194
103 60
115 22
115 109
12 95
12 72
12 246
95 53
95 38
48 179
48 53
48 9
179 189
179 241
152 236
152 30
152 110
236 93
36 52
36 222
36 34
52 247
52 208
74 182
74 28
74 136
182 162
182 204
53 14
20 76
20 101
20 58
76 10
76 186
83 114
83 197
114 166
114 28
72 246
72 77
87 0
87 239
51 63
51 9
63 67
63 85
144 218
144 77
144 186
218 153
218 228
116 147
116 105
147 126
147 139
158 162
158 57
162 226
73 185
73 164
73 37
185 181
9 3
128 148
128 221
148 67
184 125
69 80
69 89
69 245
80 45
247 97
89 136
8 106
8 176
106 207
171 130
171 201
3 175
105 133
105 37
133 174
133 181
235 242
235 183
235 213
242 43
242 123
189 206
145 187
145 113
187 192
187 191
30 200
30 220
200 210
200 98
127 155
127 176
37 1
56 118
56 61
56 34
118 16
49 88
49 159
88 126
88 43
130 93
130 154
4 202
4 107
202 180
202 104
70 156
70 219
156 131
68 222
68 208
68 211
222 61
191 46
206 201
155 165
155 134
57 78
57 50
78 132
194 248
15 90
15 196
90 35
90 138
50 117
167 233
167 58
167 208
233 215
233 210
157 146
157 34
65 137
65 163
134 234
13 22
13 221
22 119
29 146
29 227
29 217
146 55
94 16
94 138
249 84
249 175
120 93
120 207
248 101
192 215
192 244
132 109
0 245
0 81
58 159
159 216
44 111
44 244
111 164
111 154
193 221
193 181
166 226
197 163
138 142
142 217
109 110
27 45
27 234
27 7
45 149
136 214
170 210
170 204
170 14
150 237
150 117
237 230
151 19
1 246
1 79
18 215
18 46
226 121
98 117
10 216
216 84
79 104
124 153
124 97
77 113
40 104
40 174
40 121
164 175
121 196
196 38
55 232
232 245
232 154
97 240
24 137
24 85
137 180
26 38
26 19
135 240
19 240
230 169
230 46
204 214
153 7
217 239
239 172
123 213
21 220
220 119
163 169
169 107
119 149
214 219
219 60
28 180
225 35
84 172
113 139
183 227
183 172
131 198
131 85
198 140
198 241
165 14
165 140
228 7
91 143
143 244
81 186
43 241
