212 288
212 548
212 449
288 402
288 344
45 129
45 405
45 580
129 489
129 556
456 657
456 614
456 561
657 486
657 795
157 370
157 602
157 264
370 654
370 479
88 109
88 177
88 455
109 92
109 113
14 550
14 688
14 726
550 685
550 112
34 565
34 211
34 219
565 260
565 420
363 466
363 655
363 192
466 263
466 436
418 649
418 563
418 323
649 685
649 712
152 511
152 555
152 639
511 512
511 195
448 671
448 23
448 118
671 9
671 2
438 725
438 377
438 771
725 143
725 783
170 416
170 262
170 460
416 605
416 747
53 407
53 485
53 439
407 476
407 396
189 667
189 13
189 660
667 549
667 237
594 734
594 398
594 662
734 441
734 309
23 653
23 72
653 710
653 0
13 618
13 507
618 196
618 474
538 601
538 63
538 484
601 99
601 517
21 729
21 335
21 209
729 621
729 276
54 488
54 213
54 493
488 208
488 153
246 411
246 315
246 305
411 779
411 262
137 504
137 205
137 217
504 387
504 284
465 598
465 713
465 512
598 147
598 210
260 41
260 588
385 587
385 354
385 486
587 301
587 37
254 680
254 289
254 544
680 724
680 669
723 750
723 554
723 516
750 203
750 231
285 658
285 526
285 781
658 147
658 728
279 435
279 164
279 30
435 541
435 73
722 794
722 65
722 499
794 433
794 546
202 651
202 390
202 36
651 147
651 692
489 592
489 374
592 310
592 403
51 73
51 663
51 28
73 480
486 91
430 595
430 494
430 679
595 487
595 187
795 253
795 688
415 624
415 127
415 536
624 434
624 74
216 424
216 711
216 65
424 42
424 738
289 25
289 663
325 340
325 35
325 535
340 374
340 369
621 302
621 568
89 719
89 351
89 614
719 675
719 599
354 481
354 545
650 774
650 243
650 148
774 103
774 374
470 578
470 582
470 547
578 463
578 100
514 612
514 64
514 678
612 641
612 557
311 652
311 503
311 381
652 765
652 499
433 767
433 226
767 284
767 741
505 554
505 620
505 48
554 583
154 687
154 179
154 198
687 184
687 528
708 715
708 121
708 492
715 264
715 342
26 272
26 476
26 293
272 791
272 236
568 583
568 312
583 785
141 497
141 93
141 195
497 379
497 560
402 541
402 698
541 610
548 119
548 539
143 439
143 600
439 104
768 775
768 11
768 761
775 714
775 38
468 761
468 616
468 188
761 754
172 335
172 609
172 437
335 564
130 366
130 626
130 223
366 440
366 677
413 547
413 586
413 585
547 181
476 606
120 581
120 3
120 43
581 203
581 67
214 728
214 704
214 637
728 204
457 742
457 242
457 101
742 596
742 273
264 338
338 403
338 40
135 691
135 516
135 351
691 105
691 226
509 789
509 642
509 188
789 359
789 281
351 352
352 705
352 317
737 796
737 773
737 171
796 517
796 278
8 269
8 437
8 700
269 644
269 224
609 603
609 590
676 786
676 645
676 265
786 467
786 381
149 455
149 131
149 241
455 762
247 798
247 256
247 660
798 643
798 197
185 310
185 22
185 602
310 739
443 682
443 307
443 757
682 76
682 110
128 441
128 756
128 267
441 735
434 347
434 176
508 573
508 648
508 501
573 483
573 577
242 274
242 741
274 271
274 566
0 530
0 423
530 627
530 245
7 151
7 393
7 496
151 684
151 697
11 745
11 106
146 584
146 521
146 50
584 784
584 126
350 472
350 739
350 500
472 628
472 78
184 552
184 516
179 108
179 452
64 307
64 377
404 461
404 153
404 361
461 764
461 485
378 799
378 607
378 474
799 780
799 519
101 423
101 769
423 25
226 156
360 674
360 106
360 197
674 633
674 397
253 506
253 215
199 586
199 580
199 536
586 100
453 502
453 479
453 251
502 132
502 454
43 329
43 201
329 412
329 180
295 392
295 248
295 770
392 97
392 596
62 617
62 462
62 251
617 286
617 206
35 313
35 79
552 148
552 561
369 588
369 575
588 524
634 770
634 779
634 306
770 608
223 543
223 198
543 409
543 6
626 668
626 121
668 379
668 473
471 654
471 342
471 710
654 641
63 689
63 341
689 356
689 491
611 777
611 646
611 537
777 298
777 623
779 512
205 364
205 386
364 266
364 429
221 619
221 52
221 294
619 95
619 704
296 622
296 323
296 224
622 656
622 200
628 551
628 371
773 390
773 709
213 155
213 720
166 265
166 738
166 600
265 655
503 410
503 222
393 591
393 408
591 196
591 52
270 749
270 41
270 736
749 655
749 86
114 483
114 140
114 372
483 125
12 463
12 328
12 629
463 230
105 113
105 278
82 787
82 133
82 331
787 345
787 458
127 700
127 703
700 32
41 395
44 266
44 701
44 664
266 431
745 707
745 740
119 607
119 186
607 524
551 276
551 300
191 712
191 409
191 647
712 304
315 491
315 201
491 523
597 744
597 261
597 67
744 545
744 32
346 506
346 532
346 297
506 683
262 384
549 162
549 659
70 422
70 328
70 182
422 590
422 198
72 211
72 610
25 84
9 183
9 630
183 442
183 277
529 627
529 711
529 446
627 561
87 520
87 576
87 643
520 521
520 614
328 444
479 558
122 379
122 230
122 791
224 772
772 412
772 757
115 200
115 482
115 555
200 730
446 705
446 297
705 368
645 162
645 419
387 390
387 510
602 481
496 665
496 421
108 167
108 743
91 447
91 30
620 604
620 182
207 450
207 241
207 440
450 372
450 334
324 697
324 140
324 638
697 258
686 793
686 104
686 148
793 665
793 347
487 593
487 493
593 92
593 181
206 732
206 661
732 383
732 113
427 462
427 123
427 771
462 245
292 494
292 353
292 252
494 334
707 86
707 646
692 249
692 61
532 753
532 696
753 710
753 788
656 142
656 731
190 208
190 755
190 20
208 633
410 638
410 209
638 764
412 449
301 332
301 417
332 630
332 155
399 647
399 464
399 784
647 679
5 589
5 615
5 32
589 518
589 47
131 362
131 695
15 383
15 625
15 280
383 309
646 175
437 557
318 677
318 280
318 740
677 790
665 225
515 678
515 16
515 748
678 666
155 372
644 531
644 640
16 46
16 534
46 702
46 569
648 389
648 90
381 643
286 306
286 238
306 171
337 528
337 475
337 553
528 278
519 666
519 758
666 95
29 421
29 534
29 159
421 585
537 562
537 218
562 24
562 419
138 566
138 321
138 776
566 693
124 164
124 513
124 222
164 490
111 701
111 61
111 83
701 316
175 713
175 523
713 333
395 428
395 133
24 397
24 717
704 747
563 718
563 94
718 139
718 303
510 703
510 227
703 193
590 540
220 635
220 173
220 675
635 284
635 33
244 574
244 37
244 396
574 106
574 367
125 36
125 261
68 766
68 233
68 694
766 371
766 743
281 721
281 126
721 367
721 20
230 248
211 673
297 357
357 788
357 615
69 240
69 237
69 500
240 625
240 1
408 444
408 39
444 19
99 631
99 160
596 539
377 74
116 681
116 235
116 308
681 81
681 100
347 18
18 569
18 256
42 85
42 542
85 660
85 228
257 778
257 333
257 245
778 355
778 327
287 401
287 275
287 640
401 162
401 78
459 782
459 327
459 790
782 636
782 431
134 168
134 544
134 406
168 10
168 432
83 522
83 664
522 527
522 484
30 330
330 451
330 546
540 159
540 639
238 783
238 669
783 33
625 373
452 724
452 577
724 382
243 730
243 388
730 193
37 319
117 273
117 673
117 615
273 743
604 699
604 426
359 349
359 60
305 580
305 159
633 637
331 690
331 482
690 76
690 77
56 104
56 215
56 454
174 227
174 477
174 685
227 709
181 275
275 165
375 406
375 283
375 358
406 291
714 2
714 694
484 560
560 396
762 693
762 1
192 559
192 367
559 302
559 362
711 94
180 414
180 234
414 570
414 417
48 140
48 571
19 469
19 239
469 501
469 495
371 518
623 754
623 231
754 389
96 182
96 492
96 417
77 577
77 358
355 327
355 84
785 672
785 637
345 755
345 219
755 229
326 751
326 570
326 575
751 76
751 186
485 321
267 683
267 670
683 475
234 268
234 52
268 386
268 603
535 20
535 442
442 746
188 557
4 309
4 564
4 735
702 521
702 251
249 405
249 158
405 716
3 84
3 474
123 339
123 662
126 334
231 765
765 59
313 426
313 49
426 27
342 22
610 280
409 50
102 233
102 178
102 173
233 150
28 293
28 27
293 58
248 756
235 481
235 579
97 675
97 558
663 741
603 513
47 391
47 752
391 698
391 386
513 542
58 150
58 428
150 695
196 277
394 764
394 451
394 33
473 490
473 738
490 217
132 197
132 477
740 66
142 6
142 290
201 382
344 534
344 698
316 659
316 531
353 71
353 61
636 706
636 733
319 706
319 495
706 797
531 792
323 781
158 380
158 478
380 693
380 454
171 39
576 525
576 672
176 66
176 679
74 727
165 336
165 613
81 57
81 241
298 361
298 769
1 572
572 31
572 425
544 365
445 567
445 478
445 282
567 49
567 733
365 458
365 276
458 322
759 763
759 27
759 193
763 255
763 299
49 239
93 673
93 348
177 672
177 204
640 232
215 336
527 571
527 90
71 432
71 156
153 250
312 716
312 343
258 606
258 31
606 112
236 429
236 400
429 163
570 556
222 605
720 98
720 17
173 731
451 356
178 616
178 341
428 400
219 95
118 302
118 300
31 696
564 661
98 425
98 726
398 186
398 107
225 294
225 384
294 169
699 599
699 167
283 252
283 271
59 756
59 478
477 55
139 608
139 736
608 194
36 482
228 662
228 169
758 121
758 136
501 110
780 440
780 271
629 746
629 40
746 314
362 717
384 579
579 145
255 523
255 760
50 163
163 75
78 669
203 585
80 688
80 642
80 136
447 518
447 103
388 661
388 771
696 792
277 555
22 664
582 791
582 291
307 160
569 259
322 343
322 65
343 107
498 788
498 217
498 112
659 600
475 263
75 304
75 136
304 558
320 400
320 6
320 432
92 631
631 757
449 507
66 436
526 752
526 232
752 39
250 493
250 553
348 282
348 464
630 499
40 210
546 748
748 492
261 376
204 373
731 209
317 376
317 314
376 356
605 60
389 90
144 533
144 341
144 642
533 38
533 735
67 792
397 107
336 436
460 736
460 187
339 425
339 291
38 161
161 60
161 639
2 10
145 790
145 495
760 79
760 709
684 797
684 133
716 727
727 419
86 17
403 160
194 776
194 747
776 553
358 361
616 308
368 229
368 545
599 467
94 232
524 525
525 321
237 349
229 464
210 480
797 349
382 536
299 717
299 333
480 500
259 263
259 784
517 632
467 256
571 55
17 613
613 187
308 57
303 314
303 542
103 507
252 726
55 373
79 282
110 781
733 694
10 539
641 632
556 670
156 290
739 670
195 218
218 695
420 769
420 300
239 431
57 167
632 575
169 290
