485 572
485 372
485 581
572 654
572 721
142 727
142 289
142 251
727 618
727 631
63 699
63 643
63 616
699 31
699 632
148 806
148 890
148 332
806 184
806 190
384 525
384 7
384 11
525 392
525 937
316 619
316 172
316 598
619 530
619 533
282 477
282 839
282 475
477 812
477 273
320 360
320 592
320 837
360 224
360 502
134 844
134 858
134 180
844 473
844 673
324 330
324 222
324 945
330 158
330 804
365 367
365 711
365 630
367 180
367 377
429 797
429 169
429 575
797 116
797 80
564 613
564 61
564 2
613 589
613 809
37 947
37 441
37 532
947 380
947 839
55 61
55 602
55 180
61 646
338 795
338 149
338 604
795 214
795 13
430 878
430 858
430 889
878 156
878 629
813 908
813 174
813 298
908 636
908 165
216 689
216 724
216 664
689 33
689 229
67 566
67 624
67 110
566 224
566 250
26 528
26 25
26 609
528 287
528 705
128 167
128 715
128 695
167 420
167 344
33 870
33 498
517 622
517 178
517 863
622 646
622 871
227 554
227 498
227 857
554 919
554 627
101 149
101 513
101 745
149 705
348 929
348 798
348 467
929 814
929 248
174 736
174 1
617 745
617 273
617 542
745 399
521 628
521 5
521 247
628 50
628 409
358 750
358 36
358 700
750 206
750 308
331 467
331 562
331 277
467 661
123 438
123 738
123 468
438 127
438 54
252 588
252 579
252 801
588 69
588 64
458 693
458 758
458 273
693 415
693 556
350 602
350 190
350 389
602 634
334 923
334 764
334 884
923 631
923 212
308 376
308 207
376 791
376 548
244 849
244 557
244 869
849 505
849 567
69 820
69 743
279 843
279 126
279 729
843 278
843 840
7 131
7 189
111 441
111 347
111 294
441 851
18 658
18 419
18 432
658 20
658 394
84 609
84 47
84 122
609 883
798 213
798 405
345 909
345 191
345 475
909 359
909 414
577 886
577 676
577 119
886 737
886 54
256 571
256 45
256 213
571 519
571 421
361 773
361 605
361 375
773 245
773 850
592 199
592 601
491 739
491 161
491 722
739 378
739 29
462 941
462 237
462 259
941 490
941 187
498 598
598 153
155 790
155 676
155 741
790 578
790 349
630 754
630 414
754 512
754 687
580 933
580 268
580 375
933 439
933 110
100 445
100 325
100 302
445 272
445 79
643 52
643 442
71 418
71 903
71 449
418 170
418 497
424 685
424 163
424 526
685 371
685 493
81 431
81 503
81 342
431 944
431 829
375 649
649 85
649 742
22 116
22 757
22 802
116 143
28 47
28 810
28 702
47 559
8 892
8 152
8 82
892 735
892 426
189 229
189 95
229 300
500 945
500 136
500 746
945 264
143 936
143 810
936 480
936 423
379 655
379 848
379 540
655 492
655 586
593 764
593 472
593 716
764 54
581 610
581 98
610 900
610 292
569 635
569 398
569 313
635 105
635 912
115 810
115 636
115 74
129 894
129 743
129 457
894 818
894 661
255 561
255 753
255 264
561 188
561 372
353 638
353 404
353 59
638 552
638 940
584 916
584 641
584 901
916 544
916 343
446 686
446 735
446 139
686 389
686 508
346 864
346 486
346 232
864 786
864 6
427 443
427 828
427 130
443 761
443 530
322 772
322 691
322 603
772 406
772 232
670 695
670 339
670 52
695 879
76 185
76 881
76 896
185 513
185 138
289 329
289 170
329 827
329 278
127 267
127 378
267 586
267 323
614 800
614 394
614 209
800 549
800 552
29 784
29 893
784 341
784 157
820 642
820 307
200 257
200 759
200 530
257 73
257 23
102 359
102 825
102 939
359 42
372 341
274 816
274 502
274 583
816 138
816 780
582 703
582 532
582 712
703 678
703 392
633 934
633 97
633 544
934 726
934 767
719 937
719 385
719 400
937 527
306 539
306 419
306 226
539 594
539 642
794 888
794 732
794 665
888 675
888 388
105 839
105 312
405 518
405 532
518 760
518 737
262 698
262 239
262 514
698 540
698 822
113 755
113 744
113 484
755 78
755 634
478 587
478 647
478 5
587 709
587 637
596 615
596 336
596 926
615 771
615 475
640 770
640 623
640 925
770 918
770 736
757 332
757 272
30 432
30 50
30 43
432 717
692 817
692 495
692 269
817 551
817 674
32 807
32 884
32 137
807 182
807 639
540 948
948 354
948 281
95 117
95 823
135 899
135 576
135 333
899 79
899 752
900 949
900 390
597 701
597 435
597 437
701 347
701 468
74 660
74 819
660 337
660 364
910 932
910 299
910 563
932 674
932 471
421 704
421 153
704 600
704 560
423 664
423 433
664 726
684 705
684 924
684 89
339 503
339 173
417 855
417 230
417 862
855 821
855 560
696 944
696 683
696 543
944 824
35 295
35 644
35 744
295 504
295 75
378 895
364 470
364 903
470 771
470 144
236 550
236 57
236 58
550 73
550 637
736 836
836 876
836 125
196 370
196 857
196 164
370 788
370 24
242 342
242 415
242 211
342 82
183 930
183 822
183 889
930 92
930 86
751 893
751 875
751 103
893 651
507 761
507 407
507 253
761 465
676 928
36 305
36 914
97 595
97 344
822 514
786 935
786 713
935 735
935 848
924 872
924 488
152 801
152 688
164 808
164 290
808 863
808 527
92 411
92 835
411 357
411 464
16 501
16 460
16 674
501 49
501 949
224 309
512 853
512 354
853 382
853 120
150 766
150 336
150 9
766 607
766 876
104 241
104 179
104 43
241 883
241 158
355 497
355 492
355 625
497 199
321 504
321 448
321 694
504 377
407 777
407 650
551 717
551 803
618 854
618 452
624 845
624 368
72 931
72 729
72 600
931 833
931 812
536 657
536 549
536 126
657 857
657 207
44 720
44 879
44 882
720 45
720 759
66 479
66 118
66 209
479 214
479 190
53 280
53 96
53 672
280 393
280 2
132 460
132 859
132 793
460 233
387 570
387 769
387 151
570 298
570 166
636 611
160 787
160 819
160 442
787 439
787 748
724 829
724 197
829 269
544 925
549 86
80 269
80 298
351 769
351 68
351 907
769 237
239 122
239 468
690 728
690 586
690 576
728 395
728 178
187 373
187 558
373 749
373 887
253 318
253 301
318 332
318 422
553 579
553 831
553 3
579 40
543 831
543 830
831 748
406 825
406 920
825 677
83 666
83 395
83 733
666 520
666 118
357 659
357 119
52 449
449 186
156 915
156 838
915 177
915 454
738 34
738 781
801 410
64 917
64 12
917 328
917 422
39 515
39 1
39 541
515 869
515 98
606 828
606 283
606 340
828 514
147 542
147 522
147 573
542 208
265 534
265 707
265 942
534 203
534 315
398 145
398 356
49 243
49 837
297 752
297 918
297 708
752 620
57 276
57 838
276 206
276 487
188 616
188 605
616 317
928 3
928 760
170 629
103 248
103 391
248 824
131 867
131 0
15 809
15 524
15 891
809 175
519 240
519 399
277 629
277 552
154 595
154 228
154 303
595 672
268 89
268 408
285 669
285 68
285 389
669 531
669 3
457 861
457 575
861 648
861 366
403 481
403 489
403 612
481 434
481 939
333 682
333 169
682 835
682 506
448 473
448 96
21 452
21 219
21 513
452 293
835 926
734 882
734 25
734 145
882 465
168 205
168 648
168 191
205 158
205 404
852 874
852 144
852 679
874 506
874 833
291 312
291 145
291 583
312 814
524 663
524 99
663 352
663 511
506 721
6 557
6 846
557 182
881 647
881 173
45 896
12 79
12 383
509 885
509 287
509 675
885 668
885 713
883 946
946 608
946 214
620 24
620 171
413 688
413 921
413 459
688 270
1 743
237 799
90 263
90 181
90 942
263 363
263 463
319 760
319 731
319 480
802 46
802 472
223 792
223 451
223 607
792 599
792 380
182 611
611 768
341 46
533 725
533 23
725 854
725 425
527 565
565 260
565 456
425 783
425 48
783 537
783 558
25 716
89 327
753 114
753 246
0 383
0 780
383 42
199 238
396 877
396 898
396 426
877 137
877 762
305 284
305 671
146 293
146 11
146 317
293 24
771 426
749 281
749 192
207 82
404 444
444 194
444 234
296 731
296 845
296 17
731 949
522 410
522 393
722 875
722 110
875 573
337 77
337 887
73 31
713 767
767 476
254 747
254 913
254 99
747 778
747 709
314 612
314 408
314 323
612 824
492 510
819 585
563 715
563 212
715 919
744 496
275 397
275 918
275 125
397 665
397 78
87 871
87 897
87 259
871 109
471 488
471 634
488 77
799 811
799 903
811 667
811 740
4 464
4 34
4 493
464 707
637 778
194 13
194 781
144 607
184 516
184 204
516 315
516 541
96 450
537 58
537 505
287 178
546 788
546 60
546 120
788 366
778 694
851 10
851 796
687 848
687 718
710 868
710 815
710 583
868 774
868 623
905 927
905 19
905 246
927 303
927 746
93 374
93 651
93 832
374 677
374 680
213 327
327 556
480 436
362 535
362 371
362 51
535 653
535 292
245 679
245 409
505 494
290 499
290 335
838 730
94 576
94 742
94 313
266 459
266 284
266 433
459 782
219 716
219 139
395 545
545 523
545 271
555 683
555 14
555 675
683 202
863 872
601 440
601 568
163 56
163 201
203 231
203 502
231 201
231 247
11 309
830 173
830 650
99 599
385 652
385 270
652 171
652 865
366 779
118 299
114 832
114 911
832 260
153 531
531 759
65 567
65 412
65 130
567 897
845 193
238 681
238 656
651 474
645 733
645 192
645 815
733 177
220 706
220 473
220 523
706 381
706 793
884 179
328 388
328 494
388 141
382 469
382 461
451 234
451 697
680 812
680 286
68 922
922 656
922 436
391 765
391 768
212 349
317 221
20 834
20 463
62 511
62 455
62 304
511 46
356 463
356 232
106 288
106 590
106 484
288 193
288 870
575 623
157 465
157 390
14 756
14 165
336 723
496 198
496 181
172 763
172 381
763 847
763 717
233 779
233 2
779 590
208 920
208 625
371 13
234 943
858 58
218 591
218 671
218 805
591 121
591 889
434 258
434 304
10 562
10 59
562 70
191 913
850 352
850 117
605 394
578 75
578 737
435 662
435 856
483 494
483 775
483 526
260 681
286 474
286 215
474 271
631 826
202 251
202 538
251 9
756 774
756 31
774 38
198 626
198 847
626 476
626 112
433 529
529 249
529 804
206 221
221 842
225 765
225 217
225 310
765 51
325 503
325 151
70 827
70 896
386 453
386 510
386 59
453 447
453 729
827 926
548 600
548 604
913 890
410 872
86 547
547 681
547 456
272 243
390 400
400 841
138 201
455 482
455 815
347 559
416 803
416 302
416 133
803 159
402 639
402 162
402 77
639 493
673 873
673 661
873 668
873 708
228 235
228 482
235 911
235 186
349 226
195 732
195 625
195 746
732 940
556 711
711 141
702 914
702 210
914 712
340 412
340 621
412 368
419 323
108 700
108 440
108 230
700 352
854 898
898 907
647 642
204 264
204 938
48 758
48 782
299 41
938 247
938 363
133 240
133 782
240 399
125 730
730 538
85 428
85 573
428 343
428 209
742 867
662 740
662 818
834 558
834 785
589 789
589 250
694 335
461 921
461 486
921 75
646 776
821 897
821 585
420 925
420 574
393 162
490 876
490 301
261 644
261 712
261 870
644 648
302 707
50 659
621 653
621 748
34 343
668 107
137 414
313 41
98 841
841 19
653 780
27 408
27 139
27 415
51 210
249 866
249 599
866 659
866 775
78 641
217 541
217 140
177 912
175 472
175 307
814 791
258 603
258 860
469 785
469 124
41 176
176 88
176 226
307 437
538 124
270 315
574 796
574 283
796 608
691 823
691 310
823 439
726 608
166 495
166 222
585 632
789 856
789 159
846 860
846 181
161 162
161 890
107 520
107 401
520 354
284 38
122 709
627 793
627 891
243 805
447 369
447 677
911 901
785 862
862 91
91 121
91 466
121 300
833 865
197 776
197 902
776 667
867 40
891 943
271 310
171 942
124 311
311 301
311 880
641 805
523 392
721 723
603 919
718 906
718 60
906 499
906 904
222 842
920 847
38 335
837 230
560 109
117 697
109 775
159 632
211 943
211 304
179 401
17 665
17 422
281 714
714 654
714 508
88 679
88 590
169 499
671 907
508 510
495 650
278 902
912 904
667 450
482 879
487 215
487 380
186 303
60 559
192 656
859 826
859 741
437 826
120 741
454 887
454 130
476 326
141 818
23 294
151 165
300 678
193 604
401 697
250 294
940 283
791 804
381 869
672 840
42 904
856 865
768 440
112 568
112 5
568 369
292 56
210 860
56 369
902 377
9 326
654 880
466 326
466 136
126 43
136 486
777 309
777 140
489 842
489 526
363 895
215 762
19 895
939 880
678 762
484 840
246 594
40 368
594 344
758 740
456 119
781 723
436 708
409 442
259 450
140 901
