177 181
177 422
177 219
181 507
181 357
473 570
473 133
473 562
570 365
570 607
497 537
497 586
497 467
537 363
537 325
450 605
450 375
450 193
605 618
605 31
60 410
60 398
60 332
410 590
410 543
40 432
40 225
40 79
432 215
432 591
328 499
328 423
328 575
499 12
499 52
198 231
198 496
198 545
231 191
231 489
59 311
59 582
59 247
311 507
311 213
104 224
104 396
104 547
224 463
224 426
284 420
284 1
284 201
420 589
420 52
349 540
349 211
349 302
540 55
540 445
86 575
86 174
86 157
575 618
250 516
250 340
250 335
516 624
516 26
555 645
555 4
555 142
645 482
645 366
190 385
190 209
190 146
385 99
385 233
478 532
478 63
478 126
532 528
532 631
55 578
55 169
578 339
578 108
496 68
496 12
188 461
188 216
188 421
461 287
461 289
241 476
241 545
241 18
476 416
476 100
44 447
44 168
44 543
447 306
447 106
148 159
148 94
148 323
159 406
159 286
370 608
370 457
370 347
608 543
608 83
140 402
140 625
140 405
402 492
402 164
226 353
226 123
226 251
353 30
353 77
464 481
464 346
464 96
481 289
481 556
308 642
308 276
308 469
642 99
642 515
542 580
542 617
542 325
580 98
580 579
215 371
215 0
195 374
195 416
195 50
374 166
374 601
191 331
191 154
331 77
331 246
274 347
274 309
274 182
347 604
0 144
0 489
144 332
144 601
227 424
227 358
227 463
424 523
424 61
214 216
214 213
214 356
216 4
120 298
120 143
120 503
298 315
298 176
6 187
6 459
6 234
187 462
187 530
36 466
36 577
36 417
466 327
466 155
92 465
92 330
92 165
465 569
465 396
126 341
126 2
341 375
341 219
31 369
31 3
369 132
369 135
553 594
553 278
553 25
594 61
594 288
266 510
266 500
266 547
510 436
510 407
232 368
232 595
232 598
368 470
368 153
168 273
168 376
427 445
427 380
427 45
445 17
56 151
56 103
56 429
151 345
151 572
90 531
90 338
90 30
531 539
531 602
165 305
165 536
305 114
305 1
166 270
166 452
270 244
270 157
85 196
85 502
85 348
196 628
196 41
539 43
539 62
330 495
330 103
378 458
378 527
378 367
458 351
458 352
35 613
35 141
35 610
613 380
613 561
291 301
291 401
291 145
301 646
301 302
238 295
238 184
238 412
295 28
295 162
475 647
475 544
475 296
647 522
647 34
205 634
205 167
205 376
634 417
634 221
381 603
381 66
381 356
603 602
603 254
317 448
317 17
317 217
448 313
448 229
479 519
479 505
479 418
519 3
519 312
82 554
82 8
82 582
554 156
554 84
453 610
453 383
453 202
610 255
433 641
433 172
433 102
641 46
641 119
258 371
258 541
258 460
371 115
414 637
414 501
414 161
637 53
637 277
66 457
66 162
457 344
306 408
306 592
318 449
318 102
318 576
449 84
449 69
46 228
46 220
228 125
228 444
107 485
107 134
107 566
485 584
485 202
99 243
243 170
243 304
322 419
322 277
322 383
419 294
419 5
51 77
51 359
51 524
459 644
459 551
644 75
644 39
407 606
407 557
606 619
606 249
183 233
183 336
183 287
233 590
490 622
490 247
490 11
622 523
622 314
525 589
525 601
525 129
589 567
49 242
49 27
49 268
242 263
242 115
287 45
618 162
239 393
239 313
239 222
393 517
393 206
345 640
345 313
640 207
640 623
112 438
112 468
112 471
438 325
438 262
38 489
38 45
38 477
76 515
76 175
76 560
515 399
125 189
125 566
186 396
186 113
186 569
115 443
443 280
443 75
276 288
276 529
33 401
33 300
33 596
401 173
28 632
28 440
26 514
26 319
514 161
514 533
62 208
62 480
208 373
208 480
161 568
568 405
568 2
333 522
333 609
333 635
522 491
70 319
70 536
70 604
319 204
406 315
406 201
350 602
350 127
350 268
336 9
336 309
387 413
387 372
387 600
413 386
413 154
361 513
361 360
361 101
513 32
513 597
78 152
78 472
78 21
152 425
152 149
505 153
505 394
425 534
425 292
534 113
534 397
174 23
174 136
237 334
237 297
237 267
334 309
334 157
134 587
134 421
587 558
587 343
428 530
428 88
428 550
530 288
9 262
9 484
109 423
109 469
109 71
423 611
97 421
97 355
97 395
180 474
180 178
180 122
474 200
474 137
172 244
172 7
80 597
80 143
80 403
597 15
15 626
15 409
626 155
626 101
12 171
149 486
149 511
486 158
486 202
260 573
260 58
260 267
573 559
573 254
72 95
72 210
72 607
95 627
95 567
246 257
246 382
257 344
257 68
129 248
129 310
248 561
248 638
108 314
108 43
314 150
342 630
342 616
342 199
630 632
630 627
122 599
122 538
599 612
599 121
303 382
303 64
303 273
382 467
127 574
127 69
574 294
574 118
247 249
249 404
176 207
176 37
207 138
500 590
500 394
422 81
422 19
7 267
7 178
627 546
588 636
588 296
588 477
636 193
636 533
17 73
2 417
296 635
635 377
265 391
265 506
265 565
391 116
391 426
262 493
493 110
493 550
435 564
435 57
435 559
564 5
564 437
339 593
339 326
94 271
94 556
271 643
271 338
577 552
577 455
482 67
482 293
138 145
138 137
507 22
114 487
114 596
487 344
487 48
625 135
625 74
4 581
37 631
37 616
631 444
363 572
363 351
572 521
164 335
164 462
335 50
290 560
290 451
290 441
560 567
121 639
121 79
639 638
639 272
30 197
48 398
48 598
398 437
616 586
193 263
22 11
22 379
275 297
275 21
275 615
297 156
411 468
411 264
411 508
468 440
501 167
501 562
75 388
388 163
388 366
192 546
192 64
192 582
546 156
81 541
81 362
147 367
147 8
147 470
367 167
261 389
261 63
261 206
389 131
389 509
332 440
523 358
63 217
263 549
495 583
495 617
583 259
583 194
559 595
595 185
624 357
624 139
163 375
163 323
132 471
132 592
569 352
213 327
352 372
372 292
170 471
170 439
29 124
29 579
29 103
124 392
124 211
39 79
39 535
281 586
281 179
281 58
373 648
373 283
141 621
141 133
621 598
621 617
444 13
469 251
234 529
234 379
529 130
292 221
68 629
133 52
23 304
23 285
41 646
41 441
646 13
462 240
359 416
359 488
632 571
316 585
316 638
316 503
585 221
585 355
143 408
436 11
436 64
508 526
508 354
526 517
526 185
201 235
235 93
235 566
346 454
346 130
351 579
130 431
431 552
431 91
521 557
521 299
229 571
229 329
571 528
545 116
173 633
173 354
54 548
54 384
54 360
548 364
548 106
304 643
552 50
321 403
321 512
321 253
403 365
455 492
455 442
492 563
517 160
392 10
392 409
524 591
524 434
591 611
404 544
404 300
544 324
480 179
612 504
612 633
254 596
251 219
110 384
110 467
210 182
210 285
158 488
158 456
488 145
179 282
282 278
282 357
536 337
278 171
520 593
520 200
520 441
593 390
561 355
119 160
119 484
160 512
113 364
364 452
8 203
358 614
527 111
527 343
541 563
563 397
383 399
27 171
27 256
84 324
324 19
105 118
105 415
105 199
118 483
135 581
91 619
91 547
619 439
203 74
203 142
175 289
175 384
10 89
10 326
200 620
620 253
620 264
194 320
194 272
320 98
320 225
454 390
454 230
360 565
592 169
418 337
418 557
19 71
128 240
128 142
128 131
240 412
609 222
609 136
264 503
285 137
89 230
89 116
230 386
365 1
61 538
189 430
189 434
14 74
14 452
14 43
155 223
504 204
504 93
24 551
24 494
24 197
551 502
211 3
217 299
299 223
379 218
98 494
277 25
150 376
150 477
101 286
88 446
88 32
535 549
535 184
502 430
362 649
362 558
649 483
649 456
169 245
245 607
245 629
633 73
131 348
472 409
472 279
42 415
42 494
42 236
415 255
386 442
225 65
558 629
643 32
323 21
146 252
146 197
252 268
252 533
255 100
154 512
338 34
354 442
348 498
300 87
509 73
509 614
184 123
57 528
57 153
58 400
400 648
400 310
178 584
549 498
244 390
395 430
395 218
117 315
117 439
117 340
218 405
102 279
47 506
47 16
47 518
506 293
185 220
220 576
204 123
206 307
96 377
96 463
377 111
412 584
111 67
366 399
253 565
648 100
429 65
429 87
20 283
20 451
20 408
283 83
611 222
380 446
446 212
286 491
491 16
87 518
483 538
279 470
307 312
307 581
312 511
13 518
484 562
93 18
451 456
498 600
106 272
16 356
434 397
136 623
614 340
329 310
329 212
199 615
326 604
25 394
280 511
280 302
223 83
293 576
623 628
628 34
71 426
337 273
294 437
53 139
53 259
139 67
212 550
65 327
209 256
209 615
256 5
236 269
236 259
343 18
600 460
182 269
460 269
69 556
