15 21
15 169
15 58
21 43
21 182
61 226
61 58
61 138
226 172
226 112
29 203
29 85
29 125
203 196
203 93
35 97
35 90
35 38
97 169
97 233
6 210
6 9
6 198
210 3
210 161
229 237
229 194
229 204
237 148
237 24
34 138
34 84
34 222
138 33
147 158
147 208
147 248
158 227
158 197
31 230
31 126
31 137
230 141
230 232
129 155
129 128
129 181
155 175
155 80
132 160
132 196
132 207
160 10
160 233
192 211
192 80
192 106
211 199
211 212
0 108
0 45
0 95
108 20
108 164
16 223
16 167
16 123
223 79
223 179
181 201
181 112
201 212
201 68
74 75
74 178
74 60
75 17
75 163
9 193
9 25
193 152
193 53
134 215
134 195
134 64
215 189
215 227
194 121
194 116
103 120
103 214
103 24
120 44
120 217
202 242
202 241
202 243
242 49
242 70
44 150
44 14
150 167
150 87
42 235
42 113
42 145
235 48
235 89
178 4
178 221
93 200
93 170
200 23
200 149
102 114
102 59
102 166
114 36
114 96
123 173
123 144
173 47
173 1
20 76
20 121
165 197
165 11
165 14
197 101
23 104
23 7
104 172
104 135
49 187
49 70
66 84
66 130
66 204
84 233
175 238
175 32
238 110
238 115
62 208
62 30
62 246
208 139
56 146
56 196
56 168
146 161
146 43
17 47
17 64
47 191
113 243
113 214
76 55
76 126
191 94
191 249
161 183
81 171
81 10
81 224
171 46
171 143
30 214
30 4
198 216
198 25
216 227
216 40
68 106
68 87
106 130
239 244
239 174
239 90
244 234
244 11
55 154
55 183
154 153
154 51
169 131
82 144
82 46
82 124
144 145
43 45
45 50
13 41
13 225
13 116
41 36
41 224
80 96
72 128
72 148
72 119
128 213
112 232
25 139
110 111
110 63
10 117
78 133
78 186
78 4
133 38
133 90
32 151
32 153
121 122
122 57
122 36
167 135
153 157
2 3
2 85
2 206
3 224
99 219
99 205
99 168
219 217
219 220
98 241
98 124
98 12
241 186
172 141
141 50
87 40
83 225
83 180
83 166
225 38
209 212
209 22
209 195
58 221
189 183
189 107
1 184
1 109
124 118
205 143
205 95
148 18
27 185
27 63
27 220
185 8
185 69
79 190
79 109
145 177
177 107
177 94
243 190
48 127
48 116
65 77
65 188
65 142
77 59
77 207
22 115
22 54
115 53
8 217
8 119
54 184
54 249
184 136
46 180
86 118
86 19
86 91
118 164
107 100
57 176
57 159
176 247
176 218
60 166
60 117
127 222
127 28
52 88
52 73
52 240
88 222
88 67
135 231
89 159
89 131
152 247
152 64
151 163
151 207
63 179
168 180
213 142
213 240
157 220
157 26
50 159
67 248
67 228
248 218
5 245
5 240
5 94
245 195
245 149
130 96
174 234
174 228
139 140
100 137
100 126
137 12
92 142
92 187
92 18
188 14
188 71
234 85
190 51
156 162
156 39
156 26
162 218
162 105
40 182
71 231
71 187
231 53
59 37
232 70
51 136
136 204
73 69
73 7
19 179
19 163
12 140
140 170
143 69
249 236
206 228
206 199
28 236
28 109
236 39
11 182
18 24
247 199
26 149
119 246
39 101
101 186
7 170
164 125
111 91
111 37
33 221
33 95
37 117
91 105
125 131
105 246
