151 162
151 195
151 185
162 100
162 145
6 137
6 11
6 99
137 184
137 7
38 142
38 55
38 129
142 115
142 103
115 165
115 77
138 174
138 130
138 171
174 193
174 53
61 116
61 182
61 184
116 119
116 192
21 199
21 73
21 154
199 182
199 125
81 94
81 133
81 88
94 45
94 85
62 145
62 163
62 14
145 12
16 111
16 7
16 183
111 148
111 47
163 40
163 15
49 53
49 172
49 140
53 139
140 192
140 105
192 154
99 136
99 161
136 179
136 188
5 147
5 160
5 82
147 36
147 121
9 17
9 65
9 27
17 64
17 96
184 4
22 91
22 30
22 121
91 187
91 39
131 143
131 181
131 169
143 165
143 56
120 177
120 165
120 59
177 19
177 196
68 84
68 122
68 144
84 124
84 45
11 44
11 33
133 95
133 30
15 23
15 90
23 20
23 19
73 48
73 102
79 90
79 135
79 57
90 57
182 51
44 108
44 2
13 108
13 63
13 10
108 0
55 141
55 167
141 100
141 135
10 173
10 51
173 78
173 107
0 34
0 146
34 85
34 29
85 1
29 70
29 26
65 103
65 169
48 166
48 41
166 114
166 93
114 87
114 58
45 123
76 127
76 20
76 155
127 158
127 194
43 69
43 3
43 117
69 31
69 139
112 123
112 101
112 156
123 170
100 103
63 118
63 191
118 12
118 119
130 60
130 150
28 87
28 89
28 183
87 175
2 187
2 42
187 104
40 125
40 186
125 132
24 193
24 159
24 186
193 96
70 47
70 195
191 8
191 139
4 105
4 46
105 86
78 102
78 27
12 150
32 96
32 109
32 58
14 179
14 93
179 97
39 74
39 194
74 41
74 97
26 153
26 181
153 122
153 172
25 155
25 1
25 7
155 161
132 161
132 50
18 158
18 80
18 146
158 164
71 106
71 52
71 169
106 97
106 176
30 196
196 171
117 167
117 148
167 168
37 92
37 190
37 77
92 188
92 107
41 190
89 60
89 8
95 109
95 152
109 46
50 86
50 35
86 101
102 35
160 54
160 36
1 83
83 80
83 157
19 98
98 180
98 31
171 178
93 164
56 126
56 77
126 42
126 46
119 149
64 180
64 170
183 58
101 67
52 67
52 31
67 51
80 135
150 75
35 60
129 152
129 181
152 36
104 8
104 168
54 195
54 128
47 134
33 172
33 197
134 175
134 128
188 59
82 176
82 198
149 194
149 72
186 66
180 122
110 113
110 88
110 57
113 72
113 189
59 197
146 124
20 148
88 178
190 198
168 170
121 189
189 128
72 42
124 198
175 75
197 27
164 3
156 157
156 66
157 185
107 185
144 176
144 178
66 159
159 154
3 75
