76 278
76 534
76 154
278 554
278 247
108 347
108 155
108 294
347 42
347 27
379 572
379 67
379 560
572 635
572 231
168 370
168 58
168 335
370 138
370 509
104 215
104 414
104 156
215 107
215 255
25 160
25 586
25 350
160 68
160 490
135 193
135 44
135 643
193 10
193 2
150 331
150 408
150 359
331 539
331 361
534 425
534 593
87 153
87 97
87 388
153 330
153 637
84 633
84 314
84 387
633 472
633 548
494 629
494 260
494 480
629 593
629 646
90 298
90 139
90 286
298 634
298 332
430 483
430 240
430 110
483 314
483 283
263 644
263 577
263 324
644 120
644 246
290 472
290 604
290 329
472 606
412 596
412 573
412 619
596 7
596 292
48 63
48 230
48 468
63 317
63 322
315 654
315 500
315 229
654 474
654 175
141 538
141 82
141 404
538 27
538 598
110 294
110 257
294 653
170 434
170 576
170 158
434 268
434 67
238 300
238 508
238 589
300 329
300 536
147 670
147 390
147 451
670 590
670 658
460 502
460 235
460 479
502 385
502 53
169 618
169 316
169 246
618 335
618 376
85 457
85 214
85 680
457 556
457 398
50 527
50 167
50 627
527 481
527 462
317 311
317 602
16 623
16 78
16 421
623 628
623 691
164 521
164 307
164 678
521 197
521 6
62 501
62 96
62 402
501 21
501 408
134 368
134 145
134 275
368 255
368 101
94 533
94 406
94 506
533 297
533 77
310 575
310 560
310 573
575 564
575 224
291 571
291 673
291 385
571 600
571 116
123 578
123 688
123 323
578 393
578 551
17 179
17 321
17 691
179 309
179 523
448 536
448 493
448 207
536 617
337 687
337 286
337 33
687 213
687 609
437 545
437 498
437 463
545 9
545 622
107 252
107 106
252 336
252 38
350 495
350 338
495 195
495 335
323 541
323 70
541 312
541 226
106 339
106 102
396 611
396 45
396 327
611 400
611 117
283 325
283 47
325 628
325 537
524 540
524 450
524 276
540 91
540 313
18 668
18 649
18 610
668 454
668 270
268 363
268 626
214 463
214 119
463 559
140 523
140 360
140 542
523 348
606 676
606 223
35 330
35 212
35 425
330 565
454 579
454 65
579 68
579 383
573 295
446 486
446 9
446 673
486 196
486 650
228 236
228 327
228 88
236 312
236 301
138 249
138 172
393 698
393 309
244 360
244 190
244 500
360 465
10 666
10 93
195 173
195 464
354 479
354 589
354 433
479 436
305 474
305 318
305 260
474 627
617 99
617 219
64 658
64 388
64 478
658 520
51 459
51 0
51 465
459 355
459 15
338 489
338 581
489 322
489 577
131 339
131 528
131 262
339 399
369 467
369 556
369 199
467 693
467 566
188 303
188 570
188 261
303 661
303 248
66 466
66 591
66 522
466 422
466 243
42 205
42 97
224 485
224 585
485 395
485 374
212 669
212 176
669 319
669 549
96 447
96 513
634 667
634 183
667 688
667 161
8 363
8 528
8 126
363 513
205 490
205 49
490 111
635 641
635 557
641 280
641 185
59 683
59 75
59 530
683 80
683 519
387 539
387 55
539 101
113 663
113 308
113 609
663 423
663 415
30 381
30 637
30 662
381 451
381 647
407 615
407 559
407 31
615 181
615 613
250 659
250 21
250 341
659 126
659 233
343 469
343 553
343 520
469 365
469 428
253 566
253 671
253 284
566 699
55 56
55 211
56 307
56 696
162 695
162 392
162 373
695 9
695 646
637 372
316 532
316 383
124 174
124 694
124 576
174 32
174 40
176 542
176 662
103 389
103 178
103 433
389 280
389 6
157 598
157 686
157 196
598 680
39 624
39 530
39 242
624 254
624 529
158 661
158 456
661 320
257 520
257 117
388 11
199 213
199 88
213 651
222 416
222 516
222 186
416 621
416 442
52 679
52 506
52 402
679 461
679 4
202 358
202 384
202 546
358 44
358 411
567 627
567 43
567 671
425 93
65 380
65 311
380 128
380 699
225 607
225 426
225 49
607 384
607 543
411 608
411 80
608 426
608 356
22 418
22 118
22 657
418 371
418 583
41 279
41 497
41 449
279 29
279 584
132 397
132 405
132 223
397 551
397 382
5 594
5 75
5 24
594 586
594 375
289 362
289 518
289 342
362 580
362 390
500 80
299 403
299 1
299 656
403 81
403 275
4 77
4 220
77 453
649 112
649 612
98 678
98 639
98 112
678 620
507 697
507 306
507 367
697 95
697 333
23 346
23 592
23 511
346 510
346 475
187 198
187 532
187 78
198 334
198 432
676 583
676 510
406 230
406 99
155 651
155 139
651 67
78 61
673 71
125 232
125 482
125 401
232 293
232 180
53 365
53 19
365 476
336 398
336 270
390 493
33 643
33 681
643 114
591 471
591 136
201 218
201 631
201 537
218 19
218 351
60 251
60 525
60 484
251 349
251 509
101 408
638 664
638 192
638 458
664 284
664 441
145 484
145 324
484 528
580 54
580 267
189 243
189 364
189 115
243 120
505 647
505 356
505 492
647 628
680 73
400 692
400 640
692 194
692 265
371 341
371 165
139 352
525 648
525 328
121 630
121 172
121 439
630 46
630 311
216 373
216 516
216 414
373 32
197 296
197 163
190 677
190 614
385 542
349 455
349 248
481 149
481 491
239 356
239 419
239 562
376 449
376 203
698 410
698 394
280 31
97 245
255 556
345 621
345 72
345 308
621 626
276 689
276 269
689 361
689 133
185 384
185 29
44 34
184 295
184 302
184 622
295 130
364 249
364 410
7 235
7 613
235 355
45 109
45 620
109 227
109 57
88 318
318 240
19 293
245 292
245 648
292 167
586 166
631 605
631 14
154 281
154 595
281 471
281 568
444 510
444 601
444 49
461 302
461 518
553 597
553 15
254 590
254 691
508 531
508 632
531 209
531 180
159 234
159 498
159 191
234 420
234 498
3 395
3 477
3 582
395 426
551 569
220 564
220 401
99 192
192 526
272 529
272 546
272 137
529 219
319 622
319 694
175 605
175 626
605 392
493 504
504 515
504 36
515 366
515 321
552 564
552 267
552 619
399 480
399 344
480 146
333 404
333 133
404 105
462 429
462 614
593 569
382 427
382 27
427 428
427 12
348 287
348 301
54 282
54 26
1 266
1 320
230 321
443 550
443 549
443 351
550 105
550 273
274 592
274 690
274 599
592 37
322 682
221 595
221 301
221 499
595 136
117 367
367 74
688 273
161 562
161 513
562 440
21 259
267 137
259 477
259 476
429 266
429 163
516 86
229 602
229 410
357 473
357 509
357 555
473 93
473 83
686 122
686 240
307 231
24 431
24 210
431 120
431 601
447 557
447 116
47 167
47 129
559 476
392 522
522 264
374 409
374 262
409 604
409 449
589 672
81 70
81 119
419 569
419 535
72 328
72 435
581 284
581 547
414 391
491 585
491 464
585 684
122 602
122 561
275 209
128 584
128 690
482 151
482 271
32 260
69 312
69 563
69 656
28 549
28 423
28 458
526 655
526 413
655 401
655 296
620 568
6 603
0 436
0 563
26 588
26 558
588 11
588 227
690 344
133 293
95 560
95 563
177 519
177 100
177 391
519 445
497 488
497 570
341 115
309 304
506 675
246 282
58 546
58 105
249 650
561 685
561 142
304 685
304 226
543 582
543 137
582 332
73 565
73 503
565 423
196 227
57 468
57 296
468 398
204 487
204 342
204 377
487 619
487 211
306 115
306 375
13 547
13 146
13 514
547 15
492 652
492 512
652 217
652 453
344 256
428 29
530 535
535 452
329 603
372 574
372 83
574 334
574 297
151 587
151 417
587 452
587 645
314 20
207 277
207 143
277 642
277 488
181 148
181 200
31 163
178 488
178 441
282 682
327 438
334 36
148 456
148 342
456 247
465 639
639 570
436 603
699 182
455 672
455 261
266 114
590 442
604 674
111 672
111 616
130 332
130 415
352 61
352 186
405 499
405 544
499 258
208 470
208 511
208 146
470 340
470 324
143 233
143 71
233 340
568 642
642 264
640 450
640 36
217 555
217 285
555 92
512 600
512 286
532 79
219 237
237 597
237 171
677 609
677 503
421 496
421 441
450 666
675 34
675 149
662 681
681 248
320 82
632 129
632 285
46 696
46 182
696 432
152 439
152 402
152 451
439 417
194 172
194 616
102 200
102 682
200 660
74 142
74 378
165 247
165 445
285 288
361 636
648 258
86 112
86 288
75 210
210 173
191 420
191 79
386 471
386 34
386 413
2 625
2 610
625 636
625 442
37 548
37 557
180 71
68 326
366 660
366 91
660 100
129 241
464 665
665 40
665 256
685 89
653 258
653 475
273 20
38 413
38 636
308 435
435 645
209 313
313 116
173 445
353 415
353 433
353 271
656 378
514 203
514 156
693 144
693 242
646 378
70 391
328 496
206 261
206 40
206 100
614 256
242 684
241 475
241 674
82 127
478 558
478 118
558 127
223 144
182 149
326 420
326 517
269 119
269 422
297 452
270 127
584 377
518 599
599 375
287 186
287 61
14 171
14 440
171 438
126 183
91 458
616 453
12 265
12 92
265 422
577 271
537 610
351 601
440 142
517 684
517 226
11 394
394 156
597 657
576 650
288 613
694 657
548 612
612 383
674 424
417 671
340 264
600 231
114 377
503 144
511 438
89 43
89 554
211 302
43 554
183 496
355 166
432 544
544 424
92 359
359 666
118 583
477 203
424 262
83 166
79 136
645 20
