53 798
53 546
53 40
798 531
798 464
321 469
321 309
321 562
469 575
469 755
236 770
236 264
236 375
770 680
770 728
449 734
449 664
449 780
734 249
734 51
102 281
102 438
102 332
281 409
281 498
235 810
235 546
235 397
810 647
810 702
182 655
182 363
182 322
655 306
655 489
508 825
508 287
508 111
825 596
825 472
529 619
529 624
529 365
619 813
619 605
10 548
10 651
10 448
548 679
548 323
267 735
267 662
267 84
735 404
735 373
546 423
217 505
217 560
217 84
505 661
505 493
355 475
355 574
355 622
475 121
475 213
98 553
98 307
98 758
553 344
553 19
542 795
542 177
542 192
795 594
795 62
0 512
0 105
0 709
512 292
512 464
138 482
138 489
138 455
482 463
482 178
39 94
39 326
39 629
94 718
94 646
457 607
457 67
457 305
607 186
607 736
56 263
56 59
56 818
263 105
263 672
301 625
301 500
301 35
625 247
625 227
129 253
129 135
129 104
253 123
253 609
190 757
190 416
190 740
757 679
757 603
335 357
335 48
335 768
357 26
357 430
133 488
133 399
133 675
488 393
488 792
447 535
447 804
447 705
535 710
535 339
163 776
163 238
163 7
776 112
776 617
46 111
46 323
46 219
111 171
661 638
661 400
174 790
174 230
174 70
790 839
790 455
608 753
608 187
608 382
753 472
753 802
139 274
139 22
139 477
274 374
274 27
362 468
362 240
362 300
468 13
468 315
294 562
294 195
294 12
562 271
240 743
240 259
69 480
69 789
69 388
480 232
480 594
349 763
349 697
349 523
763 849
763 298
22 338
22 40
821 838
821 358
821 234
838 834
838 353
127 277
127 436
127 155
277 275
277 638
125 353
125 532
125 589
353 348
284 526
284 793
284 59
526 63
526 524
42 584
42 266
42 260
584 140
584 691
502 748
502 588
502 88
748 840
748 572
161 455
161 359
161 443
187 593
187 269
593 656
593 65
388 583
388 454
583 333
583 216
712 823
712 88
712 2
823 806
823 354
4 328
4 830
4 614
328 52
328 473
223 286
223 305
223 657
286 214
286 781
34 356
34 799
34 781
356 615
356 836
204 538
204 320
204 652
538 494
538 404
300 671
300 708
266 369
266 421
369 43
369 351
205 210
205 195
205 384
210 479
210 722
629 766
629 547
766 213
766 723
326 47
326 97
344 487
344 285
361 462
361 8
361 128
462 154
462 769
178 377
178 695
377 664
377 160
76 100
76 685
76 20
100 132
100 244
260 675
260 465
675 811
48 532
48 168
532 214
429 489
429 658
429 775
213 456
456 568
456 666
312 578
312 192
312 122
578 103
578 774
177 762
177 444
762 410
762 170
82 381
82 635
82 688
381 800
381 193
299 644
299 690
299 674
644 672
644 169
135 392
135 347
392 697
392 403
630 636
630 237
630 698
636 345
636 715
309 345
309 726
679 348
116 271
116 442
116 302
271 297
441 705
441 374
441 437
705 639
647 440
647 403
282 568
282 800
282 577
568 627
189 340
189 556
189 634
340 835
340 252
683 732
683 442
683 698
732 689
732 841
38 473
38 44
38 402
473 220
337 769
337 279
337 796
769 493
507 771
507 290
507 84
771 484
771 65
560 497
560 445
718 824
718 523
581 842
581 19
581 325
842 725
842 782
24 430
24 77
24 700
430 549
61 577
61 372
61 121
577 820
275 582
275 649
777 789
777 179
777 688
789 686
51 797
51 711
797 325
797 101
230 633
230 606
96 805
96 399
96 390
805 293
805 446
75 453
75 710
75 573
453 222
453 423
615 727
615 669
35 151
35 744
151 760
151 606
63 744
63 768
744 666
446 545
446 613
545 833
545 168
110 559
110 16
110 66
559 198
559 704
824 794
824 252
198 137
198 600
427 531
427 515
427 637
531 203
380 685
380 525
380 719
685 787
231 476
231 724
231 497
476 107
476 783
262 580
262 652
262 596
580 632
580 613
697 347
304 317
304 470
304 832
317 211
317 586
820 143
820 179
633 791
633 352
338 251
338 104
13 146
13 833
146 794
146 148
416 376
416 556
439 519
439 79
439 145
519 421
519 479
131 631
131 158
131 450
631 485
631 785
393 481
393 167
800 534
527 716
527 587
527 492
716 97
716 44
132 303
132 412
303 31
303 322
715 803
715 555
803 806
803 249
664 651
523 733
678 741
678 528
678 30
741 640
741 827
487 363
487 506
107 251
107 754
251 840
176 796
176 293
176 194
796 264
109 706
109 411
109 765
706 306
706 152
331 404
331 650
331 694
31 786
31 268
786 352
786 596
370 746
370 672
370 765
746 390
746 785
224 808
224 227
224 7
808 141
808 511
465 435
465 691
40 268
666 32
298 348
298 59
399 172
95 290
95 279
95 314
290 444
67 659
67 663
52 752
52 490
760 765
760 194
444 278
257 702
257 484
257 90
702 202
215 556
215 646
215 209
41 440
41 616
41 93
440 249
70 159
70 833
530 604
530 714
530 612
604 18
604 491
670 727
670 351
670 541
727 395
719 848
719 713
848 490
848 709
157 736
157 376
157 620
736 614
167 557
167 582
557 156
557 350
374 302
3 534
3 363
3 585
534 212
175 497
175 15
175 471
682 822
682 287
682 792
822 43
822 730
172 836
172 128
836 330
27 783
27 597
783 184
17 181
17 417
17 123
181 722
181 628
60 551
60 772
60 327
551 2
551 199
220 540
220 415
540 533
540 83
8 807
8 844
168 184
79 421
79 645
264 466
466 610
466 343
81 201
81 208
81 728
201 242
201 203
265 547
265 460
265 692
547 817
591 717
591 144
591 438
717 318
717 692
674 831
674 778
831 788
831 616
273 407
273 495
273 668
407 517
407 726
105 9
410 521
410 247
768 586
160 358
160 637
358 2
117 811
117 402
117 660
811 391
91 493
91 44
91 696
402 159
211 445
211 555
445 162
45 233
45 261
45 166
233 218
233 113
626 773
626 287
626 620
773 537
773 459
834 1
834 292
73 452
73 828
73 720
452 153
452 420
411 173
411 472
470 183
470 520
347 74
238 308
238 307
793 351
793 845
191 565
191 324
191 50
565 827
565 150
365 601
365 188
601 652
601 245
124 395
124 516
124 642
395 166
387 396
387 600
387 733
396 627
396 147
323 460
460 386
242 80
242 406
89 818
89 778
89 183
818 524
516 115
516 118
330 621
330 588
621 327
621 484
495 544
495 114
141 196
141 6
196 329
196 296
635 313
635 428
103 184
103 592
522 827
522 627
522 130
544 57
544 420
346 830
346 552
346 784
830 86
345 26
137 384
137 310
130 159
130 461
454 336
454 536
651 245
366 435
366 781
366 571
435 506
704 839
704 802
839 136
316 434
316 216
316 764
434 148
434 751
579 700
579 592
579 254
700 656
828 624
828 207
616 186
792 391
506 368
648 650
648 30
648 628
650 252
539 600
539 5
539 382
12 180
12 385
180 503
180 594
478 589
478 320
478 618
589 733
549 64
549 492
494 713
494 408
713 78
18 751
18 336
144 829
144 623
829 751
829 197
85 285
85 122
85 121
285 448
6 333
6 311
624 528
325 728
586 801
801 384
801 667
123 166
414 582
414 261
414 787
518 639
518 367
518 92
639 5
588 806
537 108
537 193
778 432
229 513
229 747
229 563
513 342
513 68
140 412
140 371
5 483
170 463
170 442
463 329
268 306
295 723
295 394
295 243
723 774
106 707
106 114
106 171
707 521
707 515
179 115
25 490
25 767
25 451
725 598
725 80
461 503
461 570
503 662
333 686
695 819
695 364
819 845
819 847
379 699
379 669
379 815
699 16
699 49
671 638
671 691
774 817
528 403
297 787
297 209
49 307
49 726
437 681
437 660
681 761
681 280
710 296
47 611
47 816
611 669
611 371
261 720
720 649
279 496
148 816
113 413
113 602
413 225
413 422
246 448
246 573
246 57
292 564
564 391
564 269
799 389
799 239
614 419
164 270
164 423
164 743
270 256
270 536
375 843
375 385
319 409
319 784
319 324
409 782
587 126
587 55
342 807
342 142
807 202
794 575
15 677
15 20
677 222
677 397
108 576
108 722
576 643
576 185
714 747
714 424
483 248
483 43
599 813
599 276
599 590
813 228
731 740
731 832
731 536
740 756
320 668
424 817
424 272
250 552
250 200
250 324
552 618
479 14
222 99
574 66
574 498
364 802
364 55
248 156
248 378
245 334
334 226
334 837
55 173
173 37
232 660
232 14
291 566
291 657
291 649
566 572
566 417
68 228
68 809
228 115
153 443
153 656
256 693
256 359
693 459
693 200
283 832
283 288
283 398
226 120
226 406
504 687
504 372
504 77
687 554
687 199
197 499
197 550
499 37
499 134
308 756
308 29
62 311
62 514
311 569
11 525
11 761
11 541
525 74
394 555
394 293
221 749
221 754
221 567
749 400
749 485
192 759
87 641
87 543
87 745
641 563
641 80
804 572
804 703
646 156
772 88
772 724
158 780
158 812
341 642
341 467
341 372
642 36
206 597
206 280
206 812
597 653
183 450
280 668
126 609
126 846
609 71
791 401
791 54
408 709
408 814
474 654
474 114
474 329
654 373
654 58
401 738
401 72
643 207
643 237
521 33
432 451
432 50
227 610
610 570
19 390
247 841
368 585
368 37
202 450
214 492
602 30
602 405
367 743
367 425
640 676
640 701
676 58
676 302
86 239
86 826
239 471
14 383
645 225
645 812
747 78
203 533
485 278
425 729
425 658
729 750
729 680
433 849
433 721
433 554
849 846
26 467
767 606
767 97
315 569
315 398
569 194
112 313
112 120
845 481
533 739
314 54
314 418
438 550
72 595
72 844
595 400
595 558
33 195
33 696
216 92
659 742
659 93
742 93
742 816
477 598
477 571
332 383
332 418
383 134
154 459
154 724
313 149
524 405
269 491
92 788
788 613
598 617
118 339
118 694
119 517
119 758
119 1
517 689
398 426
426 208
426 520
692 617
134 209
237 785
622 703
622 826
376 653
738 36
738 136
188 360
188 359
77 752
690 162
690 464
784 101
689 276
554 193
276 510
561 847
561 415
561 673
847 510
318 83
318 843
618 296
36 737
405 721
721 23
327 145
165 186
165 422
165 698
339 212
752 219
336 501
590 32
590 419
739 169
739 496
570 258
684 764
684 20
684 382
764 83
686 143
573 667
667 603
255 623
255 511
255 779
623 843
603 826
428 152
428 814
272 128
272 57
305 23
9 809
9 637
809 541
234 289
234 259
289 101
289 471
592 64
278 406
486 509
486 350
486 620
509 143
509 149
680 761
417 775
90 841
90 467
54 420
32 780
200 199
244 436
244 558
436 498
310 701
310 837
241 632
241 612
241 142
632 207
510 737
500 663
500 730
663 745
58 696
21 750
21 711
21 74
750 708
662 343
837 775
418 567
371 78
225 835
152 386
708 779
431 782
431 185
431 147
136 605
605 422
840 451
122 1
389 779
389 415
28 491
28 218
28 185
481 694
758 412
50 515
142 634
634 155
322 571
511 16
612 71
150 759
150 673
759 756
737 258
628 99
288 665
288 558
665 212
665 730
550 585
162 360
360 496
169 219
703 254
701 23
658 259
711 815
350 147
814 7
208 258
373 458
443 835
653 657
754 514
352 755
171 120
104 145
385 688
64 846
65 563
71 844
673 755
458 514
458 815
543 254
543 66
501 354
501 520
218 378
99 378
575 243
419 29
745 397
243 29
149 386
155 567
354 343
