333 447
333 309
333 341
447 355
447 143
315 789
315 765
315 126
789 29
789 4
633 708
633 22
633 155
708 236
708 152
354 637
354 676
354 451
637 532
637 128
293 630
293 583
293 519
630 406
630 221
294 595
294 608
294 282
595 757
595 512
146 706
146 435
146 489
706 613
706 380
118 787
118 372
118 374
787 767
787 240
229 722
229 62
229 36
722 448
722 174
295 429
295 479
295 674
429 757
429 556
537 609
537 443
537 460
609 580
609 438
597 660
597 331
597 26
660 728
660 324
48 292
48 768
48 715
292 767
292 121
96 616
96 82
96 728
616 38
616 651
318 589
318 769
318 144
589 515
589 99
163 377
163 343
163 398
377 587
377 70
262 499
262 501
262 280
499 320
499 457
191 219
191 339
191 779
219 492
219 291
80 760
80 123
80 132
760 159
760 629
221 647
221 98
647 94
647 122
224 405
224 337
224 79
405 89
405 194
439 479
439 501
439 106
479 268
579 602
579 684
579 376
602 356
602 645
61 100
61 504
61 513
100 496
100 425
253 688
253 72
253 469
688 147
688 256
527 564
527 514
527 305
564 15
564 386
92 353
92 110
92 468
353 737
353 73
442 475
442 507
442 184
475 759
475 593
117 666
117 310
117 714
666 505
666 299
147 462
147 164
183 620
183 501
183 258
620 255
620 385
588 687
588 182
588 782
687 365
687 15
254 433
254 335
254 365
433 1
433 462
214 598
214 27
214 798
598 373
598 526
790 794
790 375
790 544
794 260
794 290
273 684
273 670
273 427
684 493
73 757
73 344
492 570
492 223
570 265
570 170
134 197
134 786
134 225
197 522
197 268
613 109
613 89
215 432
215 665
215 83
432 41
432 795
431 474
431 10
431 338
474 186
474 746
357 763
357 218
357 437
763 497
763 490
142 457
142 308
142 772
457 362
541 593
541 424
541 398
593 395
141 641
141 63
141 744
641 742
641 160
204 679
204 65
204 572
679 350
679 723
261 557
261 560
261 27
557 21
557 741
304 766
304 545
304 85
766 558
766 617
89 701
701 47
701 750
22 46
22 387
46 243
46 285
225 482
225 30
482 662
482 623
218 158
218 638
23 765
23 189
23 296
765 617
371 536
371 242
371 74
536 363
536 514
408 585
408 451
408 307
585 35
585 778
496 707
496 247
707 418
707 548
105 157
105 529
105 468
157 672
157 9
136 562
136 425
136 793
562 751
562 176
161 735
161 712
161 761
735 162
735 358
277 510
277 491
277 60
510 384
510 563
45 551
45 309
45 478
551 17
551 676
3 545
3 275
3 162
545 762
381 747
381 336
381 168
747 617
747 116
748 797
748 109
748 178
797 68
797 437
213 364
213 307
213 77
364 601
364 259
320 319
320 257
477 693
477 397
477 574
693 700
693 244
267 582
267 626
267 84
582 246
582 779
104 466
104 140
104 403
466 410
466 13
608 250
608 188
689 729
689 55
689 555
729 450
729 266
504 209
504 717
10 128
10 120
624 730
624 78
624 7
730 360
730 695
179 487
179 594
179 149
487 106
487 263
538 587
538 47
538 334
587 228
513 673
513 490
196 567
196 217
196 234
567 554
567 795
165 323
165 168
165 389
323 358
323 25
110 53
110 793
42 91
42 198
42 776
91 265
91 799
470 690
470 140
470 351
690 453
690 409
58 346
58 709
58 264
346 326
346 659
241 727
241 31
241 798
727 741
727 449
144 776
144 34
776 208
72 601
72 775
54 65
54 193
54 502
65 586
505 577
505 135
284 518
284 36
284 19
518 465
518 85
114 506
114 87
114 308
506 185
506 370
473 695
473 774
473 697
695 413
324 325
324 769
325 694
325 732
522 430
522 281
63 319
63 115
670 361
670 539
188 739
188 375
739 711
739 736
201 758
201 434
201 93
758 726
758 285
51 724
51 6
51 662
724 245
724 350
665 128
665 419
276 700
276 394
276 153
700 550
184 458
184 488
458 342
458 33
669 746
669 256
669 495
746 497
322 648
322 232
322 611
648 508
648 69
50 625
50 498
50 297
625 239
625 446
171 268
171 532
171 590
712 777
712 338
759 274
759 390
275 410
275 661
532 412
230 592
230 415
230 720
592 164
592 246
558 243
558 373
187 621
187 28
187 404
621 8
621 145
681 775
681 761
681 252
775 352
27 182
413 2
413 553
507 711
507 481
711 600
249 425
249 13
249 714
319 511
511 550
511 12
767 39
626 659
626 211
659 581
668 674
668 351
668 60
674 484
308 37
334 658
334 192
658 640
658 710
148 778
148 199
148 222
778 454
629 673
629 216
673 130
2 404
2 453
404 733
49 98
49 488
49 375
98 437
390 400
390 725
400 528
400 212
235 517
235 302
235 719
517 728
517 328
43 176
43 198
43 301
176 486
486 683
486 245
20 220
20 182
20 394
220 12
220 396
515 340
515 93
155 283
155 485
283 476
283 387
82 549
82 231
549 533
549 94
285 383
383 190
383 714
139 427
139 4
139 133
427 39
694 190
694 605
388 503
388 345
388 542
503 796
503 509
169 190
169 9
169 480
222 434
222 443
434 744
52 115
52 449
52 740
115 500
331 130
331 125
8 102
8 124
102 780
102 453
108 278
108 416
108 340
278 465
278 251
443 270
258 622
258 71
622 15
622 345
21 66
21 266
494 731
494 460
494 710
731 252
731 95
286 702
286 88
286 372
702 795
702 149
692 734
692 483
692 269
734 259
734 40
269 402
269 194
402 351
402 248
28 173
28 520
524 750
524 725
524 571
750 469
131 181
131 644
131 749
181 153
181 638
55 646
55 26
594 396
594 156
345 749
119 463
119 312
119 675
463 180
463 657
761 352
256 271
342 639
342 53
639 424
639 107
339 66
339 137
198 716
343 455
343 228
455 150
455 752
481 568
481 116
568 57
568 529
661 764
661 233
764 238
764 376
491 272
491 199
435 90
435 328
122 370
122 542
370 93
175 480
175 461
175 603
480 24
426 489
426 174
426 772
489 81
465 459
247 770
247 60
355 167
355 678
81 207
81 75
207 544
207 554
483 596
483 379
596 129
596 41
709 642
709 396
245 237
329 556
329 374
329 0
556 313
512 650
512 340
650 718
650 112
546 783
546 242
546 640
783 645
783 250
85 177
177 13
177 577
35 398
35 615
384 441
384 311
509 770
509 212
770 756
649 655
649 531
649 291
655 86
655 677
363 561
363 508
6 469
6 422
12 456
605 743
605 718
743 777
743 337
550 68
74 698
74 133
698 189
698 449
544 420
137 745
137 297
745 321
745 493
173 615
173 205
31 736
31 762
736 555
30 771
30 785
771 290
771 697
9 526
566 751
566 450
566 610
751 347
150 436
150 170
216 451
216 125
159 703
159 70
740 796
740 471
796 574
301 420
301 239
508 397
583 636
583 296
167 156
167 135
497 438
252 421
420 565
488 1
468 559
101 260
101 721
101 680
260 495
69 704
69 374
704 382
704 246
744 614
424 111
185 738
185 638
737 452
737 423
226 553
226 733
226 540
553 528
571 578
571 121
578 399
578 675
200 662
200 154
200 361
460 500
500 368
242 250
153 240
645 531
29 472
29 600
106 123
78 663
78 534
663 327
663 788
718 232
168 300
300 223
300 755
569 653
569 270
569 79
653 120
653 282
66 289
289 83
289 535
358 726
726 632
5 193
5 238
5 539
193 14
531 732
326 603
326 418
603 367
373 40
774 738
774 309
83 378
378 476
378 4
223 576
409 628
409 385
628 7
628 644
461 607
461 419
239 406
415 417
415 654
36 132
56 113
56 786
56 664
113 341
113 14
263 430
263 109
430 240
151 341
151 95
151 367
149 407
416 313
416 573
124 244
124 129
244 32
360 780
360 419
780 107
44 233
44 24
44 440
233 498
259 347
584 781
584 327
584 456
781 671
781 644
202 590
202 525
202 448
590 393
164 725
448 270
563 189
563 206
393 414
393 327
414 715
414 59
17 154
17 37
154 203
777 316
410 720
436 347
436 391
111 417
111 379
417 152
618 779
618 145
618 231
67 667
67 257
67 298
667 742
667 683
642 412
642 392
140 576
452 652
452 591
385 612
441 467
441 656
217 691
217 573
691 338
691 372
25 112
25 90
112 530
291 123
671 525
671 76
445 716
445 11
445 502
716 773
243 581
581 64
387 604
604 523
604 682
37 713
601 321
399 753
399 386
672 103
672 257
530 791
530 784
412 279
287 391
287 255
287 495
391 348
264 389
264 16
389 514
238 627
26 444
130 664
205 209
205 799
209 317
640 535
282 192
1 636
75 444
75 749
467 719
467 560
379 178
313 303
288 710
288 446
288 84
555 785
547 732
547 210
547 456
97 248
97 614
97 543
248 368
38 446
38 533
382 646
382 19
646 634
290 572
572 792
636 652
24 172
307 591
715 386
208 619
208 18
619 310
619 32
335 723
335 577
723 349
236 754
236 586
125 203
203 365
212 314
34 332
34 317
332 311
332 395
454 77
454 271
312 685
312 330
685 782
685 561
752 485
752 464
127 392
127 521
127 612
392 717
742 720
158 160
158 330
683 768
768 160
356 614
356 576
33 623
33 330
623 366
406 444
407 705
407 657
548 552
548 156
552 643
552 586
791 464
791 422
738 271
129 721
186 612
186 686
395 421
0 166
0 369
528 696
485 62
180 772
180 459
16 793
16 211
210 631
210 206
600 498
107 540
540 606
643 677
643 7
18 462
18 678
635 696
635 403
635 95
696 145
397 62
336 376
336 227
328 784
296 423
769 57
53 349
349 103
782 654
272 76
272 484
525 366
526 299
786 302
99 401
99 120
401 206
401 234
116 297
306 632
306 631
306 143
632 418
79 599
599 651
599 440
615 450
542 172
533 380
251 580
251 610
580 554
677 303
228 520
464 344
721 86
237 575
237 713
231 753
459 77
19 678
472 713
472 14
302 656
11 281
11 411
773 428
773 682
476 344
703 561
703 651
199 565
266 411
411 543
32 792
350 298
366 516
516 705
516 316
40 359
534 756
534 367
756 170
421 428
519 627
519 103
627 192
166 314
166 634
361 675
317 785
194 438
314 422
631 281
792 652
41 359
719 755
755 316
471 699
471 321
699 337
699 799
88 162
88 310
610 423
359 280
574 126
76 680
174 368
502 64
478 697
478 762
143 265
428 784
676 523
520 559
559 606
403 788
788 521
39 87
274 753
274 138
560 380
303 575
575 717
741 87
280 686
686 126
654 565
211 348
348 664
255 543
733 64
227 539
227 607
490 535
573 362
84 86
94 121
90 299
607 440
754 234
754 305
195 484
195 138
195 798
523 172
68 611
70 178
71 394
71 133
362 591
311 138
47 152
135 529
298 682
57 680
352 369
657 59
634 232
132 493
611 606
59 656
369 279
521 705
279 305
