143 197
143 782
143 886
197 645
197 194
93 605
93 563
93 787
605 3
605 12
116 180
116 122
116 608
180 370
180 305
239 659
239 250
239 713
659 209
659 849
20 392
20 496
20 465
392 866
392 21
28 67
28 203
28 60
67 561
67 53
250 675
250 768
402 802
402 408
402 723
802 599
802 807
164 256
164 212
164 594
256 719
256 448
96 387
96 458
96 252
387 869
387 538
309 351
309 270
309 578
351 734
351 422
272 320
272 652
272 635
320 189
320 806
314 545
314 14
314 276
545 599
545 632
173 426
173 15
173 73
426 297
426 452
78 454
78 123
78 731
454 453
454 749
761 861
761 54
761 890
861 48
861 515
21 859
21 536
859 800
859 863
734 564
734 49
599 246
0 885
0 715
0 853
885 139
885 266
517 766
517 690
517 678
766 354
766 300
190 371
190 140
190 348
371 101
371 283
55 820
55 231
55 595
820 234
820 478
564 571
564 763
750 824
750 221
750 835
824 373
824 772
346 776
346 388
346 68
776 589
776 367
780 888
780 218
780 285
888 839
888 290
470 811
470 271
470 117
811 845
811 325
144 232
144 168
144 899
232 456
232 649
317 425
317 849
317 413
425 495
425 338
167 895
167 643
167 327
895 109
895 729
513 745
513 871
513 762
745 365
745 202
308 870
308 222
308 27
870 336
870 252
330 400
330 34
330 606
400 229
400 813
689 827
689 468
689 602
827 748
827 306
574 760
574 487
574 677
760 836
760 896
332 818
332 677
332 328
818 666
818 586
469 823
469 843
469 319
823 884
823 138
222 471
222 624
479 644
479 501
479 301
644 160
644 489
483 843
483 343
483 778
843 297
194 740
194 219
740 741
740 265
643 174
643 240
361 737
361 409
361 476
737 257
737 297
316 622
316 798
316 752
622 324
622 282
415 744
415 427
415 255
744 559
744 377
135 281
135 812
135 396
281 832
281 237
240 712
240 81
712 781
712 108
94 774
94 600
94 165
774 157
774 453
63 378
63 249
63 662
378 53
378 640
490 594
490 11
490 507
594 570
654 882
654 472
654 791
882 334
882 103
92 212
92 477
92 803
212 229
86 775
86 789
86 47
775 638
775 451
112 684
112 313
112 349
684 850
684 619
368 381
368 147
368 32
381 154
381 184
130 854
130 166
130 555
854 340
854 676
379 655
379 526
379 508
655 7
655 699
456 137
456 84
592 619
592 878
592 597
619 822
70 165
70 420
70 339
165 567
155 538
155 623
155 562
538 207
460 585
460 284
460 527
585 642
585 401
623 293
623 551
103 841
103 633
841 588
841 682
39 856
39 383
39 261
856 512
856 850
241 662
241 598
241 33
662 403
352 758
352 141
352 61
758 127
758 772
487 609
487 610
358 838
358 864
358 529
838 450
838 484
525 686
525 214
525 386
686 518
686 154
289 738
289 171
289 777
738 291
738 82
391 606
391 482
391 560
606 769
634 858
634 851
634 676
858 151
858 432
157 704
157 692
704 33
704 147
229 403
494 590
494 451
494 324
590 200
590 411
139 362
139 149
362 876
362 628
677 891
49 840
49 57
123 339
123 347
328 563
328 347
563 66
73 273
73 357
273 443
273 668
198 304
198 57
198 482
304 50
304 245
376 576
376 670
376 474
576 340
576 519
101 109
101 331
500 791
500 896
500 69
791 779
207 99
207 652
782 657
782 59
178 331
178 452
178 667
331 663
832 496
832 242
857 884
857 471
857 851
884 88
279 535
279 566
279 168
535 424
535 756
672 875
672 597
672 834
875 260
875 385
291 488
291 186
52 227
52 701
52 598
227 835
227 815
578 831
578 18
831 862
831 8
452 204
237 803
237 621
803 658
303 748
303 651
303 625
748 267
217 416
217 573
217 709
416 531
416 374
57 201
656 872
656 757
656 422
872 587
872 118
118 702
118 688
702 565
702 609
269 871
269 678
269 743
871 74
225 276
225 533
225 893
276 418
60 846
60 404
846 448
846 751
87 162
87 616
87 507
162 377
162 809
65 552
65 382
65 779
552 121
552 588
621 626
621 7
626 68
626 891
244 410
244 600
244 640
410 641
410 364
260 763
260 396
763 125
29 342
29 204
29 1
342 741
342 614
377 784
188 515
188 847
188 35
515 163
338 539
338 312
539 201
539 717
690 468
690 810
403 350
412 524
412 467
412 298
524 296
524 721
205 311
205 134
205 174
311 584
311 505
474 584
474 808
584 177
560 773
560 38
773 16
773 399
386 471
386 16
822 558
822 405
565 783
565 709
284 428
284 653
608 700
608 43
700 726
700 540
146 611
146 58
146 31
611 557
611 106
432 708
432 568
708 557
708 629
257 627
257 482
627 88
627 81
600 25
6 865
6 817
6 234
865 781
865 251
779 788
788 522
788 613
446 499
446 713
446 8
499 372
499 873
798 388
798 844
339 19
657 718
657 296
718 90
718 548
223 462
223 59
223 723
462 268
462 639
248 635
248 516
248 153
635 373
189 159
189 678
13 509
13 369
13 713
509 142
509 166
373 601
444 695
444 685
444 537
695 813
695 266
224 808
224 544
224 76
808 292
40 53
40 313
40 50
819 874
819 651
819 730
874 673
874 333
701 675
701 790
172 617
172 705
172 89
617 637
617 48
56 671
56 199
56 764
671 730
671 120
409 107
409 419
731 156
731 546
661 786
661 632
661 310
786 508
786 624
370 804
370 299
439 450
439 465
439 263
450 615
365 765
365 473
765 837
765 98
876 230
876 389
363 612
363 253
363 263
612 375
612 4
697 866
697 1
697 16
866 570
5 867
5 768
5 631
867 398
867 64
354 792
354 530
792 262
792 455
105 582
105 785
105 72
582 329
582 732
318 546
318 825
318 218
546 419
685 534
685 423
302 601
302 800
302 898
601 19
121 526
121 688
526 897
14 755
14 259
200 679
200 492
271 548
271 891
47 347
47 727
64 665
64 850
665 230
665 2
119 192
119 75
119 108
192 664
192 287
274 511
274 468
274 428
511 647
511 329
394 805
394 537
394 90
805 646
805 597
89 465
89 435
344 575
344 261
344 301
575 614
575 434
235 668
235 169
235 219
668 236
573 663
573 97
663 558
603 807
603 111
603 559
807 100
641 438
641 152
88 124
408 631
408 176
418 636
418 604
213 478
213 475
213 186
478 211
104 571
104 81
104 36
571 615
203 366
203 423
705 778
705 772
132 669
132 711
132 842
669 287
669 674
294 587
294 367
294 768
587 577
83 898
83 31
83 211
898 170
407 464
407 421
407 150
464 508
464 873
484 604
484 698
604 285
466 815
466 131
466 91
815 860
609 35
287 345
473 566
473 264
566 334
440 618
440 62
440 716
618 602
618 434
321 438
321 19
321 421
438 675
74 152
74 743
152 847
230 694
636 770
636 710
495 799
495 845
616 254
616 810
583 703
583 502
583 893
703 187
703 389
187 301
187 226
171 206
171 399
206 431
206 120
681 722
681 735
681 128
722 639
722 711
1 480
42 851
42 23
42 441
380 501
380 209
380 481
501 221
554 653
554 544
554 113
653 115
214 288
214 746
288 80
288 431
11 286
11 441
312 161
312 372
390 486
390 839
390 770
486 267
486 642
795 800
795 602
795 855
23 729
23 521
729 85
735 337
735 691
502 27
502 809
652 51
249 429
249 630
275 806
275 278
275 814
806 855
489 506
489 457
506 497
506 341
343 797
343 632
797 290
797 435
337 637
337 8
637 175
664 32
664 883
99 551
99 864
109 238
10 507
10 133
10 688
548 3
80 193
80 693
193 476
193 586
532 848
532 9
532 514
848 853
848 411
614 658
658 254
520 730
520 567
520 100
147 505
350 813
350 720
481 887
481 725
887 894
887 345
254 595
319 596
319 51
596 125
596 341
27 696
211 510
510 488
510 706
292 355
292 589
355 504
355 715
711 145
431 816
253 231
253 108
421 126
71 472
71 556
71 863
472 398
755 723
755 184
41 629
41 828
41 759
629 727
102 459
102 674
102 280
459 114
459 725
648 892
648 610
648 382
892 216
892 158
799 649
799 58
179 679
179 673
179 434
679 404
38 389
38 369
804 581
804 422
199 503
199 726
168 707
562 830
562 397
830 593
830 894
220 572
220 883
220 840
572 880
572 533
261 674
880 561
880 226
784 430
784 9
348 757
348 58
757 59
142 458
142 591
839 512
488 719
159 246
159 868
32 642
151 385
151 829
687 694
687 491
687 138
694 781
259 433
259 393
433 753
433 821
364 449
364 514
449 84
449 531
710 714
710 255
714 375
714 719
128 852
128 640
852 322
852 480
66 877
66 150
877 528
877 25
219 890
890 555
503 443
503 264
741 37
598 886
886 840
467 61
467 683
117 810
117 543
131 862
131 753
862 821
327 357
327 176
136 568
136 692
136 527
568 534
615 707
367 551
558 498
533 794
127 864
127 98
516 751
516 448
475 680
475 706
680 647
680 322
181 202
181 699
181 497
202 427
110 816
110 84
110 349
816 633
262 801
262 76
801 111
801 855
322 742
138 771
771 742
771 607
383 50
383 523
283 812
283 458
631 650
340 405
307 399
307 461
307 559
894 767
15 785
15 326
785 829
435 849
201 255
82 847
82 77
183 899
183 550
183 252
899 593
182 646
182 9
182 356
646 589
145 764
145 673
764 323
613 869
613 305
869 258
445 647
445 51
445 828
557 336
296 550
324 90
828 169
43 68
43 404
514 477
125 537
692 360
115 569
115 4
569 455
569 485
812 357
699 580
161 30
161 226
496 756
480 18
191 577
191 580
191 794
577 238
163 747
163 547
61 447
789 726
789 751
69 736
69 893
736 540
736 717
245 553
245 825
553 698
553 264
195 323
195 777
195 295
323 521
767 889
767 306
141 826
141 107
140 881
140 295
881 752
881 442
528 682
528 720
529 842
529 638
842 693
133 286
133 498
593 395
476 660
124 649
124 620
150 401
651 628
91 243
91 595
243 46
243 397
639 586
393 666
393 45
666 527
406 519
406 335
406 129
519 336
210 809
210 228
210 329
34 95
34 461
95 868
95 442
372 395
149 570
149 46
417 650
417 414
417 733
650 30
523 896
523 242
36 549
36 607
549 845
549 645
762 769
762 498
769 97
299 24
299 550
286 696
696 863
44 754
44 7
44 889
754 518
754 335
278 821
278 17
184 770
747 97
747 579
100 282
282 530
485 883
485 258
242 739
778 306
384 463
384 739
384 630
463 221
463 424
447 561
447 3
396 218
33 215
897 581
897 315
691 670
691 752
826 169
826 62
451 732
395 721
427 360
878 541
878 134
24 277
24 148
277 315
277 137
75 359
75 196
359 504
359 25
37 633
37 30
753 265
491 667
491 591
437 716
437 170
437 556
716 492
715 424
504 746
443 375
676 185
544 727
160 547
160 72
326 581
326 98
209 457
457 493
107 620
414 148
414 76
398 122
461 683
267 536
547 794
428 628
756 833
707 531
556 743
534 724
724 837
724 541
233 238
233 814
233 113
54 453
54 270
231 844
455 817
817 298
335 521
777 522
725 111
177 579
177 860
579 85
683 366
477 298
682 836
836 783
369 591
825 216
625 868
625 493
293 405
293 310
610 234
129 148
129 720
170 265
420 397
420 114
31 385
22 263
22 154
22 215
645 728
837 247
382 660
153 166
153 106
246 430
436 783
436 204
436 270
228 345
228 62
305 114
497 442
829 749
216 492
518 889
285 353
742 429
126 401
126 79
411 356
156 300
156 349
300 2
12 413
12 175
413 333
787 353
787 790
512 542
236 543
236 35
543 749
26 733
26 759
26 814
733 77
366 185
315 793
122 441
567 540
137 17
251 793
251 620
793 113
388 879
624 423
290 732
106 796
796 247
796 542
588 334
266 790
46 717
530 310
670 879
268 333
268 728
860 873
667 258
313 542
17 835
215 706
746 374
360 759
541 709
45 72
45 185
79 2
79 341
208 536
208 353
208 4
429 728
739 280
356 580
196 660
196 48
295 638
247 374
176 505
721 879
834 325
834 120
693 186
833 607
833 18
430 698
844 522
85 158
493 419
630 280
77 853
174 325
175 158
134 555
