114 143
114 417
114 24
143 312
143 194
26 259
26 405
26 368
259 475
259 495
82 447
82 349
82 317
447 214
447 300
69 248
69 446
69 42
248 448
248 424
175 266
175 68
175 370
266 383
266 15
33 173
33 423
33 291
173 171
173 403
88 356
88 247
88 217
356 182
356 410
40 41
40 202
40 242
41 450
41 215
207 456
207 60
207 414
456 200
456 302
321 487
321 426
321 154
487 308
487 420
252 378
252 235
252 398
378 412
378 397
8 265
8 345
8 284
265 377
265 29
138 204
138 150
138 385
204 303
204 97
111 348
111 203
111 481
348 177
348 231
107 396
107 455
107 482
396 209
396 243
98 140
98 142
98 131
140 176
140 171
390 437
390 243
390 421
437 377
437 151
54 488
54 101
54 145
488 267
488 331
56 430
56 247
56 319
430 392
430 212
44 276
44 324
44 317
276 91
276 153
309 369
309 341
309 125
369 15
369 307
6 331
6 222
6 295
331 4
235 392
235 394
392 46
215 432
215 483
432 427
432 397
179 357
179 384
179 166
357 312
357 176
0 126
0 64
0 193
126 443
126 429
244 477
244 186
244 402
477 12
477 96
23 100
23 462
23 387
100 7
100 184
267 450
267 498
409 428
409 446
409 203
428 45
428 438
47 66
47 159
47 122
66 134
66 79
48 458
48 58
48 120
458 12
458 96
53 375
53 59
53 282
375 65
375 452
289 484
289 42
289 328
484 350
484 37
16 344
16 454
16 230
344 84
344 163
90 293
90 14
90 25
293 472
293 133
58 228
58 132
86 161
86 174
86 115
161 184
161 271
261 440
261 273
261 115
440 209
440 393
91 467
91 343
472 85
472 27
237 330
237 337
237 493
330 399
330 361
297 381
297 110
297 121
381 229
381 466
55 164
55 153
55 453
164 141
164 319
14 410
14 314
410 274
380 406
380 133
380 84
406 4
406 224
5 352
5 320
5 350
352 311
352 329
12 460
223 413
223 299
223 130
413 93
413 39
160 464
160 323
160 434
464 186
464 394
420 451
420 332
451 51
451 176
304 496
304 128
304 170
496 57
496 443
50 122
50 202
50 386
122 39
35 469
35 63
35 94
469 120
469 118
144 385
144 382
144 288
385 444
101 116
101 483
193 417
193 280
417 351
228 384
228 367
384 233
52 149
52 479
52 45
149 21
149 256
36 470
36 102
36 485
470 31
470 63
24 316
24 250
316 281
316 318
13 87
13 21
13 67
87 22
87 346
178 383
178 118
178 416
383 62
146 449
146 476
146 168
449 130
449 442
192 327
192 421
192 415
327 408
327 165
198 459
198 158
198 423
459 471
459 124
475 347
475 436
167 401
167 463
167 169
401 398
401 224
156 233
156 194
156 17
233 284
186 234
234 310
234 439
257 285
257 34
257 310
285 395
285 492
320 339
320 374
407 498
407 49
407 22
498 333
421 461
174 119
174 353
341 132
341 105
240 241
240 365
240 322
241 290
241 280
273 283
273 251
305 325
305 119
305 284
325 11
325 260
133 339
203 113
343 446
343 71
72 104
72 4
72 489
104 303
104 350
84 494
202 137
64 109
64 495
109 492
109 184
106 124
106 425
106 360
124 382
445 493
445 136
445 219
493 435
135 169
135 253
135 366
169 131
264 292
264 328
264 271
292 255
292 76
412 224
412 213
172 334
172 99
172 295
334 429
334 460
22 139
139 394
139 103
423 99
39 457
457 151
457 116
200 411
200 287
411 212
411 185
328 353
65 282
65 313
303 399
339 388
159 438
159 43
290 308
290 201
142 424
142 19
424 236
333 391
333 358
391 187
391 342
362 427
362 183
362 329
427 419
495 354
347 306
347 374
141 199
141 99
199 103
199 102
196 422
196 387
196 335
422 221
422 481
145 349
145 155
349 461
374 419
419 218
286 306
286 253
286 364
306 80
18 253
18 360
18 163
110 238
110 395
238 129
238 9
119 168
250 258
250 332
258 51
258 278
103 73
117 372
117 291
117 425
372 211
372 20
342 481
342 441
208 490
208 474
208 75
490 75
490 163
371 377
371 465
371 476
25 405
25 162
405 307
7 485
7 189
61 80
61 34
61 395
80 249
116 81
214 322
214 455
322 324
462 89
462 191
323 485
323 19
15 27
308 482
71 368
71 373
368 480
31 57
31 463
57 263
251 335
251 78
335 453
450 134
132 216
216 29
216 120
463 483
129 118
129 180
166 376
166 168
376 468
376 271
28 442
28 256
28 281
442 1
63 2
415 433
415 96
433 245
433 136
426 373
426 281
367 393
367 195
393 355
296 360
296 268
296 9
467 398
467 270
307 239
197 210
197 185
197 123
210 268
210 236
182 221
182 431
153 213
346 473
346 154
473 499
473 272
280 113
32 435
32 27
32 236
435 226
130 439
489 364
489 471
351 127
351 318
221 170
222 275
222 51
275 448
275 363
482 491
491 3
491 465
454 314
454 191
43 282
43 30
278 441
278 34
441 434
471 403
10 379
10 113
10 81
379 313
379 476
190 337
190 461
190 255
337 324
397 404
154 262
262 105
262 89
93 134
93 478
115 486
364 30
212 361
361 108
177 254
177 137
254 288
254 486
479 225
479 29
75 359
20 38
20 315
38 162
38 287
358 294
358 245
76 189
76 425
189 478
105 230
287 400
400 274
400 256
157 272
157 345
157 205
272 225
102 336
336 81
336 232
73 300
73 85
300 30
17 158
17 382
158 436
499 329
499 147
11 152
11 318
1 387
1 246
151 152
181 229
181 269
181 42
229 249
220 355
220 49
220 147
355 21
225 243
89 127
373 195
137 277
468 363
468 279
209 294
77 302
77 365
77 95
302 313
127 205
230 74
294 416
416 418
434 354
431 201
431 239
295 497
497 363
497 112
439 269
465 78
453 136
311 148
311 211
492 315
474 486
474 317
359 299
359 79
201 108
408 246
408 83
332 95
162 455
268 219
68 277
68 9
270 319
270 404
269 217
404 108
46 49
46 452
128 338
128 3
338 402
338 170
150 180
150 206
211 62
274 366
326 448
326 2
326 3
112 301
112 388
438 218
45 443
299 125
2 298
429 171
148 283
148 366
180 389
389 205
389 246
60 85
60 62
165 185
165 121
74 218
74 152
478 263
125 97
67 188
67 345
188 147
188 365
247 37
195 219
283 354
79 263
310 260
288 95
92 226
92 131
92 242
226 480
277 301
123 231
123 194
231 340
436 402
249 314
97 340
340 217
452 70
213 399
94 298
94 386
298 19
312 418
70 444
70 255
444 245
386 370
227 418
227 183
227 239
187 206
187 59
206 242
260 460
315 414
414 232
353 121
183 291
59 466
466 403
83 279
83 301
279 78
232 370
191 480
37 494
494 155
155 388
