54 367
54 106
54 417
367 317
367 107
140 281
140 107
140 447
281 132
281 179
223 297
223 388
223 212
297 416
297 121
436 441
436 52
436 192
441 170
441 396
37 305
37 226
37 420
305 185
305 257
146 221
146 207
146 366
221 227
221 106
177 428
177 357
177 9
428 314
428 274
327 363
327 124
327 345
363 318
363 359
25 425
25 284
25 94
425 386
425 373
353 375
353 240
353 326
375 426
375 156
22 266
22 174
22 9
266 167
266 309
73 110
73 203
73 303
110 40
110 197
106 208
271 351
271 27
271 431
351 444
351 128
219 313
219 175
219 187
313 181
313 205
136 306
136 36
136 114
306 387
306 162
103 129
103 122
103 82
129 104
129 347
163 269
163 434
163 62
269 380
269 280
184 301
184 142
184 88
301 242
301 401
265 298
265 118
265 290
298 293
298 250
207 322
207 165
257 443
257 72
443 27
443 201
132 102
132 303
426 237
426 45
55 79
55 403
55 169
79 120
79 43
323 397
323 233
323 446
397 80
397 350
159 393
159 325
159 410
393 410
393 111
314 299
314 83
32 361
32 108
32 144
361 239
361 182
56 380
56 355
56 101
380 100
181 243
181 442
199 209
199 152
199 372
209 300
209 285
120 154
120 279
154 346
154 119
147 418
147 394
147 337
418 272
418 342
222 421
222 384
222 116
421 205
421 410
299 203
299 113
34 407
34 311
34 3
407 70
407 338
50 104
50 188
50 411
104 384
95 264
95 294
95 149
264 276
264 437
101 158
101 282
158 244
158 21
115 331
115 179
115 249
331 7
331 365
195 360
195 200
195 348
360 390
360 289
102 33
102 144
329 449
329 31
329 193
449 4
449 290
148 239
148 364
148 123
239 201
258 398
258 402
258 117
398 27
398 6
242 52
242 188
262 368
262 135
262 378
368 189
368 376
162 439
162 302
439 139
439 376
191 335
191 268
191 218
335 445
335 302
19 390
19 188
19 317
390 394
272 404
272 205
155 409
155 96
155 173
409 166
409 333
166 427
166 224
220 389
220 23
220 230
389 197
389 198
427 92
427 356
190 357
190 48
190 255
357 339
6 38
6 186
38 364
38 210
165 309
165 130
309 316
113 119
113 280
119 317
68 385
68 20
68 164
385 71
385 374
1 206
1 80
1 135
206 80
206 448
167 321
167 394
72 29
72 16
20 67
20 237
67 340
67 204
69 359
69 218
69 402
359 273
0 107
0 330
0 196
63 401
63 49
63 183
401 256
279 214
279 24
404 137
404 440
66 308
66 117
66 233
308 29
308 294
204 260
204 324
260 145
260 344
240 2
240 13
186 334
186 64
59 278
59 14
59 187
278 70
278 114
70 332
118 336
118 21
336 252
336 288
233 387
105 403
105 10
105 29
403 178
252 97
252 48
386 215
386 332
203 151
82 270
82 128
270 332
270 434
12 193
12 28
12 339
193 84
364 263
229 307
229 283
229 247
307 108
307 125
135 263
263 85
23 228
23 273
169 414
169 7
414 416
414 218
142 168
142 377
168 121
168 15
42 90
42 354
42 51
90 395
90 369
289 339
289 319
395 251
395 58
276 433
276 321
433 405
433 291
284 4
284 164
333 224
333 143
248 423
248 412
248 126
423 290
423 138
212 259
212 420
259 16
259 431
175 432
175 295
75 141
75 230
75 241
141 337
141 39
93 149
93 376
93 208
149 349
91 225
91 87
91 371
225 419
225 178
5 45
5 138
5 250
45 362
182 253
182 14
325 419
325 46
419 283
408 435
408 202
408 446
435 194
435 170
17 312
17 243
17 198
312 208
312 381
52 379
21 35
35 53
35 382
36 348
36 273
387 130
116 254
116 131
254 131
254 341
366 447
366 173
447 328
4 133
352 372
352 117
352 112
372 214
227 47
227 430
200 253
200 296
253 127
226 444
226 322
109 251
109 151
109 355
251 285
92 377
92 399
61 183
61 131
61 228
183 384
9 420
328 231
328 153
215 241
215 236
241 77
231 267
231 161
267 277
267 217
189 164
189 346
448 7
448 216
65 320
65 128
65 405
320 232
320 124
46 85
46 89
230 324
74 432
74 342
74 296
432 381
81 300
81 340
81 153
300 245
40 345
40 340
445 172
445 274
157 277
157 391
157 422
277 411
370 430
370 256
370 84
430 122
330 98
330 302
311 362
311 76
362 310
94 121
94 87
236 369
236 213
10 237
10 250
444 178
243 139
86 100
86 349
86 246
100 406
8 437
8 114
8 261
437 378
217 291
217 288
291 442
355 176
245 337
245 235
283 62
358 415
358 134
358 324
415 99
415 210
287 382
287 378
287 152
382 417
127 373
127 261
153 391
391 318
388 77
388 347
138 122
2 88
2 60
83 85
83 171
71 249
71 99
123 134
123 192
144 180
180 198
180 143
41 344
41 440
41 211
344 356
33 286
33 234
275 282
275 228
275 18
282 399
87 238
232 274
232 280
238 400
238 60
400 137
400 304
417 338
111 304
111 160
304 296
130 349
170 210
377 350
286 412
286 39
412 194
89 383
89 76
383 440
383 39
244 406
244 197
406 319
319 246
99 316
160 354
160 171
293 422
293 30
134 268
97 112
97 413
139 334
334 28
57 292
57 342
57 424
292 53
292 429
316 28
48 213
84 374
341 343
341 431
343 26
343 288
179 196
346 213
47 381
47 3
151 438
438 51
438 446
96 261
96 413
374 30
321 18
16 126
234 338
234 402
373 76
49 14
49 62
112 235
214 185
256 26
202 108
202 379
411 347
268 58
13 172
13 396
124 43
392 416
392 365
392 371
137 194
303 201
369 156
145 216
145 24
64 143
64 315
185 405
413 246
15 51
15 161
161 247
58 78
350 44
348 31
356 429
429 60
285 3
176 88
176 78
345 125
434 216
295 315
295 98
315 310
442 310
196 211
211 371
18 424
424 354
77 78
133 249
133 379
235 11
11 30
11 322
365 156
98 150
174 150
174 26
53 247
187 255
172 396
125 150
31 422
294 43
255 326
326 152
192 44
171 224
318 44
173 399
24 126
