540 660
540 316
540 679
660 125
660 557
251 634
251 153
251 621
634 669
634 287
76 278
76 118
76 22
278 250
278 231
280 441
280 647
280 0
441 598
441 476
310 454
310 232
310 679
454 657
454 49
212 544
212 696
212 180
544 465
544 411
345 668
345 559
345 492
668 283
668 681
75 417
75 90
75 293
417 246
417 508
494 620
494 206
494 30
620 374
620 490
231 557
231 439
557 367
438 478
438 432
438 122
478 93
478 91
258 282
258 54
258 446
282 550
282 622
250 476
250 42
455 558
455 369
455 320
558 189
558 288
423 587
423 639
423 357
587 533
587 20
243 629
243 39
243 139
629 576
629 463
108 194
108 252
108 104
194 79
194 560
393 583
393 398
393 55
583 599
583 492
299 301
299 596
299 483
301 373
301 339
68 121
68 228
68 124
121 392
121 368
245 330
245 8
245 433
330 553
330 609
210 223
210 553
210 241
223 249
223 152
135 687
135 63
135 680
687 670
687 56
261 445
261 686
261 439
445 200
445 37
39 185
39 155
297 377
297 510
297 625
377 699
377 45
536 631
536 23
536 610
631 635
631 599
413 588
413 167
413 89
588 437
588 448
242 697
242 389
242 350
697 90
697 214
326 529
326 279
326 48
529 19
529 132
401 443
401 13
401 498
443 86
443 511
274 500
274 82
274 691
500 201
500 395
56 677
56 415
677 592
677 546
379 693
379 155
379 328
693 83
693 414
78 436
78 13
78 284
436 666
436 375
369 481
369 235
481 174
481 626
486 639
486 136
486 111
639 487
87 512
87 241
87 547
512 390
512 142
367 268
367 694
599 164
266 663
266 498
266 403
663 522
663 623
522 589
522 142
589 524
589 333
564 604
564 17
564 398
604 115
604 569
153 475
153 123
475 405
475 172
158 163
158 9
158 24
163 323
163 195
342 658
342 613
342 496
658 555
658 571
26 263
26 461
26 586
263 507
263 548
195 459
195 483
459 319
459 197
125 654
125 550
353 667
353 74
353 696
667 621
667 464
225 509
225 385
225 640
509 283
509 644
18 277
18 109
18 157
277 143
277 296
241 453
453 534
453 85
79 531
79 146
531 178
531 628
448 666
448 532
666 329
168 630
168 699
168 69
630 561
630 508
67 575
67 489
67 117
575 120
575 528
119 347
119 211
119 254
347 311
347 256
555 547
555 572
219 434
219 590
219 556
434 471
434 107
568 686
568 218
568 611
686 594
635 392
635 447
162 574
162 545
162 47
574 637
574 456
202 381
202 649
202 556
381 60
381 425
3 657
3 615
3 71
657 366
546 676
546 95
676 166
676 534
329 440
329 35
440 150
440 519
120 684
120 535
684 160
684 643
14 675
14 516
14 179
675 159
675 422
70 198
70 361
70 457
198 257
198 192
228 638
228 130
71 172
71 619
172 114
239 366
239 317
239 221
366 561
492 665
54 339
54 351
339 362
532 619
532 236
619 255
471 644
471 581
302 324
302 470
302 637
324 84
324 7
696 514
408 580
408 360
408 623
580 691
580 566
13 409
466 521
466 362
466 488
521 52
521 2
502 605
502 520
502 64
605 127
605 57
151 518
151 597
151 681
518 515
518 262
4 356
4 603
4 259
356 606
356 585
49 269
49 359
269 6
269 247
90 411
603 616
603 83
187 468
187 396
187 218
468 360
468 601
165 291
165 616
165 656
291 355
291 680
65 123
65 380
65 281
123 350
447 553
447 391
131 307
131 683
131 618
307 649
307 674
407 489
407 586
407 112
489 505
137 476
137 36
137 271
649 542
380 501
380 28
22 409
22 421
409 15
351 594
351 552
594 215
55 177
55 515
177 112
177 482
118 224
118 170
224 390
224 626
25 271
25 103
25 404
271 460
62 82
62 415
62 671
82 516
205 238
205 480
205 458
238 40
238 627
390 506
691 141
178 601
178 157
112 670
414 497
414 213
497 609
497 388
535 80
535 419
101 256
101 472
101 624
256 659
378 403
378 470
378 562
403 565
354 622
354 154
354 166
622 338
363 689
363 222
363 430
689 276
689 217
35 305
35 260
230 425
230 470
230 273
425 332
206 458
206 525
458 533
567 595
567 38
567 175
595 222
595 10
610 664
610 196
664 204
664 287
10 421
10 169
421 429
208 513
208 110
208 496
513 382
513 259
670 156
124 582
124 91
103 469
103 499
469 477
469 340
514 248
514 38
17 321
17 105
5 333
5 374
5 572
333 323
40 538
40 456
538 671
538 352
134 164
134 185
134 64
164 32
312 579
312 203
312 59
579 672
579 63
699 565
308 627
308 144
308 98
627 621
526 688
526 1
526 506
688 303
688 268
392 12
52 372
52 613
360 428
671 552
480 602
480 343
399 485
399 96
399 322
485 253
485 578
204 343
204 102
525 570
525 138
570 463
570 175
276 37
276 467
60 156
60 340
284 373
284 591
373 543
318 524
318 305
318 235
524 338
115 424
115 86
424 498
424 179
477 678
477 495
678 412
678 72
74 410
74 491
410 493
410 267
618 672
618 300
672 341
92 306
92 387
92 51
306 638
306 636
464 614
464 20
614 419
614 572
262 479
262 154
479 551
479 116
293 457
293 645
457 42
109 59
109 370
222 662
662 171
662 183
69 569
69 365
569 281
628 694
628 303
694 188
300 319
300 1
149 467
149 652
149 534
467 355
63 146
61 592
61 23
61 272
592 537
16 450
16 336
16 233
450 95
450 560
73 328
73 233
73 255
328 249
533 591
160 314
160 462
314 27
314 341
372 246
372 140
77 456
77 176
77 374
20 437
226 683
226 286
226 233
683 394
516 551
488 692
488 385
692 490
692 171
303 611
0 191
0 474
191 236
191 625
192 559
192 365
559 273
389 541
389 428
598 182
598 94
19 460
19 155
460 551
338 102
552 435
41 655
41 527
41 327
655 99
655 159
474 148
474 426
545 370
545 294
680 607
334 499
334 685
334 396
499 344
190 207
190 573
190 132
207 487
207 601
638 270
201 220
201 320
50 169
50 549
50 126
169 259
506 270
157 304
304 315
304 80
234 515
234 420
234 237
586 12
249 200
493 252
493 523
542 221
542 442
142 279
279 549
305 422
576 140
576 179
313 426
313 106
313 633
426 608
154 34
422 384
442 647
442 81
647 484
449 695
449 406
449 554
695 133
695 197
42 311
182 189
182 606
97 145
97 176
97 139
145 265
145 617
549 247
86 383
383 292
383 6
85 656
85 612
656 203
95 698
246 28
463 617
617 33
189 58
53 215
53 183
53 171
215 462
113 117
113 651
113 632
117 93
283 653
368 543
368 43
609 577
47 641
47 325
89 644
89 632
34 229
34 633
229 523
229 388
81 560
81 11
412 136
412 420
561 596
550 495
507 659
507 517
659 232
51 519
51 264
519 331
319 650
273 483
23 240
84 133
84 640
209 584
209 431
209 100
584 527
584 415
332 643
332 57
495 623
232 585
585 31
180 395
180 633
395 537
29 253
29 504
29 98
253 107
183 227
343 288
72 196
72 287
196 159
439 673
673 325
673 566
270 288
38 566
6 45
361 669
361 608
348 625
348 433
348 309
394 503
394 331
503 173
503 128
600 608
600 427
600 539
616 260
176 317
573 590
573 335
590 465
129 452
129 431
129 556
452 144
452 128
144 175
384 130
384 197
148 213
148 44
1 46
46 221
46 359
591 152
141 444
141 416
444 349
444 132
613 530
236 188
173 83
173 21
156 669
606 435
59 554
272 491
272 451
491 473
482 186
482 632
437 578
213 429
504 122
504 382
565 316
66 651
66 295
66 626
651 563
184 396
184 11
184 235
27 285
27 577
435 562
322 357
322 593
357 355
203 45
255 267
267 352
136 193
391 296
391 340
268 344
311 690
543 581
581 33
105 346
105 539
346 127
346 698
127 376
541 404
541 281
386 615
386 309
386 43
615 461
461 432
406 602
406 349
602 130
12 31
91 685
685 510
385 690
323 562
316 690
429 362
402 577
402 405
402 641
110 289
110 58
289 188
289 166
294 397
294 317
397 220
397 185
128 612
612 9
174 21
174 681
265 247
265 607
80 388
487 15
99 167
99 642
167 418
653 387
653 33
358 418
358 520
358 31
418 111
93 254
254 427
252 220
344 290
88 661
88 382
88 143
661 375
661 199
636 320
636 217
520 216
211 484
211 181
484 428
641 37
416 275
416 548
432 7
563 652
563 473
652 337
547 352
28 138
216 446
216 140
446 624
11 30
133 146
199 640
199 237
257 650
257 654
248 285
248 419
193 161
193 8
98 337
337 295
214 530
214 48
530 102
36 371
36 290
371 350
371 32
126 597
126 8
650 44
292 315
292 290
315 260
309 646
161 505
161 370
505 107
111 100
643 21
147 341
147 150
147 336
405 275
472 325
472 298
57 295
537 578
96 376
96 170
427 571
642 523
642 682
596 100
624 674
349 597
582 646
582 430
646 462
510 528
654 217
48 548
43 364
364 400
364 473
7 298
298 24
321 331
321 501
376 648
143 240
30 32
528 186
607 170
122 181
200 698
227 94
227 327
400 296
400 2
44 431
286 593
286 186
593 64
327 365
106 244
106 15
244 240
244 496
433 648
648 404
527 150
490 665
398 104
637 152
508 539
58 645
451 571
451 139
375 679
116 181
116 24
387 237
420 218
9 264
465 430
411 275
665 674
336 114
554 114
94 511
511 611
501 517
517 682
359 104
335 2
335 264
285 682
138 645
