23 68
23 107
23 29
68 146
68 83
21 135
21 58
21 94
135 104
135 54
96 104
96 77
96 138
104 121
44 100
44 28
44 5
100 109
100 52
86 136
86 20
86 11
136 132
136 8
98 110
98 130
98 123
110 74
110 91
56 74
56 141
56 116
74 73
105 125
105 85
105 12
125 19
125 32
39 51
39 82
39 45
51 48
51 94
42 139
42 3
42 16
139 69
139 9
22 108
22 65
22 122
108 33
108 89
60 92
60 52
60 66
92 24
92 54
107 133
107 143
97 120
97 131
97 46
120 40
120 102
6 11
6 116
6 144
11 26
87 119
87 127
87 76
119 130
119 7
80 113
80 149
80 54
113 63
113 114
49 144
49 134
49 72
144 148
73 17
73 29
36 55
36 4
36 149
55 29
55 40
69 131
69 79
131 109
82 95
82 57
95 84
95 32
20 41
20 59
111 140
111 10
111 34
140 7
140 57
10 118
10 137
118 128
118 45
79 117
79 132
117 15
117 129
0 71
0 37
0 76
71 66
71 146
83 142
83 112
142 13
142 47
66 93
15 24
15 13
3 1
3 91
46 77
46 16
77 78
75 147
75 5
75 62
147 14
147 31
31 58
31 106
58 50
52 90
90 12
90 146
24 149
47 57
47 41
7 143
37 112
37 89
19 50
19 81
50 14
18 30
18 137
18 148
30 93
30 62
16 109
2 61
2 28
2 53
61 32
61 141
106 99
106 145
9 85
9 133
85 124
116 8
78 102
78 121
102 129
35 67
35 137
35 121
67 103
67 114
43 89
43 64
43 70
33 88
33 53
88 25
88 28
34 62
34 64
115 148
115 72
115 129
130 126
124 126
124 65
126 25
63 141
63 65
99 8
99 143
101 112
101 27
101 4
17 38
17 40
48 76
48 84
64 81
14 53
38 59
38 84
59 72
1 123
1 127
133 103
4 138
103 128
13 70
45 128
93 122
122 94
12 134
134 114
123 138
127 81
25 26
5 145
26 70
145 132
27 91
27 41
