521 656
521 90
521 172
656 24
656 605
417 675
417 758
417 455
675 54
675 240
312 482
312 378
312 668
482 377
482 740
509 520
509 117
509 660
520 774
520 143
103 637
103 599
103 221
637 344
637 305
353 681
353 210
353 88
681 424
681 635
119 752
119 303
119 232
752 793
752 301
387 405
387 474
387 352
405 596
405 384
407 481
407 611
407 625
481 37
481 333
75 673
75 701
75 375
673 419
673 490
122 241
122 477
122 778
241 14
241 85
439 461
439 746
439 629
461 355
461 406
276 574
276 739
276 613
574 282
574 711
269 776
269 150
269 148
776 380
776 373
82 303
82 274
82 729
303 745
230 476
230 444
230 473
476 720
476 171
630 666
630 647
630 347
666 428
666 362
94 277
94 662
94 187
277 737
277 207
273 657
273 330
273 742
657 654
657 436
321 743
321 363
321 600
743 496
743 626
416 584
416 56
416 683
584 504
584 396
604 793
604 540
604 185
793 595
580 674
580 158
580 783
674 694
674 467
224 243
224 597
224 518
243 597
243 52
232 485
232 107
485 309
485 237
51 491
51 400
51 640
491 67
491 191
223 445
223 394
223 247
445 578
445 644
106 525
106 268
106 676
525 724
525 517
370 464
370 147
370 732
464 494
464 326
720 125
720 796
611 447
611 420
19 624
19 124
19 658
624 609
624 791
210 81
210 281
87 777
87 511
87 185
777 236
777 91
57 498
57 798
57 186
498 192
498 304
733 781
733 326
733 76
781 148
781 548
379 558
379 460
379 79
558 292
558 418
289 655
289 61
289 799
655 3
655 626
70 715
70 325
70 608
715 328
715 7
354 632
354 583
354 318
632 96
632 749
15 272
15 104
15 441
272 478
272 708
434 512
434 519
434 112
512 43
512 469
408 612
408 338
408 349
612 586
612 437
494 615
494 214
615 553
615 346
453 754
453 381
453 234
754 299
754 343
444 794
444 78
229 717
229 706
229 65
717 658
717 437
480 726
480 271
480 267
726 753
726 732
17 71
17 531
17 117
71 766
71 620
151 550
151 665
151 286
550 279
550 698
335 609
335 724
335 721
609 233
267 591
267 14
591 6
591 259
98 544
98 314
98 430
544 60
544 516
595 685
595 421
685 343
685 779
92 748
92 643
92 443
748 778
748 559
249 704
249 587
249 211
704 620
704 318
581 778
581 623
581 88
173 565
173 266
173 617
565 472
565 156
208 532
208 115
208 127
532 585
532 197
56 81
56 543
11 274
11 724
11 47
274 750
426 602
426 561
426 667
602 26
602 423
102 770
102 250
102 706
770 493
770 500
30 763
30 143
30 625
763 135
763 773
492 556
492 363
492 361
556 527
556 505
322 392
322 218
322 449
392 325
392 427
694 693
694 317
60 552
60 364
541 579
541 536
541 285
579 22
579 38
183 215
183 190
183 381
215 422
215 48
463 687
463 136
463 619
687 68
687 593
47 205
47 358
205 679
205 651
292 251
292 132
587 391
587 468
6 680
6 376
213 741
213 68
213 244
741 64
741 111
756 760
756 29
756 192
760 109
760 747
404 708
404 531
404 621
708 302
592 679
592 734
592 171
679 88
182 506
182 342
182 298
506 693
506 13
398 786
398 299
398 365
786 234
786 115
432 699
432 767
432 785
699 242
699 319
559 740
559 570
740 561
516 769
516 730
769 357
769 423
601 755
601 310
601 622
755 399
755 211
126 336
126 713
126 661
336 680
336 648
531 678
678 788
678 86
280 440
280 636
280 765
440 324
440 345
257 438
257 646
257 348
438 348
438 645
79 261
79 356
261 598
261 503
8 646
8 762
8 39
646 36
333 693
333 134
309 564
309 281
572 688
572 436
572 174
688 499
688 643
382 707
382 115
382 351
707 478
707 62
104 443
104 352
443 465
78 543
78 583
543 33
526 590
526 326
526 422
590 259
590 479
355 41
355 55
52 652
52 258
652 242
652 575
54 204
54 233
204 729
204 406
605 774
605 327
774 311
163 358
163 55
163 779
358 649
647 154
647 286
627 749
627 110
627 21
749 530
337 394
337 84
337 454
394 81
156 242
156 780
225 589
225 686
225 219
589 456
589 12
194 345
194 660
194 63
345 344
112 294
112 12
294 37
294 128
0 260
0 114
0 198
260 264
260 794
528 608
528 454
528 415
608 16
368 665
368 385
368 59
665 433
43 441
43 564
441 226
179 738
179 203
179 376
738 166
738 728
794 429
155 301
155 240
155 554
301 189
471 519
471 73
471 76
519 287
427 732
427 293
364 365
364 474
365 108
422 483
250 389
250 643
389 166
389 153
483 505
483 542
2 49
2 295
2 42
49 329
49 712
129 239
129 237
129 10
239 466
239 395
511 96
511 470
263 328
263 406
263 24
328 385
226 428
226 76
428 714
410 490
410 508
410 380
490 462
424 672
424 278
672 745
672 573
332 598
332 247
332 201
598 295
34 514
34 18
34 698
514 623
514 374
84 771
84 4
771 718
771 32
300 475
300 340
300 577
475 264
475 291
419 575
419 725
575 334
93 563
93 255
93 644
563 710
563 626
401 716
401 130
401 551
716 696
716 775
508 402
508 585
705 789
705 180
705 571
789 535
789 66
399 730
399 23
253 799
253 256
253 469
799 169
234 200
298 712
298 248
712 736
323 607
323 442
323 719
607 149
607 549
203 680
203 46
664 731
664 145
664 3
731 59
731 46
367 659
367 271
367 4
659 207
659 698
662 619
662 74
90 533
90 369
149 792
149 447
340 569
340 599
139 157
139 320
139 466
157 435
157 174
523 668
523 718
523 27
668 459
576 671
576 317
576 64
671 739
671 369
578 68
578 235
181 797
181 744
181 113
797 487
797 493
107 619
107 621
299 551
551 20
271 77
55 142
16 403
16 245
334 765
334 787
765 505
317 105
620 739
762 191
762 618
540 160
540 796
245 418
245 467
418 683
259 50
307 500
307 430
307 534
500 293
479 594
479 306
594 99
594 212
199 320
199 535
199 118
320 14
178 764
178 366
178 617
764 496
764 779
282 46
282 702
135 564
135 113
85 545
85 327
545 714
545 415
454 538
302 552
302 295
552 415
499 734
499 314
48 425
48 386
425 510
425 125
402 9
402 682
599 37
132 495
132 529
495 522
495 757
36 42
36 553
42 435
227 238
227 120
227 311
238 783
238 785
121 266
121 77
121 586
266 142
252 569
252 113
252 31
569 466
279 161
279 504
586 211
658 661
435 175
131 306
131 496
131 206
306 357
477 747
477 287
105 254
105 256
254 5
254 557
265 395
265 360
265 331
395 676
231 631
231 59
231 414
631 137
631 549
758 148
758 127
150 176
150 235
176 177
176 636
745 283
145 735
145 193
735 284
735 503
26 378
26 670
378 703
783 468
270 577
270 780
270 517
577 375
116 290
116 236
116 501
290 613
290 153
535 472
9 703
9 413
44 759
44 628
44 127
759 772
759 162
193 622
193 45
622 188
381 12
63 391
63 709
391 596
636 725
161 283
161 174
324 413
324 170
413 373
45 342
45 470
342 189
296 351
296 95
296 702
351 524
125 222
222 403
222 728
255 588
255 629
588 202
588 772
737 667
737 727
703 216
706 184
385 120
262 465
262 697
262 130
465 768
639 690
639 187
639 331
690 136
690 548
297 343
297 190
297 684
143 248
248 634
744 642
744 700
510 414
510 134
221 89
221 669
240 446
446 352
446 638
53 638
53 284
53 669
638 593
474 700
534 691
534 547
691 144
691 412
623 767
189 197
13 449
13 108
449 504
686 218
686 374
64 39
571 676
571 319
547 111
547 472
291 640
291 140
640 360
166 644
138 318
138 100
138 377
283 171
696 538
696 788
172 518
172 359
713 787
713 537
787 507
164 190
164 603
164 41
412 530
412 560
530 684
170 359
170 486
359 628
251 442
251 264
442 753
628 192
169 695
169 573
111 497
553 452
120 25
144 742
144 23
742 140
100 10
100 503
437 710
23 452
452 360
200 33
200 330
195 555
195 350
195 361
555 651
555 371
386 522
386 18
522 117
421 489
421 209
489 710
489 212
462 109
462 142
110 349
110 751
349 736
123 795
123 133
123 654
795 478
795 315
21 775
21 488
775 641
585 736
788 515
10 484
493 83
67 746
67 651
50 420
50 600
420 448
80 433
80 167
80 677
433 152
635 683
635 430
356 517
356 645
330 177
27 198
27 431
198 91
118 316
118 35
316 216
316 217
429 614
429 383
614 757
614 784
524 28
524 206
344 729
147 411
147 69
207 750
197 209
209 600
185 61
319 568
329 369
329 400
596 65
247 768
772 766
583 766
29 246
29 167
460 31
460 288
89 383
89 341
383 228
284 539
346 557
346 663
557 235
73 133
73 642
133 397
730 436
4 546
546 196
546 593
95 566
95 165
566 137
566 790
184 751
184 785
751 757
5 308
5 689
108 220
431 311
431 175
661 677
455 727
455 258
216 570
734 165
667 393
33 457
448 451
448 196
451 159
451 146
487 634
487 159
697 660
697 152
162 268
162 701
515 375
515 97
61 670
488 533
488 469
533 338
96 396
396 529
141 327
141 606
141 721
256 366
366 233
403 20
450 753
450 701
450 124
91 573
167 473
72 74
72 790
72 310
74 773
24 411
376 798
700 784
784 180
201 456
201 414
137 140
560 670
560 702
154 348
154 603
305 380
305 536
187 339
746 25
536 101
285 212
285 650
41 719
719 38
32 388
32 458
388 548
388 537
206 513
513 613
513 347
728 363
77 165
648 727
648 268
31 780
669 761
747 458
186 711
186 97
711 339
411 202
136 1
228 308
228 218
308 146
191 633
66 502
66 40
502 293
502 286
18 567
792 561
792 423
188 458
188 682
695 718
695 313
281 682
244 782
244 507
782 168
782 130
214 390
214 761
338 537
341 101
341 153
468 629
357 168
314 459
459 790
372 568
372 99
372 35
568 603
768 384
220 275
220 409
159 180
634 796
610 723
610 217
610 384
723 467
723 287
331 377
202 641
641 361
310 3
158 62
158 722
58 642
58 570
58 109
168 362
101 692
692 497
692 350
35 539
663 1
663 582
714 390
457 750
457 501
798 177
484 633
484 582
633 653
362 616
616 653
616 325
350 677
529 246
124 400
390 486
507 152
246 288
288 689
653 374
497 562
562 470
562 315
236 97
22 393
22 219
99 237
40 275
40 618
725 347
539 217
689 278
654 393
397 128
397 617
304 773
304 69
128 538
62 373
160 597
160 1
315 409
409 542
567 621
567 258
146 791
275 554
175 371
371 722
684 38
196 114
313 606
313 278
606 518
582 114
69 83
83 650
767 7
542 549
501 527
527 20
339 473
134 486
39 709
65 447
25 761
625 456
554 649
649 28
650 28
7 721
791 722
86 618
86 645
709 219
