69 230
69 194
69 207
230 95
230 96
34 147
34 286
34 159
147 101
147 66
61 262
61 86
61 90
262 26
262 149
37 152
37 202
37 251
152 130
152 260
109 168
109 86
109 198
168 71
168 74
169 182
169 144
169 129
182 127
182 130
166 284
166 30
166 91
284 4
284 129
29 68
29 224
29 115
68 223
68 289
232 238
232 292
232 58
238 248
238 155
124 296
124 85
124 250
296 76
296 292
10 45
10 276
10 75
45 134
45 46
224 243
224 179
243 24
243 101
190 250
190 173
190 39
250 11
76 237
76 259
237 270
237 265
71 204
71 234
64 290
64 32
64 23
290 103
290 164
286 125
286 208
41 145
41 158
41 217
145 6
145 160
100 231
100 155
100 43
231 5
231 179
5 164
5 126
117 149
117 291
117 65
149 235
179 27
220 241
220 289
220 85
241 266
241 99
137 234
137 274
137 11
234 299
86 257
40 63
40 235
40 293
63 62
63 96
158 275
158 132
275 25
275 271
0 265
0 92
0 239
265 78
235 3
91 114
91 251
114 44
114 12
159 267
159 103
267 121
267 268
30 116
30 285
116 136
116 13
32 183
32 4
39 112
39 133
112 211
112 206
259 125
259 57
121 110
121 189
14 293
14 141
14 2
293 74
196 288
196 1
196 272
288 245
288 125
199 213
199 155
199 107
213 93
213 80
157 207
157 16
157 81
207 255
50 81
50 148
50 132
81 88
143 272
143 261
143 236
272 135
185 287
185 249
185 186
287 139
287 96
90 252
90 192
170 244
170 192
170 171
244 51
244 148
261 273
261 298
273 140
273 162
119 180
119 245
119 12
180 181
180 242
70 184
70 153
70 274
184 122
184 110
202 205
202 89
205 31
205 181
223 277
223 12
58 206
58 7
206 108
26 256
26 264
245 203
156 210
156 77
156 257
210 102
210 233
74 1
79 283
79 33
79 183
283 188
283 111
160 198
160 214
198 253
161 163
161 150
161 83
163 13
163 27
260 285
260 3
285 222
209 249
209 211
209 15
249 174
135 17
135 75
111 171
111 77
171 217
48 142
48 280
48 266
142 136
142 282
25 172
25 278
151 225
151 105
151 95
225 102
225 106
131 167
131 7
131 140
167 28
167 138
253 291
253 248
291 294
6 279
6 118
222 134
222 200
15 221
15 247
221 144
221 92
139 212
139 175
67 268
67 281
67 229
268 186
123 181
123 55
123 276
277 280
277 60
105 258
105 72
65 87
65 95
87 162
87 141
102 233
9 52
9 276
9 256
52 19
52 187
177 246
177 270
177 98
246 18
246 130
27 60
60 228
62 138
62 80
1 128
282 295
282 148
295 263
295 269
31 57
31 66
57 208
217 269
110 174
66 88
56 248
56 113
56 73
89 254
89 197
254 278
254 28
3 176
140 247
247 127
281 54
281 49
113 98
113 218
173 271
173 141
271 97
103 203
203 214
279 297
279 24
106 226
106 294
226 164
226 107
258 219
258 20
188 194
188 118
263 8
263 208
92 255
97 98
97 47
7 216
216 297
216 126
122 175
122 43
175 42
144 36
21 236
21 104
21 83
236 94
233 51
229 274
229 59
174 299
178 201
178 219
178 211
201 154
201 150
255 219
16 239
16 107
266 8
36 264
36 193
82 120
82 94
82 191
120 189
120 108
23 43
23 128
257 183
138 20
101 218
218 115
136 194
186 191
191 59
83 215
215 146
215 172
197 200
197 11
200 33
80 289
192 55
72 187
72 49
187 2
17 54
17 165
33 118
162 88
53 214
53 195
53 165
51 176
292 252
204 165
204 75
264 28
38 54
38 128
38 35
256 46
269 270
73 240
73 93
240 150
240 47
19 278
19 299
127 251
212 99
212 242
104 115
104 77
42 154
42 228
154 49
85 47
129 298
298 195
2 193
193 55
93 239
176 227
153 227
153 133
227 126
4 134
59 280
146 84
146 22
172 78
297 84
108 13
20 242
189 18
84 46
8 132
24 22
22 44
44 94
35 99
35 294
228 252
78 18
195 133
