96 760
96 419
96 600
760 450
760 78
105 171
105 716
105 218
171 158
171 500
180 610
180 703
180 607
610 867
610 436
135 193
135 264
135 331
193 860
193 499
32 366
32 143
32 34
366 315
366 163
765 854
765 174
765 704
854 389
854 43
143 462
143 33
462 426
462 429
262 270
262 112
262 376
270 748
270 798
304 766
304 160
304 310
766 141
766 885
593 640
593 99
593 581
640 406
640 99
405 440
405 456
405 527
440 642
440 352
365 367
365 518
365 421
367 133
367 139
272 850
272 399
272 152
850 489
850 68
39 202
39 834
39 597
202 793
202 740
70 306
70 354
70 139
306 549
306 783
335 380
335 277
335 415
380 546
380 42
161 200
161 726
161 695
200 790
200 443
133 460
133 549
552 579
552 488
552 565
579 266
579 290
729 886
729 23
729 411
886 42
886 222
322 419
322 577
322 843
419 369
4 747
4 266
4 414
747 555
747 889
655 857
655 390
655 792
857 185
857 158
54 869
54 292
54 118
869 778
869 357
24 437
24 123
24 259
437 568
437 873
71 140
71 862
71 636
140 281
140 151
165 821
165 624
165 144
821 181
821 60
241 551
241 75
241 362
551 702
551 891
555 125
555 739
500 811
500 649
811 592
811 29
342 374
342 809
342 113
374 831
374 149
292 782
292 537
782 613
782 177
156 592
156 267
156 339
592 879
649 790
649 525
790 565
775 871
775 556
775 531
871 449
871 757
179 468
179 383
179 499
468 676
468 287
494 888
494 354
494 792
888 689
888 352
302 687
302 325
302 858
687 308
687 106
197 750
197 777
197 65
750 250
750 55
213 237
213 601
213 686
237 497
237 633
169 688
169 65
169 806
688 791
688 249
151 899
151 318
899 634
899 538
223 250
223 819
223 536
250 849
61 862
61 540
61 409
862 336
57 483
57 155
57 809
483 682
483 124
77 461
77 130
77 381
461 580
461 650
334 877
334 743
334 432
877 744
877 148
549 433
727 808
727 503
727 672
808 283
808 206
20 192
20 298
20 509
192 629
192 40
639 695
639 28
639 870
695 284
570 595
570 818
570 194
595 598
595 291
139 637
637 861
637 459
40 286
40 860
286 2
286 756
433 626
433 698
626 288
626 29
247 356
247 651
247 88
356 184
356 768
748 5
748 831
425 771
425 230
425 447
771 439
771 623
600 623
600 834
623 658
268 558
268 761
268 199
558 445
558 700
226 827
226 622
226 516
827 696
827 802
209 329
209 124
209 167
329 651
329 751
669 722
669 513
669 312
722 134
722 33
28 662
28 452
662 348
662 804
95 343
95 724
95 330
343 238
343 893
723 815
723 414
723 251
815 159
815 298
109 772
109 388
109 466
772 120
772 305
491 837
491 660
491 23
837 16
837 30
283 249
283 377
106 846
106 383
846 892
846 842
556 674
556 446
674 738
674 163
642 678
642 714
97 797
97 620
97 480
797 711
797 873
174 528
174 224
528 484
528 584
229 809
229 294
229 604
364 588
364 3
364 684
588 333
588 168
267 692
267 287
692 492
692 403
13 696
13 532
13 370
696 489
340 496
340 799
340 487
496 643
496 457
339 451
339 228
451 691
451 627
312 434
312 527
434 826
434 644
794 852
794 251
794 838
852 5
852 387
346 347
346 225
346 388
347 445
347 749
471 607
471 16
471 14
607 78
416 671
416 117
416 396
671 243
671 153
85 126
85 305
85 252
126 697
126 898
344 795
344 264
344 666
795 458
795 67
627 711
627 725
711 103
66 149
66 146
66 123
149 162
632 789
632 475
632 392
789 495
789 752
114 863
114 820
114 868
863 587
863 885
297 576
297 103
297 894
576 294
576 597
238 261
238 35
261 894
261 878
355 517
355 337
355 539
517 65
517 332
488 188
488 154
839 895
839 381
839 664
895 60
895 683
48 136
48 601
48 777
136 480
136 217
561 621
561 486
561 701
621 47
621 80
145 563
145 91
145 153
563 507
563 323
17 643
17 386
17 584
643 122
72 313
72 758
72 717
313 259
313 554
217 560
217 467
560 351
560 181
599 625
599 325
599 708
625 363
625 413
159 884
159 216
884 504
884 420
116 513
116 479
116 698
513 520
263 532
263 326
263 12
532 398
568 404
568 435
168 294
168 618
847 848
847 449
847 185
848 389
848 611
225 541
225 745
541 763
541 194
660 187
660 447
676 742
676 303
742 255
742 702
514 680
514 146
514 205
680 321
680 52
191 664
191 285
191 86
664 205
78 373
331 787
331 631
787 865
787 879
51 653
51 224
51 176
653 482
653 531
629 170
629 188
566 690
566 661
566 89
690 196
690 741
620 518
620 896
175 805
175 224
175 800
805 36
805 609
110 559
110 274
110 515
559 387
559 718
401 659
401 881
401 887
659 609
659 137
10 737
10 431
10 703
737 746
737 81
324 784
324 574
324 278
784 400
784 265
439 147
439 389
753 817
753 616
753 803
817 232
817 544
522 890
522 76
522 720
890 132
890 539
661 819
661 455
819 56
130 273
130 764
260 511
260 843
260 767
511 634
511 882
431 887
431 244
887 456
519 591
519 407
519 208
591 638
591 74
490 564
490 666
490 265
564 459
564 463
203 242
203 614
203 351
242 319
242 835
602 891
602 613
602 134
891 189
624 545
624 387
319 585
319 636
102 833
102 870
102 783
833 350
833 550
665 681
665 245
665 314
681 46
681 840
181 717
717 535
122 402
122 774
402 183
402 317
64 806
64 92
64 495
806 446
369 804
369 773
804 534
867 69
867 189
201 668
201 452
201 477
668 101
668 330
69 777
69 638
682 265
682 152
791 332
791 409
406 547
406 391
547 53
547 362
691 796
691 393
796 258
796 683
535 814
535 866
814 646
814 112
35 756
35 27
756 738
820 861
820 449
861 849
398 844
398 693
844 460
844 341
186 436
186 275
186 178
436 874
22 184
22 144
22 864
184 539
206 759
206 248
759 253
759 497
18 150
18 719
18 567
150 527
150 411
598 645
598 562
645 882
645 453
137 781
137 107
781 783
781 497
352 713
208 841
208 81
841 422
841 725
124 2
274 536
274 529
55 338
55 738
338 631
338 94
475 157
475 694
486 467
486 498
155 216
155 657
454 694
454 190
454 166
694 780
205 601
125 257
125 859
38 636
38 328
38 612
565 293
545 732
545 801
732 390
732 773
255 521
255 546
521 474
521 315
86 712
86 647
712 670
712 571
63 845
63 641
63 720
845 148
845 503
196 291
196 372
291 204
198 889
198 879
198 409
889 673
113 293
113 7
293 84
413 554
413 459
554 309
147 663
147 485
663 735
663 353
482 378
482 349
258 853
258 157
210 719
210 52
210 240
719 252
779 876
779 699
779 257
876 608
876 239
19 141
19 43
19 37
141 590
101 279
101 104
87 770
87 257
87 56
770 300
770 349
251 878
878 320
633 714
633 392
714 91
310 698
310 505
359 411
359 858
359 573
249 548
300 508
300 80
418 502
418 232
418 177
502 550
502 572
716 236
716 585
371 686
371 872
371 59
686 546
574 432
574 407
345 368
345 657
345 395
368 825
368 444
53 525
53 569
525 79
444 675
444 430
675 799
675 0
354 824
34 721
34 415
93 718
93 397
93 810
718 278
305 611
16 12
299 679
299 803
299 115
679 652
679 582
608 27
608 90
530 813
530 562
530 699
813 429
813 62
414 245
236 740
236 604
424 507
424 829
424 515
507 80
321 385
321 755
278 452
328 646
328 746
894 544
388 207
234 648
234 474
234 553
648 394
648 8
799 76
6 295
6 807
6 37
295 465
295 231
445 358
142 830
142 807
142 658
830 379
830 363
739 90
739 0
23 708
562 684
148 235
235 883
235 693
92 818
92 757
190 317
190 801
317 162
327 731
327 316
327 469
731 752
731 373
533 836
533 107
533 498
836 851
836 800
474 589
289 704
289 577
289 221
704 523
421 860
421 170
807 195
84 457
84 30
457 736
307 874
307 455
307 178
874 523
650 868
650 786
868 0
3 239
3 341
239 25
721 220
721 204
638 231
253 183
253 812
361 441
361 182
361 173
441 21
441 788
94 851
94 104
851 810
597 834
248 271
248 153
271 882
271 512
397 516
397 164
585 332
516 7
99 635
872 652
872 463
480 733
33 733
733 320
824 377
824 892
162 394
504 571
504 41
605 707
605 470
605 755
707 553
707 117
479 755
479 189
227 575
227 212
227 383
575 172
575 400
455 311
550 785
587 774
587 215
774 832
245 709
83 603
83 573
83 27
603 446
603 296
187 378
187 400
460 75
31 412
31 505
31 285
412 822
412 391
523 618
218 730
218 489
407 360
372 689
372 612
47 506
47 88
183 536
195 641
195 743
641 581
428 614
428 735
428 762
614 314
495 399
735 780
21 88
21 107
646 706
252 100
325 499
466 410
466 487
74 508
74 44
508 697
385 384
385 301
484 337
484 89
318 628
318 749
264 705
378 44
12 280
73 520
73 843
73 348
520 709
219 314
219 118
219 45
538 705
538 170
705 715
512 567
512 176
567 840
111 897
111 501
111 386
897 590
897 228
832 42
832 767
635 728
635 240
699 501
376 391
376 822
734 773
734 728
734 127
115 615
115 518
615 349
615 689
510 885
510 26
510 835
701 382
701 473
501 50
296 812
296 743
812 350
204 320
5 741
52 309
728 26
164 741
164 534
577 316
282 769
282 726
282 685
769 762
769 120
429 788
788 178
375 673
375 56
375 710
673 768
9 323
9 898
9 172
323 336
384 118
384 435
351 473
473 469
604 404
503 422
158 678
230 1
230 816
75 667
667 506
667 104
447 700
399 100
49 506
49 826
49 98
357 622
357 58
622 589
182 865
182 469
628 856
628 548
856 426
856 526
678 573
390 569
98 138
98 798
138 583
138 470
818 36
290 308
290 442
308 785
458 840
458 709
2 656
132 583
132 256
572 15
572 108
120 492
26 8
725 557
526 822
526 606
353 485
353 11
485 221
303 893
303 613
893 393
481 670
481 15
481 582
670 823
762 244
7 134
410 435
410 778
370 430
370 706
430 751
426 427
634 540
710 880
710 838
880 855
880 684
442 509
442 630
362 279
146 173
448 470
448 616
448 749
266 540
744 780
744 571
708 438
160 767
160 256
287 243
90 408
309 853
700 276
537 677
537 273
677 816
677 256
697 269
853 619
849 816
50 415
50 275
569 654
870 233
222 786
222 301
786 754
112 246
246 8
246 498
311 43
311 825
280 326
280 859
298 493
493 745
493 487
232 404
892 330
30 534
427 764
427 754
764 619
898 396
581 715
715 720
207 463
207 828
152 108
396 131
123 644
785 254
211 214
211 423
211 199
214 108
214 736
763 358
763 758
826 103
154 619
154 654
548 658
358 119
752 453
279 341
829 373
829 36
215 835
215 82
754 456
590 91
11 403
11 713
403 15
100 423
657 543
666 337
793 167
793 476
176 395
408 281
408 758
580 618
580 121
382 596
382 476
589 348
631 119
798 41
157 768
377 478
478 37
478 529
173 417
277 656
277 858
656 477
450 584
450 467
611 802
740 531
583 14
76 284
172 724
802 761
423 381
117 220
244 865
831 693
326 129
395 606
438 647
438 259
41 254
254 166
505 654
167 515
360 644
360 672
392 128
301 630
492 594
45 875
45 128
875 823
875 866
647 828
393 25
316 269
60 703
757 823
128 79
801 751
25 67
578 726
578 606
578 873
616 233
672 855
855 524
68 596
68 82
596 730
121 199
121 542
745 866
185 288
477 453
713 276
394 864
864 420
216 333
652 776
881 544
881 509
212 524
212 803
363 594
14 221
269 58
188 586
825 706
46 810
46 129
82 89
896 617
896 465
59 838
59 386
127 761
127 333
702 543
792 285
284 1
420 119
336 842
443 472
443 194
472 275
472 746
228 594
542 464
542 315
630 163
543 464
233 422
177 800
828 612
586 379
586 778
553 464
58 476
144 432
129 240
683 685
685 131
842 557
859 883
883 67
736 79
220 379
524 557
166 44
724 288
273 281
1 417
776 582
776 350
29 62
62 131
529 81
651 609
730 617
417 276
243 231
465 617
