266 268
266 215
266 8
268 7
268 67
83 174
83 336
83 39
174 301
174 217
137 383
137 230
137 12
383 296
383 36
86 310
86 296
86 424
310 408
310 394
132 286
132 116
132 370
286 398
286 74
204 311
204 82
204 340
311 24
311 147
358 378
358 420
358 306
378 32
378 292
205 374
205 254
205 103
374 375
374 306
230 315
230 189
109 159
109 0
109 136
159 206
159 1
325 439
325 241
325 29
439 326
439 115
57 130
57 255
57 258
130 112
130 346
25 196
25 261
25 357
196 232
196 155
153 354
153 14
153 9
354 56
354 211
78 171
78 317
78 173
171 334
171 393
131 326
131 211
131 280
326 409
56 421
56 337
421 327
421 333
371 433
371 437
371 165
433 275
433 278
162 170
162 243
162 191
170 50
170 291
96 234
96 37
96 123
234 294
234 262
121 407
121 276
121 440
407 352
407 369
58 369
58 226
58 160
369 323
79 172
79 380
79 89
172 218
172 293
101 410
101 161
101 351
410 77
410 42
241 341
241 441
341 14
341 238
296 228
168 347
168 200
168 408
347 288
347 235
425 436
425 356
425 140
436 161
436 322
7 38
7 45
93 182
93 289
93 51
182 31
182 120
252 355
252 26
252 169
355 114
355 364
108 180
108 221
108 27
180 318
180 175
139 158
139 119
139 363
158 44
158 357
156 247
156 356
156 80
247 294
247 160
301 372
301 233
437 256
437 329
67 422
67 249
422 30
422 157
20 72
20 350
20 143
72 386
72 88
64 258
64 176
64 259
258 148
206 360
206 223
360 197
360 339
144 376
144 82
144 350
376 385
376 348
218 419
218 237
408 430
51 68
51 186
68 129
68 150
256 198
256 279
165 179
165 227
179 329
179 392
34 281
34 396
34 320
281 187
281 178
255 324
255 428
363 438
363 199
438 336
438 151
0 386
0 447
386 279
155 418
155 254
418 356
418 184
117 126
117 380
117 61
126 259
126 318
276 362
276 212
88 90
88 124
90 81
90 195
69 238
69 404
69 236
238 244
124 412
124 200
412 337
412 222
260 434
260 397
260 274
434 273
434 265
81 212
81 263
212 304
127 417
127 267
127 271
417 264
417 198
87 390
87 399
87 340
390 177
390 321
399 314
399 192
65 362
65 361
65 202
362 375
40 49
40 91
40 220
49 314
49 303
336 192
208 280
208 431
208 249
280 203
129 118
129 351
28 331
28 176
28 267
331 246
331 435
337 419
45 411
45 275
411 389
411 149
32 203
32 427
203 284
166 292
166 285
166 15
292 19
309 359
309 169
309 384
359 198
359 446
113 146
113 327
113 448
146 150
146 429
14 423
423 385
423 295
289 209
289 185
329 214
394 11
394 427
213 251
213 312
213 184
251 293
251 366
75 119
75 103
75 185
119 143
385 377
110 387
110 8
110 216
387 237
387 134
157 319
157 128
319 228
319 142
324 95
324 52
47 447
47 246
47 95
447 413
91 392
91 138
392 223
350 361
272 413
272 273
272 322
413 217
24 226
24 396
323 364
323 77
44 427
44 308
62 432
62 277
62 33
432 328
432 395
235 274
235 330
274 211
197 229
197 377
229 116
229 21
128 54
128 364
245 315
245 193
245 26
315 299
264 328
264 353
328 381
9 313
9 400
313 430
313 442
302 449
302 11
302 312
449 239
449 186
163 389
163 142
163 98
389 70
35 194
35 77
35 221
194 250
194 102
352 377
352 84
250 357
250 368
287 406
287 167
287 333
406 154
406 116
82 135
135 118
135 282
115 321
115 80
321 5
178 270
178 263
270 6
270 92
202 227
202 22
227 351
397 134
397 107
177 393
177 253
16 55
16 19
16 284
55 431
55 277
13 306
13 207
13 367
293 343
37 215
37 183
334 265
334 307
193 299
193 242
85 154
85 231
85 318
154 111
148 368
148 176
368 4
102 261
102 332
261 219
361 282
273 322
59 147
59 444
59 107
147 388
161 405
405 366
405 305
142 21
231 402
231 107
402 5
402 112
190 221
190 38
190 52
267 441
441 94
39 308
39 145
308 27
299 384
384 73
104 401
104 21
104 105
401 2
401 316
84 373
84 349
243 339
243 185
339 224
344 391
344 18
344 152
391 31
391 367
225 300
225 297
225 403
300 134
300 254
288 191
288 409
46 316
46 320
46 298
316 66
430 342
6 283
6 431
420 42
420 43
214 317
214 70
317 138
48 105
48 210
48 279
105 29
18 342
18 36
342 446
111 152
111 181
152 291
70 220
332 27
332 314
228 346
414 446
414 31
414 335
219 43
219 240
290 312
290 150
290 99
191 257
237 404
404 43
217 435
435 262
346 19
249 189
232 263
232 26
94 373
94 419
373 304
141 216
141 160
141 66
216 395
224 330
224 307
330 53
226 269
269 118
269 76
239 381
239 200
320 10
380 61
1 97
1 398
17 122
17 140
17 120
122 145
122 2
283 375
283 73
140 12
29 246
271 298
271 335
244 429
244 353
429 297
112 114
38 448
50 164
50 333
164 379
164 365
95 66
145 372
307 138
187 416
187 209
416 327
416 125
92 444
92 396
444 242
36 265
23 173
23 409
23 151
173 379
366 343
222 400
222 440
400 175
61 303
303 106
277 440
71 106
71 278
71 100
106 73
11 41
298 297
15 192
15 22
403 426
403 382
426 183
426 345
195 415
195 349
415 10
415 338
136 338
136 188
338 424
42 74
125 445
125 253
445 442
445 97
291 257
181 345
181 365
345 348
149 253
149 372
41 63
41 305
398 210
215 63
151 188
123 367
123 388
5 188
448 443
3 60
3 30
3 388
60 133
60 379
30 370
52 199
294 370
210 248
63 236
236 284
199 220
167 442
167 381
183 343
259 305
175 304
53 285
53 8
285 248
98 207
98 340
207 233
74 97
54 76
54 382
12 282
120 393
443 2
443 189
201 295
201 257
201 335
295 33
4 275
4 89
353 428
428 240
242 348
99 143
99 184
209 133
395 103
278 100
80 365
424 10
349 76
133 186
89 223
114 382
169 233
262 248
22 100
33 240
