146 212
146 59
146 476
212 404
212 448
130 344
130 312
130 67
344 23
344 340
197 406
197 195
197 220
406 67
406 59
155 437
155 245
155 4
437 301
437 459
286 353
286 89
286 167
353 6
353 179
19 247
19 362
19 245
247 164
247 370
107 369
107 398
107 415
369 34
369 450
126 382
126 77
126 317
382 265
382 491
253 423
253 148
253 278
423 226
423 142
164 497
164 40
358 387
358 314
358 390
387 391
387 420
396 490
396 476
396 425
490 135
490 123
76 372
76 53
76 114
372 318
372 204
309 342
309 322
309 13
342 132
342 219
380 393
380 383
380 478
393 187
393 134
157 464
157 346
157 431
464 114
464 231
178 258
178 489
178 50
258 127
258 320
77 166
77 277
100 375
100 318
100 256
375 242
375 205
361 379
361 461
361 468
379 78
379 145
389 496
389 451
389 31
496 177
496 238
79 172
79 279
79 326
172 97
172 467
3 442
3 194
3 287
442 221
442 269
16 232
16 451
16 216
232 395
232 176
148 392
148 409
187 370
187 24
370 446
147 297
147 194
147 95
297 469
297 260
90 428
90 193
90 341
428 303
428 429
282 360
282 37
282 54
360 192
360 419
404 484
404 416
484 104
484 241
37 407
37 285
234 320
234 262
234 41
320 201
310 440
310 202
310 362
440 365
440 431
311 405
311 38
311 119
405 220
405 288
191 349
191 470
191 137
349 327
349 198
338 368
338 482
338 266
368 483
368 230
167 388
167 92
388 256
388 317
49 274
49 83
49 189
274 495
274 408
391 424
391 304
51 356
51 144
51 231
356 245
356 124
83 425
83 317
425 206
235 275
235 131
235 281
275 296
275 154
48 458
48 237
48 74
458 337
458 169
88 113
88 373
88 255
113 123
113 324
303 325
303 215
327 171
327 466
142 331
142 395
331 252
331 68
476 69
104 163
104 237
307 407
307 86
307 460
407 292
392 295
392 160
209 497
209 89
209 409
497 198
86 179
86 354
179 42
470 159
470 65
343 357
343 316
343 290
357 190
357 444
80 355
80 200
80 128
355 285
355 254
87 251
87 227
87 416
251 233
251 223
123 335
335 466
335 59
495 102
495 339
72 271
72 374
72 269
271 204
271 207
66 475
66 348
66 67
475 460
475 439
204 427
427 140
427 424
341 414
341 312
414 120
414 246
203 300
203 276
203 446
300 182
300 411
295 426
295 402
239 402
239 474
239 283
402 29
374 139
374 82
69 326
69 52
257 447
257 138
257 6
447 118
447 225
215 292
215 410
292 314
190 424
190 196
279 394
279 384
81 450
81 299
81 21
450 265
176 468
176 151
468 296
386 439
386 350
386 373
439 417
119 333
119 33
333 455
333 192
65 124
65 494
124 432
373 92
383 132
383 488
120 0
120 276
348 421
348 0
421 284
421 110
121 397
121 256
121 324
397 330
397 31
101 153
101 371
101 346
153 422
153 184
278 202
278 152
451 45
210 316
210 173
210 378
316 137
259 367
259 248
259 224
367 213
367 399
200 290
200 231
290 28
93 325
93 133
93 462
325 21
85 321
85 477
85 128
321 201
321 479
46 250
46 449
46 304
250 313
250 5
60 395
60 260
60 180
346 222
116 156
116 4
116 138
156 240
156 55
177 413
177 78
413 112
413 189
486 494
486 351
486 52
494 441
175 480
175 208
175 301
480 322
480 161
249 429
249 376
249 473
429 330
152 478
152 12
478 287
403 487
403 385
403 315
487 483
487 241
28 182
28 42
71 270
71 400
71 313
270 61
270 323
216 499
216 143
499 154
499 463
193 268
193 149
268 376
268 485
431 39
38 340
38 492
340 122
102 448
102 163
265 54
222 411
222 125
411 277
94 491
94 452
94 9
491 409
260 218
13 185
13 10
185 384
185 188
55 163
55 40
312 111
132 224
223 412
223 463
412 302
412 170
182 39
400 430
400 144
226 459
226 181
220 352
352 322
352 449
91 378
91 332
91 174
378 8
40 394
394 243
362 11
143 150
143 366
150 420
150 345
106 110
106 184
106 365
110 436
195 186
195 192
26 477
26 34
26 460
477 298
44 135
44 64
44 14
135 30
127 151
127 139
151 24
89 105
58 457
58 434
58 27
457 455
457 63
25 140
25 32
25 467
140 418
273 354
273 196
273 95
354 181
252 299
252 68
8 465
8 41
465 41
465 306
183 326
183 136
183 347
61 489
61 377
489 103
285 443
149 291
149 481
114 305
219 419
219 7
419 168
221 456
221 351
456 99
456 52
227 288
227 399
296 329
243 474
243 165
474 154
255 305
255 408
305 109
276 180
469 0
469 482
42 57
11 9
11 122
434 108
434 62
299 347
15 225
15 452
15 291
225 241
9 33
492 118
492 53
125 430
125 96
39 454
196 199
34 73
302 418
302 371
82 98
82 205
98 141
98 485
32 417
32 12
417 162
332 186
332 109
118 401
14 228
14 467
228 462
228 131
2 272
2 347
2 173
272 138
272 323
291 371
50 438
50 73
314 288
384 445
53 426
289 432
289 422
289 24
432 315
206 169
206 264
29 57
29 420
10 141
10 68
141 455
242 238
242 171
33 165
137 377
30 217
30 145
217 294
217 7
57 364
430 6
78 99
213 433
213 304
433 75
433 294
35 426
35 128
35 262
483 329
56 238
56 336
56 446
99 319
75 108
75 385
108 334
224 18
445 401
445 266
112 230
112 84
134 261
134 381
261 17
261 188
438 18
438 199
17 334
17 422
461 435
461 218
45 103
45 27
103 70
448 441
20 415
20 488
20 162
415 92
365 27
201 207
207 364
462 283
189 214
214 293
214 7
267 390
267 263
267 63
390 159
306 381
306 117
381 165
262 293
293 160
263 95
263 115
54 345
473 485
473 181
443 43
443 84
18 170
5 254
5 280
254 208
248 328
248 308
336 168
336 435
186 376
31 410
410 436
4 345
202 401
184 498
194 22
441 363
159 399
337 308
337 246
199 174
328 418
328 351
463 453
449 237
205 284
284 277
230 363
452 218
162 471
471 62
471 466
133 280
133 171
173 498
498 313
294 493
444 229
444 47
359 472
359 131
359 36
472 281
472 435
22 233
22 308
136 454
136 488
454 188
161 398
161 350
398 330
115 129
115 96
129 240
129 170
363 229
117 211
117 298
74 97
74 70
97 329
36 479
36 339
479 236
180 12
43 109
43 264
160 1
1 139
1 174
482 105
166 481
166 319
481 111
21 453
319 158
280 350
64 236
64 459
377 318
96 366
339 105
111 122
246 436
323 334
158 62
158 73
233 244
287 47
453 63
416 240
168 144
283 244
169 211
211 385
23 493
23 84
493 266
269 244
366 364
198 301
236 315
208 70
229 281
47 408
145 324
264 298
