55 121
55 63
55 51
121 137
121 143
166 190
166 142
166 43
190 195
190 10
23 196
23 164
23 14
196 4
196 137
50 180
50 36
50 7
180 163
180 140
17 58
17 130
17 98
58 135
58 2
159 169
159 148
159 142
169 4
169 168
82 111
82 56
82 40
111 84
111 157
8 192
8 126
8 7
192 81
192 145
46 176
46 162
46 153
176 136
176 25
136 100
136 28
76 189
76 44
76 112
189 49
189 53
102 144
102 89
102 79
144 118
144 97
37 152
37 81
37 179
152 173
152 122
28 149
28 147
149 106
149 0
11 78
11 110
11 74
78 48
78 103
2 130
2 193
130 43
71 129
71 156
71 101
129 141
129 126
66 197
66 18
66 72
197 18
197 13
148 92
148 9
68 84
68 142
68 199
84 73
12 116
12 63
12 14
116 101
116 52
24 154
24 87
24 146
154 38
154 32
25 153
25 42
153 163
70 185
70 182
70 195
185 21
185 100
53 199
53 97
199 128
128 147
128 72
147 90
96 124
96 77
96 35
124 88
124 150
195 115
44 184
44 104
184 91
184 113
51 64
51 15
64 114
64 150
81 95
9 19
9 73
19 52
19 100
139 174
139 157
139 93
174 10
174 20
95 171
95 67
171 115
171 141
97 168
168 133
164 157
164 42
38 191
38 67
191 39
191 158
146 198
146 188
198 108
198 120
33 141
33 92
33 26
31 186
31 26
31 13
186 170
186 62
90 138
90 167
138 41
138 179
4 175
21 75
21 83
18 131
131 41
131 162
36 48
36 60
48 99
75 5
75 27
123 150
123 151
123 65
110 125
110 170
125 145
125 92
104 120
104 108
79 101
79 194
59 132
59 181
59 122
132 15
132 182
107 181
107 74
107 1
181 163
162 34
54 99
54 6
54 69
99 6
117 167
117 173
117 145
167 87
34 160
34 105
160 22
160 52
108 151
29 109
29 103
29 57
109 0
109 86
41 183
89 60
89 61
85 86
85 134
85 27
86 187
16 63
16 115
16 194
137 69
42 80
74 133
140 20
140 158
77 87
77 193
134 35
134 161
22 15
22 177
67 135
114 179
114 165
60 155
6 1
133 172
13 47
30 155
30 56
30 94
155 193
143 187
143 73
187 5
35 112
182 188
156 119
156 177
56 57
188 65
65 105
43 161
3 158
3 62
3 47
49 120
49 45
7 183
183 39
80 112
80 98
57 20
175 32
175 122
69 47
5 178
103 165
165 119
14 173
40 170
40 135
118 45
118 113
72 177
105 93
172 161
172 94
39 10
45 178
178 151
98 106
62 88
91 113
91 106
0 83
93 126
88 83
26 127
127 94
127 32
194 61
27 1
61 119
