140 290
140 598
140 337
290 303
290 114
84 148
84 563
84 112
148 634
148 654
111 730
111 338
111 282
730 789
730 479
449 478
449 531
449 624
478 494
478 627
551 773
551 291
551 652
773 685
773 56
105 427
105 393
105 113
427 369
427 501
228 668
228 366
228 301
668 556
668 319
685 441
685 570
4 384
4 565
4 345
384 423
384 647
175 751
175 636
175 757
751 80
751 760
198 249
198 467
198 46
249 610
249 189
270 494
270 63
270 739
494 19
609 625
609 428
609 555
625 536
625 127
230 696
230 182
230 338
696 595
696 183
334 686
334 20
334 127
686 395
686 491
80 540
80 209
29 59
29 709
29 614
59 397
59 18
66 197
66 786
66 533
197 529
197 308
309 769
309 714
309 422
769 193
769 14
296 650
296 443
296 424
650 262
650 118
584 797
584 12
584 216
797 41
797 780
20 239
20 95
239 262
239 117
386 714
386 90
386 793
714 283
433 646
433 333
433 381
646 734
646 571
659 720
659 297
659 227
720 322
720 738
259 768
259 256
259 553
768 587
768 313
134 368
134 274
134 477
368 272
368 568
199 488
199 245
199 237
488 372
488 302
311 540
311 710
311 475
540 554
22 675
22 493
22 315
675 582
675 201
789 136
789 791
367 548
367 477
367 380
548 226
548 17
274 747
274 615
747 463
747 516
207 330
207 163
207 666
330 389
330 21
385 596
385 544
385 706
596 492
596 79
518 708
518 454
518 125
708 499
708 278
95 73
95 429
71 177
71 543
71 552
177 185
177 765
501 566
501 793
566 626
566 543
243 759
243 206
243 57
759 452
759 196
7 421
7 559
7 643
421 514
421 642
557 717
557 321
557 17
717 457
717 333
333 766
182 502
182 277
502 315
502 545
276 704
276 214
276 391
704 522
704 56
727 738
727 533
727 382
738 132
211 318
211 294
211 27
318 101
318 729
62 435
62 795
62 506
435 569
435 524
43 752
43 138
43 676
752 123
752 308
299 440
299 92
299 19
440 630
440 130
344 591
344 9
344 225
591 475
591 33
399 765
399 741
399 192
765 799
184 737
184 205
184 585
737 456
737 355
185 267
185 392
285 514
285 608
285 0
514 25
526 577
526 519
526 613
577 695
577 452
394 430
394 173
394 23
430 354
430 713
414 534
414 697
414 611
534 210
534 520
44 168
44 442
44 489
168 723
168 187
411 748
411 229
411 31
748 453
748 763
355 457
355 523
457 364
607 710
607 83
607 615
710 233
3 792
3 604
3 51
792 451
792 772
570 781
570 753
781 705
781 583
121 537
121 9
121 72
537 234
537 218
298 560
298 343
298 152
560 592
560 171
157 194
157 289
157 754
194 36
194 734
512 669
512 779
512 375
669 173
669 327
173 556
556 82
442 446
442 203
307 416
307 263
307 655
416 628
416 271
553 697
553 371
697 348
85 461
85 363
85 89
461 142
461 707
51 468
51 715
468 350
468 208
326 771
326 770
326 145
771 750
771 388
54 739
54 589
54 158
739 126
715 30
715 109
23 77
23 661
77 694
77 265
467 639
467 240
639 206
639 125
31 99
31 279
99 787
99 297
201 776
201 143
776 349
776 186
366 98
366 109
142 545
142 150
92 204
92 176
204 622
204 579
153 699
153 126
153 783
699 746
699 223
358 503
358 128
358 604
503 236
503 586
405 673
405 480
405 65
673 120
673 135
406 790
406 260
406 464
790 253
790 497
34 510
34 731
34 387
510 515
510 483
470 564
470 689
470 60
564 667
564 284
649 795
649 10
649 389
795 254
166 409
166 648
166 303
409 378
409 294
158 167
158 256
167 485
167 425
24 316
24 589
24 235
316 667
316 616
325 582
325 379
325 345
582 603
630 216
630 420
462 578
462 794
462 732
578 683
578 471
63 680
63 200
680 490
680 139
415 466
415 37
415 79
466 373
466 600
626 581
626 132
335 595
335 610
335 264
595 465
110 257
110 475
110 155
257 75
257 362
81 459
81 402
81 76
459 483
459 94
213 377
213 679
213 294
377 761
377 73
46 129
46 100
129 120
129 322
338 764
658 736
658 295
658 439
736 424
736 112
569 763
569 410
397 552
397 89
552 162
310 785
310 273
310 151
785 398
785 83
707 104
707 716
356 663
356 522
356 136
663 117
663 519
746 517
746 453
634 200
634 149
58 103
58 323
58 152
103 76
103 302
96 215
96 255
96 365
215 70
215 718
393 429
393 2
429 744
360 413
360 72
360 192
413 221
413 463
554 782
554 195
782 763
782 65
575 576
575 464
575 143
576 268
576 682
357 753
357 565
357 432
753 336
403 622
403 463
403 151
622 151
281 605
281 784
281 638
605 137
605 509
253 147
253 233
145 610
145 632
12 794
12 496
72 42
133 236
133 724
133 606
236 137
371 282
371 5
484 561
484 799
484 210
561 654
561 620
35 329
35 180
35 665
329 750
329 777
6 671
6 525
6 648
671 670
671 119
288 784
288 279
288 660
784 516
60 651
60 229
651 469
651 67
37 775
37 181
775 542
775 455
321 454
321 39
454 615
115 447
115 404
115 190
447 655
447 788
492 681
492 721
681 438
681 88
346 636
346 225
346 448
636 320
53 621
53 448
53 758
621 477
621 693
300 767
300 618
300 369
767 241
767 741
225 91
17 317
317 76
317 128
256 772
448 485
485 744
87 641
87 69
87 149
641 640
641 187
42 700
42 508
217 580
217 106
217 67
580 305
580 451
331 336
331 381
331 509
336 417
517 603
517 690
603 558
254 400
254 690
400 26
400 343
108 682
108 791
108 674
682 131
79 130
130 172
141 352
141 202
141 186
352 541
352 500
536 131
536 724
286 441
286 555
286 392
441 312
533 431
592 291
592 562
402 684
402 350
30 97
30 445
97 562
97 613
342 778
342 593
342 390
778 372
778 119
118 219
118 1
219 465
219 418
90 48
90 728
538 662
538 504
538 408
662 343
662 164
770 550
770 532
176 304
176 632
723 16
723 25
170 275
170 73
170 692
275 653
275 100
305 558
305 426
558 174
793 301
202 218
202 722
218 138
381 687
687 516
687 645
504 295
504 434
401 702
401 169
401 396
702 69
702 476
654 632
703 756
703 506
703 749
756 222
756 339
497 508
497 631
508 655
741 191
150 284
150 472
284 688
260 619
260 390
398 464
398 438
265 521
265 361
521 664
521 700
10 798
10 212
798 21
798 188
75 388
75 181
388 693
590 726
590 203
590 124
726 451
726 563
91 743
91 719
209 635
209 588
635 40
635 676
545 511
734 473
190 365
190 460
365 742
102 252
102 192
102 593
252 619
252 67
372 161
349 762
349 450
589 716
21 691
691 404
691 227
104 764
104 359
446 745
446 623
522 698
180 418
180 611
587 684
587 15
684 289
18 347
18 287
347 496
347 711
412 423
412 224
412 266
423 530
437 507
437 258
437 68
507 515
507 233
474 645
474 147
474 155
645 500
511 404
511 351
618 292
618 178
291 322
439 535
439 706
535 50
535 674
419 718
419 642
419 98
718 780
282 304
304 410
57 631
57 698
631 438
593 473
353 364
353 586
353 766
364 424
407 573
407 661
407 117
573 799
573 82
172 679
172 273
679 161
161 231
493 74
493 181
83 203
126 137
382 665
382 223
665 61
777 786
777 688
786 40
89 272
272 68
216 642
694 677
694 637
268 661
268 278
469 633
469 758
136 672
683 760
683 724
760 581
128 277
14 107
14 597
107 156
107 495
33 395
33 27
395 380
762 222
762 637
700 269
422 594
422 670
594 164
594 656
273 376
376 524
376 332
16 571
16 764
571 354
238 266
238 132
238 234
266 559
100 323
323 506
550 583
550 619
519 264
226 431
226 652
106 458
106 247
542 597
542 315
544 195
544 408
160 444
160 280
160 250
444 579
444 709
489 728
489 306
716 269
303 127
88 205
88 208
205 460
728 794
742 2
742 278
39 64
39 379
354 721
428 672
428 5
779 223
779 701
15 220
15 45
220 131
220 674
677 527
677 374
431 101
530 656
530 248
565 156
138 637
214 783
214 623
120 527
791 643
455 486
455 94
2 711
396 698
396 757
187 373
418 113
200 251
116 235
116 93
116 735
235 370
193 500
193 624
98 271
391 5
391 319
139 245
139 339
245 328
242 505
242 657
242 479
505 50
505 61
614 624
614 426
210 597
240 306
240 154
306 450
93 729
93 495
178 340
178 443
340 208
340 732
390 757
40 159
292 725
292 539
264 375
515 69
426 774
378 648
378 611
408 420
420 599
241 261
241 452
261 348
261 725
375 608
783 513
695 528
695 666
525 246
525 56
163 479
163 68
744 179
460 101
689 755
689 38
656 617
52 766
52 541
52 169
113 313
528 600
528 664
196 231
196 633
231 36
588 147
588 49
74 772
74 750
269 122
363 250
363 155
227 456
456 361
361 436
369 567
567 788
567 143
445 780
445 705
135 638
135 487
638 146
144 383
144 425
144 693
383 482
383 678
109 713
389 237
617 774
617 312
45 183
45 64
183 392
670 629
604 546
482 620
482 574
620 171
48 13
48 664
119 379
443 647
647 324
725 55
458 232
458 606
495 657
657 585
195 465
676 308
221 701
221 652
701 47
370 653
370 50
653 434
237 212
251 319
251 667
224 279
224 733
289 524
450 263
280 616
280 8
616 417
690 332
731 32
731 38
206 498
486 341
486 490
154 547
154 293
547 314
547 350
666 678
678 86
787 302
787 324
758 761
761 28
247 722
247 94
722 188
613 487
174 472
174 481
472 287
313 258
481 11
481 47
159 191
159 283
191 499
258 735
222 628
628 78
312 549
549 529
549 531
9 32
579 660
324 523
523 314
362 774
362 574
586 27
660 146
277 623
471 480
471 171
146 498
732 8
186 78
297 644
480 149
13 114
13 434
114 65
709 483
574 374
599 712
599 162
246 572
246 320
572 359
572 387
337 601
337 754
601 476
601 314
559 532
546 248
546 123
531 351
583 581
410 432
432 124
499 608
32 248
293 539
293 436
539 509
8 165
165 562
165 640
425 712
28 232
28 82
232 513
55 640
55 345
61 267
122 644
122 735
644 387
320 112
339 749
749 612
490 49
688 287
755 327
755 49
262 520
188 244
244 627
244 255
123 38
520 788
729 733
255 86
359 745
745 125
543 328
70 327
70 568
373 721
36 152
332 629
629 47
711 796
796 719
796 491
453 341
585 250
212 295
498 740
328 672
706 162
86 600
283 643
712 234
754 78
633 692
692 740
164 487
476 740
380 473
602 606
602 341
602 189
532 229
529 612
26 1
26 598
612 64
563 436
267 169
627 568
496 41
124 348
713 179
179 11
527 374
271 156
417 263
301 743
743 719
541 513
41 1
0 733
0 351
555 19
11 705
189 598
491 25
