binom	1	0	0.01	0.01649	0.499854
binom	1	0.01	0.01	0.01579	0.499968
binom	1	0.02	0.01	0.01684	0.504074
binom	1	0.03	0.01	0.01624	0.504612
binom	1	0.05	0.01	0.0166	0.509482
binom	1	0.07	0.01	0.01659	0.510946
binom	1	0.08	0.01	0.01656	0.511401
binom	1	0.1	0.01	0.01641	0.515448
binom	1	0.2	0.01	0.01662	0.528748
binom	1	0.3	0.01	0.01629	0.542192
binom	1	0.4	0.01	0.01561	0.558507
binom	1	0.5	0.01	0.01445	0.572561
binom	1	0.6	0.01	0.01366	0.587094
binom	1	0.7	0.01	0.01353	0.59983
binom	1	0.8	0.01	0.01255	0.617928
binom	1	0.9	0.01	0.0121	0.631364
