binom	1	0	0.01	0.01755	0.49984
binom	1	0.01	0.01	0.01745	0.504424
binom	1	0.02	0.01	0.01747	0.506457
binom	1	0.03	0.01	0.01734	0.505046
binom	1	0.05	0.01	0.01711	0.508878
binom	1	0.07	0.01	0.01707	0.514886
binom	1	0.08	0.01	0.01716	0.516031
binom	1	0.1	0.01	0.01666	0.52018
binom	1	0.2	0.01	0.0163	0.543368
binom	1	0.3	0.01	0.01641	0.565332
binom	1	0.4	0.01	0.01566	0.586073
binom	1	0.5	0.01	0.01439	0.606046
binom	1	0.6	0.01	0.01342	0.627876
binom	1	0.7	0.01	0.01315	0.647506
binom	1	0.8	0.01	0.01198	0.672387
binom	1	0.9	0.01	0.01115	0.691543
