binom	1	0	0.01	0.01609	0.500416
binom	1	0.01	0.01	0.01591	0.502552
binom	1	0.02	0.01	0.01585	0.501533
binom	1	0.03	0.01	0.01598	0.501033
binom	1	0.05	0.01	0.01604	0.5026
binom	1	0.07	0.01	0.01577	0.507977
binom	1	0.08	0.01	0.01654	0.509057
binom	1	0.1	0.01	0.01536	0.511497
binom	1	0.2	0.01	0.01587	0.525419
binom	1	0.3	0.01	0.01575	0.53421
binom	1	0.4	0.01	0.0147	0.545986
binom	1	0.5	0.01	0.0141	0.555667
binom	1	0.6	0.01	0.01351	0.56544
binom	1	0.7	0.01	0.01353	0.577627
binom	1	0.8	0.01	0.01273	0.583802
binom	1	0.9	0.01	0.01173	0.597724
