binom	1	0	0.01	0.01687	0.500533
binom	1	0.01	0.01	0.01683	0.501016
binom	1	0.02	0.01	0.01595	0.499072
binom	1	0.03	0.01	0.01626	0.502977
binom	1	0.05	0.01	0.01622	0.505277
binom	1	0.07	0.01	0.01594	0.508168
binom	1	0.08	0.01	0.01583	0.507884
binom	1	0.1	0.01	0.01604	0.510474
binom	1	0.2	0.01	0.01618	0.524623
binom	1	0.3	0.01	0.0156	0.534038
binom	1	0.4	0.01	0.01497	0.544616
binom	1	0.5	0.01	0.01499	0.553829
binom	1	0.6	0.01	0.01346	0.56604
binom	1	0.7	0.01	0.01275	0.572369
binom	1	0.8	0.01	0.01289	0.583755
binom	1	0.9	0.01	0.01183	0.592206
