binom	1	0	0.01	0.01608	0.501144
binom	1	0.01	0.01	0.0152	0.501349
binom	1	0.02	0.01	0.01611	0.500366
binom	1	0.03	0.01	0.01624	0.50476
binom	1	0.05	0.01	0.01567	0.506133
binom	1	0.07	0.01	0.01574	0.506836
binom	1	0.08	0.01	0.01568	0.507392
binom	1	0.1	0.01	0.01636	0.510825
binom	1	0.2	0.01	0.01573	0.521348
binom	1	0.3	0.01	0.01538	0.530949
binom	1	0.4	0.01	0.01449	0.543872
binom	1	0.5	0.01	0.01332	0.552372
binom	1	0.6	0.01	0.01362	0.566263
binom	1	0.7	0.01	0.01365	0.575238
binom	1	0.8	0.01	0.01249	0.585044
binom	1	0.9	0.01	0.01217	0.595818
