binom	1	0	0.01	0.016	0.501313
binom	1	0.01	0.01	0.01562	0.501562
binom	1	0.02	0.01	0.01593	0.502605
binom	1	0.03	0.01	0.01648	0.503434
binom	1	0.05	0.01	0.01619	0.508172
binom	1	0.07	0.01	0.01622	0.508379
binom	1	0.08	0.01	0.01596	0.510169
binom	1	0.1	0.01	0.01718	0.510186
binom	1	0.2	0.01	0.0154	0.521773
binom	1	0.3	0.01	0.01512	0.530635
binom	1	0.4	0.01	0.01498	0.543698
binom	1	0.5	0.01	0.01478	0.554357
binom	1	0.6	0.01	0.01353	0.563784
binom	1	0.7	0.01	0.01342	0.573145
binom	1	0.8	0.01	0.01286	0.582667
binom	1	0.9	0.01	0.01198	0.594649
