binom	1	0	0.01	0.01539	0.500754
binom	1	0.01	0.01	0.01625	0.501415
binom	1	0.02	0.01	0.0164	0.501506
binom	1	0.03	0.01	0.01648	0.50213
binom	1	0.05	0.01	0.01621	0.505176
binom	1	0.07	0.01	0.0158	0.508456
binom	1	0.08	0.01	0.01567	0.505833
binom	1	0.1	0.01	0.01543	0.50941
binom	1	0.2	0.01	0.01525	0.516315
binom	1	0.3	0.01	0.0152	0.526105
binom	1	0.4	0.01	0.0141	0.535723
binom	1	0.5	0.01	0.014	0.545043
binom	1	0.6	0.01	0.01331	0.551458
binom	1	0.7	0.01	0.01238	0.561349
binom	1	0.8	0.01	0.01242	0.568865
binom	1	0.9	0.01	0.01215	0.576774
