binom	1	0	0.01	0.01517	0.502057
binom	1	0.01	0.01	0.0162	0.499747
binom	1	0.02	0.01	0.01543	0.503208
binom	1	0.03	0.01	0.01538	0.504974
binom	1	0.05	0.01	0.01646	0.503141
binom	1	0.07	0.01	0.01582	0.50421
binom	1	0.08	0.01	0.01606	0.508194
binom	1	0.1	0.01	0.01667	0.508488
binom	1	0.2	0.01	0.01573	0.517718
binom	1	0.3	0.01	0.01521	0.524089
binom	1	0.4	0.01	0.01439	0.534948
binom	1	0.5	0.01	0.0142	0.543042
binom	1	0.6	0.01	0.014	0.552329
binom	1	0.7	0.01	0.01247	0.561067
binom	1	0.8	0.01	0.01223	0.568177
binom	1	0.9	0.01	0.01199	0.575813
