binom	1	0	0.01	0.01701	0.500529
binom	1	0.01	0.01	0.01774	0.501629
binom	1	0.02	0.01	0.01749	0.504134
binom	1	0.03	0.01	0.01643	0.504583
binom	1	0.05	0.01	0.01683	0.509857
binom	1	0.07	0.01	0.01757	0.512726
binom	1	0.08	0.01	0.01714	0.513355
binom	1	0.1	0.01	0.01683	0.520392
binom	1	0.2	0.01	0.01682	0.540458
binom	1	0.3	0.01	0.01658	0.563492
binom	1	0.4	0.01	0.01507	0.579688
binom	1	0.5	0.01	0.01474	0.598562
binom	1	0.6	0.01	0.01362	0.621057
binom	1	0.7	0.01	0.01362	0.640264
binom	1	0.8	0.01	0.01261	0.66119
binom	1	0.9	0.01	0.01134	0.676155
