binom	1	0	0.01	0.01542	0.501375
binom	1	0.01	0.01	0.01552	0.500709
binom	1	0.02	0.01	0.01601	0.501349
binom	1	0.03	0.01	0.01594	0.501838
binom	1	0.05	0.01	0.01564	0.506432
binom	1	0.07	0.01	0.01578	0.505063
binom	1	0.08	0.01	0.01588	0.50665
binom	1	0.1	0.01	0.01632	0.508125
binom	1	0.2	0.01	0.01538	0.519083
binom	1	0.3	0.01	0.01587	0.528318
binom	1	0.4	0.01	0.01401	0.533084
binom	1	0.5	0.01	0.0148	0.54498
binom	1	0.6	0.01	0.01386	0.55272
binom	1	0.7	0.01	0.01332	0.559685
binom	1	0.8	0.01	0.01235	0.56966
binom	1	0.9	0.01	0.01253	0.57751
