binom	1	0	0.01	0.01554	0.497883
binom	1	0.01	0.01	0.01582	0.500468
binom	1	0.02	0.01	0.01661	0.504064
binom	1	0.03	0.01	0.01603	0.50743
binom	1	0.05	0.01	0.01577	0.509341
binom	1	0.07	0.01	0.01546	0.514379
binom	1	0.08	0.01	0.01589	0.515815
binom	1	0.1	0.01	0.01549	0.520426
binom	1	0.2	0.01	0.0151	0.541755
binom	1	0.3	0.01	0.01496	0.563316
binom	1	0.4	0.01	0.0143	0.582378
binom	1	0.5	0.01	0.01348	0.60342
binom	1	0.6	0.01	0.01324	0.622931
binom	1	0.7	0.01	0.01203	0.641513
binom	1	0.8	0.01	0.01104	0.66
binom	1	0.9	0.01	0.01035	0.681024
