binom	1	0	0.01	0.01225	0.499265
binom	1	0.01	0.01	0.01258	0.501113
binom	1	0.02	0.01	0.01292	0.503514
binom	1	0.03	0.01	0.01202	0.501273
binom	1	0.05	0.01	0.01193	0.506572
binom	1	0.07	0.01	0.01228	0.506018
binom	1	0.08	0.01	0.01176	0.511854
binom	1	0.1	0.01	0.01186	0.514705
binom	1	0.2	0.01	0.01194	0.527228
binom	1	0.3	0.01	0.01087	0.538832
binom	1	0.4	0.01	0.01106	0.550163
binom	1	0.5	0.01	0.01031	0.560572
binom	1	0.6	0.01	0.00893	0.573628
binom	1	0.7	0.01	0.00861	0.587085
binom	1	0.8	0.01	0.00779	0.60113
binom	1	0.9	0.01	0.00651	0.614516
