binom	1	0	0.01	0.02216	0.499034
binom	1	0.01	0.01	0.0212	0.500571
binom	1	0.02	0.01	0.02223	0.501835
binom	1	0.03	0.01	0.02217	0.502115
binom	1	0.05	0.01	0.02158	0.504407
binom	1	0.07	0.01	0.02245	0.503572
binom	1	0.08	0.01	0.02179	0.50737
binom	1	0.1	0.01	0.02243	0.506933
binom	1	0.2	0.01	0.02116	0.513974
binom	1	0.3	0.01	0.02071	0.523704
binom	1	0.4	0.01	0.01967	0.533055
binom	1	0.5	0.01	0.01921	0.537507
binom	1	0.6	0.01	0.01778	0.547778
binom	1	0.7	0.01	0.01766	0.553958
binom	1	0.8	0.01	0.0162	0.562932
binom	1	0.9	0.01	0.01545	0.571495
