binom	1	0	0.01	0.02065	0.501119
binom	1	0.01	0.01	0.02079	0.501198
binom	1	0.02	0.01	0.02082	0.502118
binom	1	0.03	0.01	0.02153	0.501235
binom	1	0.05	0.01	0.02124	0.506916
binom	1	0.07	0.01	0.02149	0.509577
binom	1	0.08	0.01	0.0205	0.510873
binom	1	0.1	0.01	0.02126	0.514384
binom	1	0.2	0.01	0.0209	0.526876
binom	1	0.3	0.01	0.02008	0.53743
binom	1	0.4	0.01	0.01897	0.552414
binom	1	0.5	0.01	0.01807	0.56549
binom	1	0.6	0.01	0.01699	0.57751
binom	1	0.7	0.01	0.01653	0.589232
binom	1	0.8	0.01	0.01523	0.602712
binom	1	0.9	0.01	0.01491	0.616358
