binom	1	0	0.01	0.01747	0.499994
binom	1	0.01	0.01	0.01813	0.501721
binom	1	0.02	0.01	0.01836	0.505103
binom	1	0.03	0.01	0.01884	0.509283
binom	1	0.05	0.01	0.01883	0.514217
binom	1	0.07	0.01	0.01826	0.515991
binom	1	0.08	0.01	0.01826	0.517393
binom	1	0.1	0.01	0.01795	0.525415
binom	1	0.2	0.01	0.01773	0.548573
binom	1	0.3	0.01	0.01637	0.571759
binom	1	0.4	0.01	0.01719	0.597179
binom	1	0.5	0.01	0.0157	0.621064
binom	1	0.6	0.01	0.01522	0.647635
binom	1	0.7	0.01	0.01368	0.667551
binom	1	0.8	0.01	0.01254	0.689928
binom	1	0.9	0.01	0.01206	0.712579
