binom	1	0	0.01	0.01581	0.497913
binom	1	0.01	0.01	0.01634	0.499051
binom	1	0.02	0.01	0.01564	0.502992
binom	1	0.03	0.01	0.01577	0.501097
binom	1	0.05	0.01	0.01583	0.502836
binom	1	0.07	0.01	0.01601	0.503804
binom	1	0.08	0.01	0.01597	0.504621
binom	1	0.1	0.01	0.01573	0.507572
binom	1	0.2	0.01	0.01555	0.51283
binom	1	0.3	0.01	0.01576	0.517728
binom	1	0.4	0.01	0.01439	0.524475
binom	1	0.5	0.01	0.01439	0.526192
binom	1	0.6	0.01	0.01374	0.535342
binom	1	0.7	0.01	0.01295	0.536672
binom	1	0.8	0.01	0.012	0.53845
binom	1	0.9	0.01	0.01247	0.544707
