binom	1	0	0.01	0.01629	0.498416
binom	1	0.01	0.01	0.01589	0.499761
binom	1	0.02	0.01	0.0157	0.501389
binom	1	0.03	0.01	0.015	0.502553
binom	1	0.05	0.01	0.01539	0.506108
binom	1	0.07	0.01	0.01518	0.505487
binom	1	0.08	0.01	0.01605	0.502436
binom	1	0.1	0.01	0.01525	0.506479
binom	1	0.2	0.01	0.01654	0.511475
binom	1	0.3	0.01	0.01482	0.513846
binom	1	0.4	0.01	0.01375	0.522167
binom	1	0.5	0.01	0.01441	0.527231
binom	1	0.6	0.01	0.01399	0.533667
binom	1	0.7	0.01	0.0133	0.534361
binom	1	0.8	0.01	0.01266	0.537733
binom	1	0.9	0.01	0.01248	0.544832
