binom	1	0	0.01	0.01758	0.498527
binom	1	0.01	0.01	0.01794	0.500429
binom	1	0.02	0.01	0.01747	0.502811
binom	1	0.03	0.01	0.01807	0.505938
binom	1	0.05	0.01	0.01715	0.511073
binom	1	0.07	0.01	0.01712	0.51625
binom	1	0.08	0.01	0.01723	0.51538
binom	1	0.1	0.01	0.01725	0.520765
binom	1	0.2	0.01	0.01694	0.541098
binom	1	0.3	0.01	0.01616	0.563236
binom	1	0.4	0.01	0.0163	0.582429
binom	1	0.5	0.01	0.01499	0.603702
binom	1	0.6	0.01	0.01383	0.625141
binom	1	0.7	0.01	0.01331	0.644786
binom	1	0.8	0.01	0.01192	0.665847
binom	1	0.9	0.01	0.01131	0.686375
