binom	1	0	0.15	0.14993	0.499156
binom	1	0.01	0.15	0.14831	0.501288
binom	1	0.02	0.15	0.14874	0.502747
binom	1	0.03	0.15	0.14809	0.503163
binom	1	0.05	0.15	0.14741	0.505619
binom	1	0.07	0.15	0.14859	0.508296
binom	1	0.08	0.15	0.14778	0.509281
binom	1	0.1	0.15	0.1459	0.510761
binom	1	0.2	0.15	0.14539	0.522322
binom	1	0.3	0.15	0.14056	0.534316
binom	1	0.4	0.15	0.13693	0.545542
binom	1	0.5	0.15	0.12655	0.557034
binom	1	0.6	0.15	0.12127	0.569211
binom	1	0.7	0.15	0.11156	0.581793
binom	1	0.8	0.15	0.10434	0.594142
binom	1	0.9	0.15	0.09276	0.607358
