binom	1	0	0.15	0.13962	0.500021
binom	1	0.01	0.15	0.13716	0.500418
binom	1	0.02	0.15	0.13949	0.502324
binom	1	0.03	0.15	0.13734	0.502044
binom	1	0.05	0.15	0.13872	0.504624
binom	1	0.07	0.15	0.13794	0.50531
binom	1	0.08	0.15	0.13684	0.506561
binom	1	0.1	0.15	0.13633	0.507961
binom	1	0.2	0.15	0.1343	0.515121
binom	1	0.3	0.15	0.13064	0.523477
binom	1	0.4	0.15	0.12702	0.531445
binom	1	0.5	0.15	0.11897	0.538833
binom	1	0.6	0.15	0.11233	0.54761
binom	1	0.7	0.15	0.1031	0.555719
binom	1	0.8	0.15	0.09433	0.564713
binom	1	0.9	0.15	0.08841	0.573284
