binom	1	0	0.15	0.14057	0.499896
binom	1	0.01	0.15	0.1422	0.50071
binom	1	0.02	0.15	0.14101	0.501905
binom	1	0.03	0.15	0.14123	0.502205
binom	1	0.05	0.15	0.13993	0.504611
binom	1	0.07	0.15	0.13973	0.506174
binom	1	0.08	0.15	0.13954	0.506041
binom	1	0.1	0.15	0.13771	0.508882
binom	1	0.2	0.15	0.13619	0.516755
binom	1	0.3	0.15	0.13342	0.524078
binom	1	0.4	0.15	0.12461	0.532246
binom	1	0.5	0.15	0.12075	0.539215
binom	1	0.6	0.15	0.11301	0.548558
binom	1	0.7	0.15	0.1046	0.557621
binom	1	0.8	0.15	0.09631	0.566188
binom	1	0.9	0.15	0.09034	0.57414
