binom	1	0	0.15	0.13702	0.499859
binom	1	0.01	0.15	0.13615	0.500875
binom	1	0.02	0.15	0.13423	0.502482
binom	1	0.03	0.15	0.13629	0.501509
binom	1	0.05	0.15	0.13786	0.50341
binom	1	0.07	0.15	0.13585	0.505145
binom	1	0.08	0.15	0.13681	0.506951
binom	1	0.1	0.15	0.13632	0.507676
binom	1	0.2	0.15	0.13286	0.515942
binom	1	0.3	0.15	0.12891	0.523916
binom	1	0.4	0.15	0.12279	0.532075
binom	1	0.5	0.15	0.11741	0.539735
binom	1	0.6	0.15	0.10871	0.547933
binom	1	0.7	0.15	0.10077	0.556549
binom	1	0.8	0.15	0.09581	0.564314
binom	1	0.9	0.15	0.08746	0.573148
