binom	1	0	0.15	0.14956	0.500203
binom	1	0.01	0.15	0.15174	0.501561
binom	1	0.02	0.15	0.14781	0.502928
binom	1	0.03	0.15	0.15006	0.505026
binom	1	0.05	0.15	0.14893	0.50751
binom	1	0.07	0.15	0.14905	0.511063
binom	1	0.08	0.15	0.15119	0.512927
binom	1	0.1	0.15	0.14941	0.515369
binom	1	0.2	0.15	0.14515	0.531499
binom	1	0.3	0.15	0.14098	0.547343
binom	1	0.4	0.15	0.1367	0.564424
binom	1	0.5	0.15	0.13022	0.58056
binom	1	0.6	0.15	0.12059	0.598187
binom	1	0.7	0.15	0.11296	0.61486
binom	1	0.8	0.15	0.105	0.632809
binom	1	0.9	0.15	0.09688	0.651242
