binom	1	0	0.15	0.13624	0.500072
binom	1	0.01	0.15	0.13391	0.500491
binom	1	0.02	0.15	0.13341	0.501285
binom	1	0.03	0.15	0.1347	0.502276
binom	1	0.05	0.15	0.13426	0.503108
binom	1	0.07	0.15	0.13453	0.504486
binom	1	0.08	0.15	0.13455	0.504585
binom	1	0.1	0.15	0.1333	0.506191
binom	1	0.2	0.15	0.13508	0.513107
binom	1	0.3	0.15	0.1269	0.518974
binom	1	0.4	0.15	0.12136	0.524972
binom	1	0.5	0.15	0.11474	0.530719
binom	1	0.6	0.15	0.10943	0.537729
binom	1	0.7	0.15	0.10078	0.542817
binom	1	0.8	0.15	0.09372	0.550237
binom	1	0.9	0.15	0.08328	0.556808
