binom	1	0	0.15	0.13754	0.499719
binom	1	0.01	0.15	0.1371	0.500245
binom	1	0.02	0.15	0.1385	0.500681
binom	1	0.03	0.15	0.13638	0.501972
binom	1	0.05	0.15	0.13634	0.502289
binom	1	0.07	0.15	0.13836	0.50375
binom	1	0.08	0.15	0.13599	0.504493
binom	1	0.1	0.15	0.13719	0.506635
binom	1	0.2	0.15	0.13435	0.513029
binom	1	0.3	0.15	0.12975	0.518983
binom	1	0.4	0.15	0.12652	0.52404
binom	1	0.5	0.15	0.1186	0.531341
binom	1	0.6	0.15	0.10983	0.537412
binom	1	0.7	0.15	0.10259	0.544044
binom	1	0.8	0.15	0.09436	0.551383
binom	1	0.9	0.15	0.0883	0.556961
