binom	1	0	0.15	0.13532	0.499074
binom	1	0.01	0.15	0.13713	0.500141
binom	1	0.02	0.15	0.13741	0.501089
binom	1	0.03	0.15	0.13746	0.50146
binom	1	0.05	0.15	0.13738	0.504006
binom	1	0.07	0.15	0.13665	0.504122
binom	1	0.08	0.15	0.1363	0.505362
binom	1	0.1	0.15	0.1352	0.506743
binom	1	0.2	0.15	0.13294	0.512928
binom	1	0.3	0.15	0.1293	0.518874
binom	1	0.4	0.15	0.12321	0.524748
binom	1	0.5	0.15	0.11549	0.530747
binom	1	0.6	0.15	0.11081	0.537788
binom	1	0.7	0.15	0.1018	0.543149
binom	1	0.8	0.15	0.09489	0.549636
binom	1	0.9	0.15	0.08542	0.556507
