binom	1	0	0.15	0.18877	0.499835
binom	1	0.01	0.15	0.18861	0.500327
binom	1	0.02	0.15	0.18819	0.501261
binom	1	0.03	0.15	0.18843	0.500829
binom	1	0.05	0.15	0.19045	0.501168
binom	1	0.07	0.15	0.18928	0.50144
binom	1	0.08	0.15	0.18991	0.502335
binom	1	0.1	0.15	0.18655	0.50215
binom	1	0.2	0.15	0.18537	0.505402
binom	1	0.3	0.15	0.1797	0.50691
binom	1	0.4	0.15	0.1709	0.509467
binom	1	0.5	0.15	0.16142	0.511575
binom	1	0.6	0.15	0.15254	0.513532
binom	1	0.7	0.15	0.1429	0.516673
binom	1	0.8	0.15	0.13074	0.518124
binom	1	0.9	0.15	0.12105	0.520632
