binom	1	0	0.15	0.14664	0.500593
binom	1	0.01	0.15	0.14777	0.501236
binom	1	0.02	0.15	0.14595	0.503409
binom	1	0.03	0.15	0.14844	0.505492
binom	1	0.05	0.15	0.14734	0.508567
binom	1	0.07	0.15	0.14524	0.512233
binom	1	0.08	0.15	0.14586	0.515049
binom	1	0.1	0.15	0.1466	0.517291
binom	1	0.2	0.15	0.14455	0.535461
binom	1	0.3	0.15	0.14041	0.553439
binom	1	0.4	0.15	0.13241	0.571137
binom	1	0.5	0.15	0.12856	0.58991
binom	1	0.6	0.15	0.11936	0.608448
binom	1	0.7	0.15	0.11121	0.627864
binom	1	0.8	0.15	0.10186	0.647435
binom	1	0.9	0.15	0.09533	0.66874
