binom	1	0	0.15	0.13508	0.499917
binom	1	0.01	0.15	0.13438	0.501665
binom	1	0.02	0.15	0.1345	0.503
binom	1	0.03	0.15	0.13516	0.504003
binom	1	0.05	0.15	0.13389	0.507159
binom	1	0.07	0.15	0.13542	0.510631
binom	1	0.08	0.15	0.13504	0.511311
binom	1	0.1	0.15	0.13641	0.514574
binom	1	0.2	0.15	0.13343	0.528385
binom	1	0.3	0.15	0.12701	0.542792
binom	1	0.4	0.15	0.12101	0.557112
binom	1	0.5	0.15	0.11733	0.572766
binom	1	0.6	0.15	0.10839	0.587513
binom	1	0.7	0.15	0.10078	0.602371
binom	1	0.8	0.15	0.09279	0.618226
binom	1	0.9	0.15	0.08688	0.63419
