binom	1	0	0.15	0.13563	0.49969
binom	1	0.01	0.15	0.13715	0.500508
binom	1	0.02	0.15	0.13654	0.503694
binom	1	0.03	0.15	0.13692	0.503941
binom	1	0.05	0.15	0.13539	0.508295
binom	1	0.07	0.15	0.13582	0.510255
binom	1	0.08	0.15	0.13559	0.511992
binom	1	0.1	0.15	0.13497	0.514408
binom	1	0.2	0.15	0.13284	0.528861
binom	1	0.3	0.15	0.12971	0.542749
binom	1	0.4	0.15	0.12467	0.557925
binom	1	0.5	0.15	0.1171	0.572155
binom	1	0.6	0.15	0.10935	0.588857
binom	1	0.7	0.15	0.10131	0.603153
binom	1	0.8	0.15	0.09352	0.618678
binom	1	0.9	0.15	0.08539	0.635544
