binom	1	0	0.15	0.17087	0.500124
binom	1	0.01	0.15	0.17177	0.501809
binom	1	0.02	0.15	0.17184	0.502815
binom	1	0.03	0.15	0.17154	0.504229
binom	1	0.05	0.15	0.17249	0.508213
binom	1	0.07	0.15	0.16942	0.512407
binom	1	0.08	0.15	0.17141	0.513742
binom	1	0.1	0.15	0.17257	0.516432
binom	1	0.2	0.15	0.16921	0.533376
binom	1	0.3	0.15	0.16322	0.55054
binom	1	0.4	0.15	0.15607	0.568246
binom	1	0.5	0.15	0.1464	0.584492
binom	1	0.6	0.15	0.13834	0.602886
binom	1	0.7	0.15	0.13003	0.620811
binom	1	0.8	0.15	0.12041	0.640933
binom	1	0.9	0.15	0.10843	0.660019
