binom	1	0	0.01	0.01956	0.500118
binom	1	0.01	0.01	0.01938	0.501894
binom	1	0.02	0.01	0.01855	0.506065
binom	1	0.03	0.01	0.01932	0.506848
binom	1	0.05	0.01	0.0195	0.509221
binom	1	0.07	0.01	0.01898	0.513941
binom	1	0.08	0.01	0.01936	0.518218
binom	1	0.1	0.01	0.01885	0.520515
binom	1	0.2	0.01	0.01882	0.541865
binom	1	0.3	0.01	0.01802	0.564145
binom	1	0.4	0.01	0.01717	0.586348
binom	1	0.5	0.01	0.01652	0.604031
binom	1	0.6	0.01	0.01536	0.625456
binom	1	0.7	0.01	0.0149	0.643134
binom	1	0.8	0.01	0.01356	0.664248
binom	1	0.9	0.01	0.0126	0.684262
