binom	1	0	0.15	0.13009	0.500157
binom	1	0.01	0.15	0.12977	0.500808
binom	1	0.02	0.15	0.12972	0.501661
binom	1	0.03	0.15	0.13152	0.501638
binom	1	0.05	0.15	0.13035	0.503671
binom	1	0.07	0.15	0.12629	0.504631
binom	1	0.08	0.15	0.13045	0.505137
binom	1	0.1	0.15	0.12889	0.506866
binom	1	0.2	0.15	0.12635	0.513067
binom	1	0.3	0.15	0.12234	0.519929
binom	1	0.4	0.15	0.1169	0.5264
binom	1	0.5	0.15	0.11081	0.532144
binom	1	0.6	0.15	0.10207	0.538877
binom	1	0.7	0.15	0.09711	0.544665
binom	1	0.8	0.15	0.08984	0.550995
binom	1	0.9	0.15	0.08009	0.555797
