binom	1	0	0.15	0.12723	0.500278
binom	1	0.01	0.15	0.12817	0.501062
binom	1	0.02	0.15	0.12728	0.502157
binom	1	0.03	0.15	0.12808	0.501366
binom	1	0.05	0.15	0.12816	0.503407
binom	1	0.07	0.15	0.12789	0.504338
binom	1	0.08	0.15	0.12723	0.504999
binom	1	0.1	0.15	0.1275	0.506122
binom	1	0.2	0.15	0.12567	0.511961
binom	1	0.3	0.15	0.12164	0.518491
binom	1	0.4	0.15	0.1154	0.524276
binom	1	0.5	0.15	0.11087	0.529431
binom	1	0.6	0.15	0.10213	0.534613
binom	1	0.7	0.15	0.09502	0.541538
binom	1	0.8	0.15	0.08953	0.546601
binom	1	0.9	0.15	0.08109	0.551079
