binom	1	0	0.15	0.12704	0.499755
binom	1	0.01	0.15	0.12846	0.500153
binom	1	0.02	0.15	0.12858	0.501232
binom	1	0.03	0.15	0.12694	0.501651
binom	1	0.05	0.15	0.1265	0.503311
binom	1	0.07	0.15	0.12971	0.503371
binom	1	0.08	0.15	0.12768	0.504236
binom	1	0.1	0.15	0.12829	0.506492
binom	1	0.2	0.15	0.12243	0.511649
binom	1	0.3	0.15	0.1218	0.518434
binom	1	0.4	0.15	0.11693	0.524172
binom	1	0.5	0.15	0.10952	0.529689
binom	1	0.6	0.15	0.10276	0.535782
binom	1	0.7	0.15	0.09559	0.541189
binom	1	0.8	0.15	0.08797	0.547284
binom	1	0.9	0.15	0.0824	0.552882
