binom	1	0	0.15	0.12993	0.500053
binom	1	0.01	0.15	0.13018	0.501584
binom	1	0.02	0.15	0.13056	0.501483
binom	1	0.03	0.15	0.1301	0.501605
binom	1	0.05	0.15	0.13015	0.503015
binom	1	0.07	0.15	0.12896	0.504013
binom	1	0.08	0.15	0.12665	0.50506
binom	1	0.1	0.15	0.1291	0.505479
binom	1	0.2	0.15	0.12571	0.512541
binom	1	0.3	0.15	0.12283	0.518027
binom	1	0.4	0.15	0.11645	0.524215
binom	1	0.5	0.15	0.1113	0.528643
binom	1	0.6	0.15	0.10428	0.535341
binom	1	0.7	0.15	0.0944	0.540802
binom	1	0.8	0.15	0.09069	0.54654
binom	1	0.9	0.15	0.08276	0.551255
