binom	1	0	0.15	0.15936	0.500097
binom	1	0.01	0.15	0.15866	0.502911
binom	1	0.02	0.15	0.15872	0.503867
binom	1	0.03	0.15	0.16058	0.505508
binom	1	0.05	0.15	0.15765	0.507989
binom	1	0.07	0.15	0.15752	0.511119
binom	1	0.08	0.15	0.15527	0.513484
binom	1	0.1	0.15	0.15653	0.516627
binom	1	0.2	0.15	0.15409	0.532959
binom	1	0.3	0.15	0.1504	0.549367
binom	1	0.4	0.15	0.14504	0.565783
binom	1	0.5	0.15	0.13696	0.582779
binom	1	0.6	0.15	0.1277	0.600788
binom	1	0.7	0.15	0.11779	0.618038
binom	1	0.8	0.15	0.11045	0.636043
binom	1	0.9	0.15	0.10204	0.654232
