binom	1	0	0.15	0.13809	0.499921
binom	1	0.01	0.15	0.13959	0.500458
binom	1	0.02	0.15	0.13866	0.501145
binom	1	0.03	0.15	0.14111	0.50194
binom	1	0.05	0.15	0.13838	0.503604
binom	1	0.07	0.15	0.1392	0.506401
binom	1	0.08	0.15	0.13909	0.506452
binom	1	0.1	0.15	0.1387	0.508161
binom	1	0.2	0.15	0.13587	0.51643
binom	1	0.3	0.15	0.1318	0.524323
binom	1	0.4	0.15	0.1244	0.532542
binom	1	0.5	0.15	0.11857	0.541035
binom	1	0.6	0.15	0.11068	0.549159
binom	1	0.7	0.15	0.10523	0.557569
binom	1	0.8	0.15	0.09616	0.566476
binom	1	0.9	0.15	0.0886	0.575555
