binom	1	0	0.15	0.15089	0.500796
binom	1	0.01	0.15	0.15315	0.502225
binom	1	0.02	0.15	0.15205	0.504222
binom	1	0.03	0.15	0.15121	0.505623
binom	1	0.05	0.15	0.15224	0.510434
binom	1	0.07	0.15	0.15043	0.512942
binom	1	0.08	0.15	0.15243	0.515523
binom	1	0.1	0.15	0.15015	0.519243
binom	1	0.2	0.15	0.14671	0.538016
binom	1	0.3	0.15	0.1429	0.557358
binom	1	0.4	0.15	0.1375	0.577013
binom	1	0.5	0.15	0.13075	0.59709
binom	1	0.6	0.15	0.12261	0.617813
binom	1	0.7	0.15	0.11464	0.638196
binom	1	0.8	0.15	0.10612	0.660139
binom	1	0.9	0.15	0.09762	0.682467
