binom	1	0	0.15	0.13432	0.499811
binom	1	0.01	0.15	0.13455	0.500615
binom	1	0.02	0.15	0.13349	0.500425
binom	1	0.03	0.15	0.1328	0.501709
binom	1	0.05	0.15	0.13257	0.502765
binom	1	0.07	0.15	0.13255	0.504297
binom	1	0.08	0.15	0.13324	0.504342
binom	1	0.1	0.15	0.13265	0.506225
binom	1	0.2	0.15	0.12918	0.511835
binom	1	0.3	0.15	0.126	0.518944
binom	1	0.4	0.15	0.12226	0.52539
binom	1	0.5	0.15	0.11335	0.531282
binom	1	0.6	0.15	0.10643	0.537371
binom	1	0.7	0.15	0.09904	0.543658
binom	1	0.8	0.15	0.09311	0.550717
binom	1	0.9	0.15	0.08451	0.557153
