binom	1	0	0.15	0.13877	0.500141
binom	1	0.01	0.15	0.13773	0.501344
binom	1	0.02	0.15	0.13937	0.501058
binom	1	0.03	0.15	0.13624	0.50222
binom	1	0.05	0.15	0.13942	0.503032
binom	1	0.07	0.15	0.13828	0.504543
binom	1	0.08	0.15	0.13834	0.504621
binom	1	0.1	0.15	0.13877	0.505838
binom	1	0.2	0.15	0.13505	0.512377
binom	1	0.3	0.15	0.12981	0.518415
binom	1	0.4	0.15	0.1255	0.525018
binom	1	0.5	0.15	0.11933	0.53123
binom	1	0.6	0.15	0.11208	0.536963
binom	1	0.7	0.15	0.10406	0.543568
binom	1	0.8	0.15	0.09559	0.551276
binom	1	0.9	0.15	0.08666	0.557142
