binom	1	0	0.15	0.13184	0.500008
binom	1	0.01	0.15	0.13052	0.500106
binom	1	0.02	0.15	0.1292	0.499764
binom	1	0.03	0.15	0.12983	0.500185
binom	1	0.05	0.15	0.1307	0.501802
binom	1	0.07	0.15	0.13163	0.502149
binom	1	0.08	0.15	0.12942	0.502131
binom	1	0.1	0.15	0.13185	0.502843
binom	1	0.2	0.15	0.1269	0.504968
binom	1	0.3	0.15	0.12235	0.508692
binom	1	0.4	0.15	0.11867	0.511001
binom	1	0.5	0.15	0.111	0.514077
binom	1	0.6	0.15	0.10396	0.515886
binom	1	0.7	0.15	0.09691	0.517842
binom	1	0.8	0.15	0.08988	0.520077
binom	1	0.9	0.15	0.08181	0.523298
