binom	1	0	0.15	0.1331	0.500065
binom	1	0.01	0.15	0.13194	0.502229
binom	1	0.02	0.15	0.12985	0.503101
binom	1	0.03	0.15	0.13293	0.505036
binom	1	0.05	0.15	0.12998	0.510535
binom	1	0.07	0.15	0.13217	0.513194
binom	1	0.08	0.15	0.12991	0.515898
binom	1	0.1	0.15	0.13042	0.519838
binom	1	0.2	0.15	0.12763	0.538178
binom	1	0.3	0.15	0.12383	0.557845
binom	1	0.4	0.15	0.11744	0.578083
binom	1	0.5	0.15	0.11132	0.597345
binom	1	0.6	0.15	0.10708	0.616488
binom	1	0.7	0.15	0.09917	0.635983
binom	1	0.8	0.15	0.09277	0.656153
binom	1	0.9	0.15	0.08226	0.674944
