binom	1	0	0.15	0.12838	0.500132
binom	1	0.01	0.15	0.1285	0.504104
binom	1	0.02	0.15	0.13037	0.50611
binom	1	0.03	0.15	0.12856	0.510565
binom	1	0.05	0.15	0.12851	0.51666
binom	1	0.07	0.15	0.12866	0.52405
binom	1	0.08	0.15	0.12895	0.527556
binom	1	0.1	0.15	0.13082	0.53446
binom	1	0.2	0.15	0.1235	0.568298
binom	1	0.3	0.15	0.11996	0.604066
binom	1	0.4	0.15	0.11543	0.640583
binom	1	0.5	0.15	0.10788	0.678715
binom	1	0.6	0.15	0.10184	0.717556
binom	1	0.7	0.15	0.09421	0.758251
binom	1	0.8	0.15	0.08684	0.800266
binom	1	0.9	0.15	0.07981	0.843832
