binom	1	0	0.15	0.13005	0.499283
binom	1	0.01	0.15	0.12846	0.501628
binom	1	0.02	0.15	0.12806	0.505116
binom	1	0.03	0.15	0.1299	0.506567
binom	1	0.05	0.15	0.12696	0.51159
binom	1	0.07	0.15	0.12858	0.517032
binom	1	0.08	0.15	0.12843	0.518732
binom	1	0.1	0.15	0.12795	0.523488
binom	1	0.2	0.15	0.12568	0.547474
binom	1	0.3	0.15	0.12145	0.572115
binom	1	0.4	0.15	0.11297	0.596866
binom	1	0.5	0.15	0.10789	0.622847
binom	1	0.6	0.15	0.09871	0.649061
binom	1	0.7	0.15	0.0889	0.676456
binom	1	0.8	0.15	0.08004	0.706171
binom	1	0.9	0.15	0.0714	0.736602
