binom	1	0	0.01	0.02096	0.49844
binom	1	0.01	0.01	0.0225	0.499009
binom	1	0.02	0.01	0.02245	0.502976
binom	1	0.03	0.01	0.02253	0.503404
binom	1	0.05	0.01	0.02206	0.504157
binom	1	0.07	0.01	0.0217	0.504525
binom	1	0.08	0.01	0.0209	0.506464
binom	1	0.1	0.01	0.0222	0.50864
binom	1	0.2	0.01	0.02199	0.516312
binom	1	0.3	0.01	0.02019	0.523145
binom	1	0.4	0.01	0.01944	0.530658
binom	1	0.5	0.01	0.01893	0.538806
binom	1	0.6	0.01	0.0177	0.54691
binom	1	0.7	0.01	0.01706	0.55507
binom	1	0.8	0.01	0.01584	0.564804
binom	1	0.9	0.01	0.01541	0.57377
