binom	1	0	0.01	0.0221	0.501765
binom	1	0.01	0.01	0.02158	0.498902
binom	1	0.02	0.01	0.02171	0.500562
binom	1	0.03	0.01	0.02196	0.502049
binom	1	0.05	0.01	0.02241	0.504413
binom	1	0.07	0.01	0.02212	0.505552
binom	1	0.08	0.01	0.02137	0.505587
binom	1	0.1	0.01	0.0213	0.510155
binom	1	0.2	0.01	0.02134	0.517231
binom	1	0.3	0.01	0.0208	0.522163
binom	1	0.4	0.01	0.01925	0.531055
binom	1	0.5	0.01	0.01941	0.540464
binom	1	0.6	0.01	0.01838	0.545947
binom	1	0.7	0.01	0.0171	0.552497
binom	1	0.8	0.01	0.01592	0.561451
binom	1	0.9	0.01	0.01553	0.569369
