binom	1	0	0.01	0.02138	0.499841
binom	1	0.01	0.01	0.02189	0.502147
binom	1	0.02	0.01	0.02131	0.500943
binom	1	0.03	0.01	0.02215	0.503368
binom	1	0.05	0.01	0.0217	0.504488
binom	1	0.07	0.01	0.02183	0.505103
binom	1	0.08	0.01	0.02157	0.50771
binom	1	0.1	0.01	0.02265	0.506561
binom	1	0.2	0.01	0.02011	0.517782
binom	1	0.3	0.01	0.02074	0.524094
binom	1	0.4	0.01	0.01933	0.531681
binom	1	0.5	0.01	0.01815	0.539201
binom	1	0.6	0.01	0.01788	0.546795
binom	1	0.7	0.01	0.01653	0.557852
binom	1	0.8	0.01	0.01607	0.562141
binom	1	0.9	0.01	0.01571	0.571095
