binom	1	0	0.01	0.0207	0.499498
binom	1	0.01	0.01	0.02079	0.502227
binom	1	0.02	0.01	0.02183	0.502364
binom	1	0.03	0.01	0.02103	0.504156
binom	1	0.05	0.01	0.02024	0.50668
binom	1	0.07	0.01	0.02079	0.510106
binom	1	0.08	0.01	0.02104	0.509268
binom	1	0.1	0.01	0.02095	0.513246
binom	1	0.2	0.01	0.02061	0.52638
binom	1	0.3	0.01	0.0196	0.537821
binom	1	0.4	0.01	0.02015	0.550988
binom	1	0.5	0.01	0.01745	0.565181
binom	1	0.6	0.01	0.01799	0.578216
binom	1	0.7	0.01	0.01666	0.588169
binom	1	0.8	0.01	0.01557	0.600668
binom	1	0.9	0.01	0.01421	0.613863
