binom	1	0	0.15	0.15967	0.500289
binom	1	0.01	0.15	0.15917	0.502257
binom	1	0.02	0.15	0.15692	0.503293
binom	1	0.03	0.15	0.15781	0.505216
binom	1	0.05	0.15	0.15649	0.508155
binom	1	0.07	0.15	0.15791	0.51183
binom	1	0.08	0.15	0.15965	0.513667
binom	1	0.1	0.15	0.15861	0.517242
binom	1	0.2	0.15	0.15462	0.535124
binom	1	0.3	0.15	0.15067	0.55157
binom	1	0.4	0.15	0.14353	0.569234
binom	1	0.5	0.15	0.13612	0.587516
binom	1	0.6	0.15	0.12957	0.605575
binom	1	0.7	0.15	0.12045	0.623614
binom	1	0.8	0.15	0.11231	0.643086
binom	1	0.9	0.15	0.10027	0.663498
