binom	1	0	0.15	0.12875	0.500283
binom	1	0.01	0.15	0.12982	0.500337
binom	1	0.02	0.15	0.12726	0.500798
binom	1	0.03	0.15	0.12686	0.502028
binom	1	0.05	0.15	0.12762	0.502739
binom	1	0.07	0.15	0.12655	0.504341
binom	1	0.08	0.15	0.12794	0.504531
binom	1	0.1	0.15	0.12691	0.506119
binom	1	0.2	0.15	0.1245	0.512034
binom	1	0.3	0.15	0.11997	0.517784
binom	1	0.4	0.15	0.11431	0.524126
binom	1	0.5	0.15	0.10964	0.530155
binom	1	0.6	0.15	0.10279	0.535826
binom	1	0.7	0.15	0.09551	0.541681
binom	1	0.8	0.15	0.08835	0.547334
binom	1	0.9	0.15	0.08296	0.552003
