binom	1	0	0.15	0.15817	0.499595
binom	1	0.01	0.15	0.15827	0.500619
binom	1	0.02	0.15	0.16097	0.503355
binom	1	0.03	0.15	0.15972	0.505425
binom	1	0.05	0.15	0.15846	0.508037
binom	1	0.07	0.15	0.15981	0.511681
binom	1	0.08	0.15	0.15872	0.513184
binom	1	0.1	0.15	0.15829	0.516249
binom	1	0.2	0.15	0.15226	0.532586
binom	1	0.3	0.15	0.15056	0.54821
binom	1	0.4	0.15	0.14359	0.566707
binom	1	0.5	0.15	0.13653	0.583331
binom	1	0.6	0.15	0.12929	0.60091
binom	1	0.7	0.15	0.11864	0.617464
binom	1	0.8	0.15	0.11049	0.635828
binom	1	0.9	0.15	0.10192	0.654551
