binom	1	0	0.15	0.13122	0.50029
binom	1	0.01	0.15	0.12997	0.500348
binom	1	0.02	0.15	0.13019	0.500197
binom	1	0.03	0.15	0.13033	0.501231
binom	1	0.05	0.15	0.13002	0.501564
binom	1	0.07	0.15	0.12798	0.503058
binom	1	0.08	0.15	0.12945	0.503343
binom	1	0.1	0.15	0.1282	0.503446
binom	1	0.2	0.15	0.12552	0.506904
binom	1	0.3	0.15	0.12362	0.510197
binom	1	0.4	0.15	0.1175	0.512539
binom	1	0.5	0.15	0.11232	0.517334
binom	1	0.6	0.15	0.10381	0.521101
binom	1	0.7	0.15	0.09738	0.523671
binom	1	0.8	0.15	0.08823	0.526552
binom	1	0.9	0.15	0.08257	0.529311
