binom	1	0	0.15	0.15532	0.500643
binom	1	0.01	0.15	0.15449	0.501111
binom	1	0.02	0.15	0.15325	0.503173
binom	1	0.03	0.15	0.15284	0.505114
binom	1	0.05	0.15	0.15283	0.50864
binom	1	0.07	0.15	0.15461	0.511543
binom	1	0.08	0.15	0.15449	0.513837
binom	1	0.1	0.15	0.15261	0.516767
binom	1	0.2	0.15	0.15126	0.534145
binom	1	0.3	0.15	0.1471	0.551734
binom	1	0.4	0.15	0.13984	0.56987
binom	1	0.5	0.15	0.13334	0.587339
binom	1	0.6	0.15	0.12705	0.605906
binom	1	0.7	0.15	0.11401	0.624186
binom	1	0.8	0.15	0.10715	0.643798
binom	1	0.9	0.15	0.09752	0.663273
