binom	1	0	0.15	0.15293	0.499869
binom	1	0.01	0.15	0.15296	0.501412
binom	1	0.02	0.15	0.15292	0.503397
binom	1	0.03	0.15	0.15053	0.50558
binom	1	0.05	0.15	0.1527	0.509798
binom	1	0.07	0.15	0.15207	0.512647
binom	1	0.08	0.15	0.15102	0.514237
binom	1	0.1	0.15	0.15119	0.518573
binom	1	0.2	0.15	0.15051	0.537788
binom	1	0.3	0.15	0.14348	0.556387
binom	1	0.4	0.15	0.13879	0.575863
binom	1	0.5	0.15	0.13075	0.594759
binom	1	0.6	0.15	0.12421	0.614301
binom	1	0.7	0.15	0.11437	0.634673
binom	1	0.8	0.15	0.10768	0.655517
binom	1	0.9	0.15	0.09823	0.676275
