binom	1	0	0.15	0.15807	0.499771
binom	1	0.01	0.15	0.15768	0.502046
binom	1	0.02	0.15	0.15841	0.502658
binom	1	0.03	0.15	0.16011	0.505012
binom	1	0.05	0.15	0.1566	0.508837
binom	1	0.07	0.15	0.15723	0.512035
binom	1	0.08	0.15	0.15773	0.514071
binom	1	0.1	0.15	0.15722	0.51722
binom	1	0.2	0.15	0.15376	0.534252
binom	1	0.3	0.15	0.1485	0.552784
binom	1	0.4	0.15	0.14431	0.570889
binom	1	0.5	0.15	0.13672	0.588925
binom	1	0.6	0.15	0.12865	0.607935
binom	1	0.7	0.15	0.11754	0.626807
binom	1	0.8	0.15	0.11048	0.64714
binom	1	0.9	0.15	0.10041	0.667115
