binom	1	0	0.2	0.16507	0.499481
binom	1	0.01	0.2	0.16563	0.501732
binom	1	0.02	0.2	0.16545	0.503084
binom	1	0.03	0.2	0.16621	0.504968
binom	1	0.05	0.2	0.16617	0.507965
binom	1	0.07	0.2	0.16634	0.511719
binom	1	0.08	0.2	0.16762	0.513435
binom	1	0.1	0.2	0.16559	0.516404
binom	1	0.2	0.2	0.16385	0.533795
binom	1	0.3	0.2	0.15878	0.551122
binom	1	0.4	0.2	0.15056	0.568402
binom	1	0.5	0.2	0.14542	0.586361
binom	1	0.6	0.2	0.13681	0.605018
binom	1	0.7	0.2	0.12739	0.624837
binom	1	0.8	0.2	0.11822	0.644957
binom	1	0.9	0.2	0.10965	0.665537
