binom	1	0	0.2	0.16903	0.499916
binom	1	0.01	0.2	0.16517	0.501819
binom	1	0.02	0.2	0.16641	0.503341
binom	1	0.03	0.2	0.16493	0.504954
binom	1	0.05	0.2	0.16662	0.50828
binom	1	0.07	0.2	0.16533	0.511365
binom	1	0.08	0.2	0.1627	0.513539
binom	1	0.1	0.2	0.1659	0.516376
binom	1	0.2	0.2	0.16497	0.533549
binom	1	0.3	0.2	0.1583	0.550774
binom	1	0.4	0.2	0.15099	0.568309
binom	1	0.5	0.2	0.14702	0.586008
binom	1	0.6	0.2	0.13754	0.605117
binom	1	0.7	0.2	0.12625	0.623991
binom	1	0.8	0.2	0.11856	0.644146
binom	1	0.9	0.2	0.10718	0.665208
