binom	1	0	0.2	0.16552	0.500147
binom	1	0.01	0.2	0.16628	0.501364
binom	1	0.02	0.2	0.16727	0.503432
binom	1	0.03	0.2	0.16648	0.505145
binom	1	0.05	0.2	0.16587	0.508433
binom	1	0.07	0.2	0.16651	0.511628
binom	1	0.08	0.2	0.16631	0.513263
binom	1	0.1	0.2	0.16601	0.51655
binom	1	0.2	0.2	0.16321	0.533762
binom	1	0.3	0.2	0.15772	0.550641
binom	1	0.4	0.2	0.15398	0.568594
binom	1	0.5	0.2	0.14463	0.586273
binom	1	0.6	0.2	0.13501	0.605424
binom	1	0.7	0.2	0.12687	0.624625
binom	1	0.8	0.2	0.11727	0.644446
binom	1	0.9	0.2	0.108	0.665516
