binom	1	0	0.2	0.16623	0.500398
binom	1	0.01	0.2	0.16813	0.501647
binom	1	0.02	0.2	0.16525	0.503421
binom	1	0.03	0.2	0.16789	0.505691
binom	1	0.05	0.2	0.16522	0.508499
binom	1	0.07	0.2	0.16651	0.51178
binom	1	0.08	0.2	0.16682	0.513443
binom	1	0.1	0.2	0.16626	0.516857
binom	1	0.2	0.2	0.16144	0.533799
binom	1	0.3	0.2	0.1589	0.551427
binom	1	0.4	0.2	0.15407	0.568938
binom	1	0.5	0.2	0.14453	0.587269
binom	1	0.6	0.2	0.13531	0.606443
binom	1	0.7	0.2	0.12567	0.625917
binom	1	0.8	0.2	0.11837	0.645937
binom	1	0.9	0.2	0.11083	0.667054
