binom	1	0	0.2	0.16548	0.500025
binom	1	0.01	0.2	0.16489	0.501886
binom	1	0.02	0.2	0.16854	0.503281
binom	1	0.03	0.2	0.16636	0.50455
binom	1	0.05	0.2	0.16682	0.508647
binom	1	0.07	0.2	0.16648	0.5118
binom	1	0.08	0.2	0.16611	0.513589
binom	1	0.1	0.2	0.16528	0.516862
binom	1	0.2	0.2	0.16146	0.534138
binom	1	0.3	0.2	0.15814	0.55097
binom	1	0.4	0.2	0.15021	0.568188
binom	1	0.5	0.2	0.14513	0.586192
binom	1	0.6	0.2	0.13819	0.605026
binom	1	0.7	0.2	0.12828	0.624871
binom	1	0.8	0.2	0.11809	0.644634
binom	1	0.9	0.2	0.10813	0.666054
