binom	1	0	0.2	0.16738	0.499882
binom	1	0.01	0.2	0.16685	0.50173
binom	1	0.02	0.2	0.1678	0.50353
binom	1	0.03	0.2	0.16686	0.505003
binom	1	0.05	0.2	0.16643	0.508041
binom	1	0.07	0.2	0.1666	0.511858
binom	1	0.08	0.2	0.16594	0.513371
binom	1	0.1	0.2	0.16316	0.51657
binom	1	0.2	0.2	0.1628	0.533464
binom	1	0.3	0.2	0.15908	0.550988
binom	1	0.4	0.2	0.15292	0.56855
binom	1	0.5	0.2	0.14376	0.58627
binom	1	0.6	0.2	0.13744	0.604872
binom	1	0.7	0.2	0.12733	0.624343
binom	1	0.8	0.2	0.11903	0.644316
binom	1	0.9	0.2	0.10831	0.665613
