binom	1	0	0.2	0.16655	0.500368
binom	1	0.01	0.2	0.16524	0.501616
binom	1	0.02	0.2	0.1672	0.503275
binom	1	0.03	0.2	0.16639	0.504938
binom	1	0.05	0.2	0.16758	0.508251
binom	1	0.07	0.2	0.16466	0.512099
binom	1	0.08	0.2	0.16599	0.513633
binom	1	0.1	0.2	0.16487	0.516564
binom	1	0.2	0.2	0.16204	0.533727
binom	1	0.3	0.2	0.15913	0.550721
binom	1	0.4	0.2	0.15305	0.568475
binom	1	0.5	0.2	0.14605	0.586481
binom	1	0.6	0.2	0.13717	0.604836
binom	1	0.7	0.2	0.12486	0.624599
binom	1	0.8	0.2	0.11835	0.644623
binom	1	0.9	0.2	0.10751	0.665892
