binom	1	0	0.2	0.16831	0.500112
binom	1	0.01	0.2	0.16598	0.501652
binom	1	0.02	0.2	0.16637	0.503206
binom	1	0.03	0.2	0.16759	0.504942
binom	1	0.05	0.2	0.16671	0.508431
binom	1	0.07	0.2	0.16589	0.511991
binom	1	0.08	0.2	0.1633	0.513355
binom	1	0.1	0.2	0.16778	0.516719
binom	1	0.2	0.2	0.16378	0.533892
binom	1	0.3	0.2	0.15755	0.55092
binom	1	0.4	0.2	0.15236	0.568445
binom	1	0.5	0.2	0.14508	0.586468
binom	1	0.6	0.2	0.13583	0.604994
binom	1	0.7	0.2	0.12635	0.624334
binom	1	0.8	0.2	0.11825	0.64453
binom	1	0.9	0.2	0.10834	0.665643
