binom	1	0	0.2	0.16673	0.500275
binom	1	0.01	0.2	0.16812	0.501716
binom	1	0.02	0.2	0.16782	0.50376
binom	1	0.03	0.2	0.16507	0.505121
binom	1	0.05	0.2	0.16503	0.508731
binom	1	0.07	0.2	0.16697	0.512085
binom	1	0.08	0.2	0.16699	0.513657
binom	1	0.1	0.2	0.16623	0.516991
binom	1	0.2	0.2	0.16331	0.534574
binom	1	0.3	0.2	0.15829	0.551611
binom	1	0.4	0.2	0.1539	0.569253
binom	1	0.5	0.2	0.14562	0.587174
binom	1	0.6	0.2	0.13455	0.606162
binom	1	0.7	0.2	0.12668	0.625172
binom	1	0.8	0.2	0.11898	0.64559
binom	1	0.9	0.2	0.10829	0.666823
