binom	1	0	0.2	0.16842	0.50025
binom	1	0.01	0.2	0.16621	0.501656
binom	1	0.02	0.2	0.1671	0.503161
binom	1	0.03	0.2	0.16658	0.505017
binom	1	0.05	0.2	0.16668	0.508347
binom	1	0.07	0.2	0.16611	0.511585
binom	1	0.08	0.2	0.16659	0.513224
binom	1	0.1	0.2	0.164	0.516818
binom	1	0.2	0.2	0.16356	0.53428
binom	1	0.3	0.2	0.15834	0.551816
binom	1	0.4	0.2	0.1517	0.56876
binom	1	0.5	0.2	0.14372	0.587439
binom	1	0.6	0.2	0.13453	0.605048
binom	1	0.7	0.2	0.12534	0.625065
binom	1	0.8	0.2	0.11845	0.645534
binom	1	0.9	0.2	0.10827	0.66655
