binom	1	0	0.2	0.16793	0.499575
binom	1	0.01	0.2	0.1679	0.501871
binom	1	0.02	0.2	0.16545	0.503642
binom	1	0.03	0.2	0.16583	0.505346
binom	1	0.05	0.2	0.16731	0.508636
binom	1	0.07	0.2	0.16813	0.511674
binom	1	0.08	0.2	0.16559	0.51345
binom	1	0.1	0.2	0.16628	0.516912
binom	1	0.2	0.2	0.16257	0.533712
binom	1	0.3	0.2	0.15884	0.55118
binom	1	0.4	0.2	0.15139	0.5688
binom	1	0.5	0.2	0.1455	0.586847
binom	1	0.6	0.2	0.13645	0.605597
binom	1	0.7	0.2	0.12591	0.625282
binom	1	0.8	0.2	0.11936	0.644782
binom	1	0.9	0.2	0.10978	0.666008
