binom	1	0	0.2	0.1671	0.499846
binom	1	0.01	0.2	0.16515	0.501684
binom	1	0.02	0.2	0.16769	0.503563
binom	1	0.03	0.2	0.16635	0.504928
binom	1	0.05	0.2	0.16669	0.508426
binom	1	0.07	0.2	0.16429	0.512017
binom	1	0.08	0.2	0.16392	0.51364
binom	1	0.1	0.2	0.16471	0.516856
binom	1	0.2	0.2	0.1642	0.534152
binom	1	0.3	0.2	0.15897	0.551001
binom	1	0.4	0.2	0.1525	0.56841
binom	1	0.5	0.2	0.14526	0.586846
binom	1	0.6	0.2	0.1346	0.605164
binom	1	0.7	0.2	0.12476	0.624533
binom	1	0.8	0.2	0.11536	0.64571
binom	1	0.9	0.2	0.10824	0.66675
