binom	1	0	0.2	0.16719	0.500364
binom	1	0.01	0.2	0.16563	0.501674
binom	1	0.02	0.2	0.16511	0.503284
binom	1	0.03	0.2	0.16718	0.505006
binom	1	0.05	0.2	0.1686	0.508483
binom	1	0.07	0.2	0.16511	0.512123
binom	1	0.08	0.2	0.16545	0.513542
binom	1	0.1	0.2	0.16749	0.516805
binom	1	0.2	0.2	0.1645	0.533735
binom	1	0.3	0.2	0.15923	0.550402
binom	1	0.4	0.2	0.15227	0.56807
binom	1	0.5	0.2	0.14349	0.585989
binom	1	0.6	0.2	0.13847	0.605143
binom	1	0.7	0.2	0.12691	0.624032
binom	1	0.8	0.2	0.11754	0.644531
binom	1	0.9	0.2	0.10931	0.665463
