binom	1	0	0.2	0.16626	0.499737
binom	1	0.01	0.2	0.16628	0.502192
binom	1	0.02	0.2	0.16745	0.503643
binom	1	0.03	0.2	0.16797	0.504804
binom	1	0.05	0.2	0.16523	0.508634
binom	1	0.07	0.2	0.1657	0.512026
binom	1	0.08	0.2	0.16615	0.513228
binom	1	0.1	0.2	0.16404	0.51749
binom	1	0.2	0.2	0.164	0.533858
binom	1	0.3	0.2	0.16033	0.550921
binom	1	0.4	0.2	0.15212	0.569231
binom	1	0.5	0.2	0.14492	0.586539
binom	1	0.6	0.2	0.13556	0.605705
binom	1	0.7	0.2	0.12634	0.624978
binom	1	0.8	0.2	0.11818	0.645549
binom	1	0.9	0.2	0.10886	0.665816
