binom	1	0	0.2	0.16594	0.500318
binom	1	0.01	0.2	0.16663	0.501789
binom	1	0.02	0.2	0.16752	0.503159
binom	1	0.03	0.2	0.16602	0.505202
binom	1	0.05	0.2	0.16576	0.508458
binom	1	0.07	0.2	0.16492	0.511507
binom	1	0.08	0.2	0.16537	0.513375
binom	1	0.1	0.2	0.16717	0.516957
binom	1	0.2	0.2	0.16421	0.533821
binom	1	0.3	0.2	0.15902	0.551001
binom	1	0.4	0.2	0.15284	0.568494
binom	1	0.5	0.2	0.14518	0.586477
binom	1	0.6	0.2	0.13471	0.605322
binom	1	0.7	0.2	0.12944	0.624261
binom	1	0.8	0.2	0.1191	0.644553
binom	1	0.9	0.2	0.10837	0.665912
