binom	1	0	0.2	0.16742	0.500043
binom	1	0.01	0.2	0.16851	0.501795
binom	1	0.02	0.2	0.16774	0.503354
binom	1	0.03	0.2	0.16679	0.50501
binom	1	0.05	0.2	0.16382	0.508073
binom	1	0.07	0.2	0.16691	0.511506
binom	1	0.08	0.2	0.16706	0.513266
binom	1	0.1	0.2	0.16533	0.516553
binom	1	0.2	0.2	0.16224	0.533606
binom	1	0.3	0.2	0.15822	0.550682
binom	1	0.4	0.2	0.15088	0.568569
binom	1	0.5	0.2	0.14335	0.58667
binom	1	0.6	0.2	0.13604	0.604485
binom	1	0.7	0.2	0.12817	0.623851
binom	1	0.8	0.2	0.11706	0.644712
binom	1	0.9	0.2	0.10763	0.66531
