binom	1	0	0.2	0.16679	0.499766
binom	1	0.01	0.2	0.1674	0.501698
binom	1	0.02	0.2	0.16602	0.503374
binom	1	0.03	0.2	0.16565	0.50505
binom	1	0.05	0.2	0.16674	0.508867
binom	1	0.07	0.2	0.16654	0.512092
binom	1	0.08	0.2	0.16634	0.513474
binom	1	0.1	0.2	0.16488	0.516858
binom	1	0.2	0.2	0.16125	0.533917
binom	1	0.3	0.2	0.15597	0.551493
binom	1	0.4	0.2	0.15165	0.56853
binom	1	0.5	0.2	0.14484	0.587405
binom	1	0.6	0.2	0.13615	0.606171
binom	1	0.7	0.2	0.12786	0.625644
binom	1	0.8	0.2	0.12042	0.646222
binom	1	0.9	0.2	0.10806	0.667279
