binom	1	0	0.2	0.16755	0.500029
binom	1	0.01	0.2	0.16837	0.501534
binom	1	0.02	0.2	0.16694	0.503411
binom	1	0.03	0.2	0.16489	0.505105
binom	1	0.05	0.2	0.16727	0.508494
binom	1	0.07	0.2	0.16563	0.511616
binom	1	0.08	0.2	0.16813	0.5134
binom	1	0.1	0.2	0.1663	0.51663
binom	1	0.2	0.2	0.16317	0.533439
binom	1	0.3	0.2	0.1579	0.551189
binom	1	0.4	0.2	0.15227	0.568023
binom	1	0.5	0.2	0.14357	0.586104
binom	1	0.6	0.2	0.13667	0.604641
binom	1	0.7	0.2	0.12671	0.624015
binom	1	0.8	0.2	0.11749	0.644406
binom	1	0.9	0.2	0.10803	0.664909
