binom	1	0	0.2	0.1659	0.499979
binom	1	0.01	0.2	0.16612	0.50145
binom	1	0.02	0.2	0.16692	0.50342
binom	1	0.03	0.2	0.16737	0.505159
binom	1	0.05	0.2	0.16796	0.508294
binom	1	0.07	0.2	0.168	0.511895
binom	1	0.08	0.2	0.16621	0.513326
binom	1	0.1	0.2	0.16494	0.517035
binom	1	0.2	0.2	0.16335	0.533912
binom	1	0.3	0.2	0.15924	0.550835
binom	1	0.4	0.2	0.15007	0.568393
binom	1	0.5	0.2	0.14412	0.586111
binom	1	0.6	0.2	0.1346	0.6047
binom	1	0.7	0.2	0.1272	0.624469
binom	1	0.8	0.2	0.119	0.644682
binom	1	0.9	0.2	0.10673	0.665588
