binom	1	0	0.2	0.16637	0.49998
binom	1	0.01	0.2	0.16553	0.501581
binom	1	0.02	0.2	0.1654	0.503201
binom	1	0.03	0.2	0.16496	0.505204
binom	1	0.05	0.2	0.16509	0.508265
binom	1	0.07	0.2	0.16609	0.511562
binom	1	0.08	0.2	0.16733	0.513501
binom	1	0.1	0.2	0.16491	0.516956
binom	1	0.2	0.2	0.16612	0.533956
binom	1	0.3	0.2	0.15717	0.550689
binom	1	0.4	0.2	0.15304	0.568069
binom	1	0.5	0.2	0.14479	0.586186
binom	1	0.6	0.2	0.13574	0.604827
binom	1	0.7	0.2	0.12723	0.624397
binom	1	0.8	0.2	0.11735	0.644861
binom	1	0.9	0.2	0.10996	0.6658
