binom	1	0	0.2	0.16563	0.499906
binom	1	0.01	0.2	0.16739	0.501376
binom	1	0.02	0.2	0.16894	0.503305
binom	1	0.03	0.2	0.16734	0.50476
binom	1	0.05	0.2	0.16396	0.508726
binom	1	0.07	0.2	0.16841	0.511977
binom	1	0.08	0.2	0.16802	0.513708
binom	1	0.1	0.2	0.16629	0.517096
binom	1	0.2	0.2	0.16195	0.534161
binom	1	0.3	0.2	0.15978	0.55114
binom	1	0.4	0.2	0.15291	0.568189
binom	1	0.5	0.2	0.14436	0.586859
binom	1	0.6	0.2	0.13503	0.605647
binom	1	0.7	0.2	0.12625	0.62522
binom	1	0.8	0.2	0.11594	0.644751
binom	1	0.9	0.2	0.10897	0.66574
