binom	1	0	0.2	0.16524	0.500337
binom	1	0.01	0.2	0.1644	0.501744
binom	1	0.02	0.2	0.16418	0.503228
binom	1	0.03	0.2	0.16543	0.504606
binom	1	0.05	0.2	0.16626	0.508398
binom	1	0.07	0.2	0.16585	0.511663
binom	1	0.08	0.2	0.16508	0.513339
binom	1	0.1	0.2	0.16514	0.516867
binom	1	0.2	0.2	0.16291	0.533585
binom	1	0.3	0.2	0.15957	0.550728
binom	1	0.4	0.2	0.15264	0.568116
binom	1	0.5	0.2	0.14556	0.586264
binom	1	0.6	0.2	0.1343	0.604875
binom	1	0.7	0.2	0.12757	0.624243
binom	1	0.8	0.2	0.11916	0.644291
binom	1	0.9	0.2	0.10815	0.665395
