binom	1	0	0.2	0.16671	0.500009
binom	1	0.01	0.2	0.16743	0.50138
binom	1	0.02	0.2	0.16682	0.502973
binom	1	0.03	0.2	0.1673	0.504974
binom	1	0.05	0.2	0.16565	0.508329
binom	1	0.07	0.2	0.1674	0.511817
binom	1	0.08	0.2	0.16451	0.513306
binom	1	0.1	0.2	0.16419	0.516556
binom	1	0.2	0.2	0.16328	0.533744
binom	1	0.3	0.2	0.16062	0.550659
binom	1	0.4	0.2	0.15231	0.568273
binom	1	0.5	0.2	0.14361	0.58618
binom	1	0.6	0.2	0.13767	0.605154
binom	1	0.7	0.2	0.12958	0.624411
binom	1	0.8	0.2	0.11867	0.644531
binom	1	0.9	0.2	0.10781	0.666018
