binom	1	0	0.2	0.16581	0.499936
binom	1	0.01	0.2	0.16864	0.501699
binom	1	0.02	0.2	0.16636	0.503321
binom	1	0.03	0.2	0.16737	0.505091
binom	1	0.05	0.2	0.16323	0.507958
binom	1	0.07	0.2	0.16389	0.511542
binom	1	0.08	0.2	0.16579	0.513263
binom	1	0.1	0.2	0.16479	0.516784
binom	1	0.2	0.2	0.16279	0.533812
binom	1	0.3	0.2	0.15943	0.550766
binom	1	0.4	0.2	0.15353	0.568325
binom	1	0.5	0.2	0.14588	0.586384
binom	1	0.6	0.2	0.13785	0.605198
binom	1	0.7	0.2	0.12681	0.624727
binom	1	0.8	0.2	0.11908	0.644577
binom	1	0.9	0.2	0.10913	0.665957
