binom	1	0	0.05	0.05461	0.500286
binom	1	0.01	0.05	0.05521	0.50159
binom	1	0.02	0.05	0.05498	0.50277
binom	1	0.03	0.05	0.05428	0.504011
binom	1	0.05	0.05	0.05513	0.506389
binom	1	0.07	0.05	0.05407	0.509734
binom	1	0.08	0.05	0.05305	0.511267
binom	1	0.1	0.05	0.05418	0.51311
binom	1	0.2	0.05	0.05221	0.527807
binom	1	0.3	0.05	0.05012	0.541309
binom	1	0.4	0.05	0.04744	0.556821
binom	1	0.5	0.05	0.04549	0.570136
binom	1	0.6	0.05	0.04197	0.585478
binom	1	0.7	0.05	0.03879	0.598412
binom	1	0.8	0.05	0.03635	0.61266
binom	1	0.9	0.05	0.0325	0.627662
