binom	1	0	0.05	0.05658	0.499756
binom	1	0.01	0.05	0.05831	0.502391
binom	1	0.02	0.05	0.0572	0.503439
binom	1	0.03	0.05	0.05697	0.50597
binom	1	0.05	0.05	0.05827	0.509121
binom	1	0.07	0.05	0.05681	0.51301
binom	1	0.08	0.05	0.05714	0.514561
binom	1	0.1	0.05	0.05814	0.519073
binom	1	0.2	0.05	0.05411	0.538448
binom	1	0.3	0.05	0.05354	0.55717
binom	1	0.4	0.05	0.05092	0.577797
binom	1	0.5	0.05	0.04666	0.596337
binom	1	0.6	0.05	0.04408	0.616597
binom	1	0.7	0.05	0.03882	0.635216
binom	1	0.8	0.05	0.03719	0.656392
binom	1	0.9	0.05	0.03441	0.675211
