binom	1	0	0.05	0.0506	0.500534
binom	1	0.01	0.05	0.05033	0.502025
binom	1	0.02	0.05	0.05202	0.502947
binom	1	0.03	0.05	0.05152	0.502929
binom	1	0.05	0.05	0.05143	0.504851
binom	1	0.07	0.05	0.05057	0.507212
binom	1	0.08	0.05	0.05097	0.507471
binom	1	0.1	0.05	0.05058	0.510473
binom	1	0.2	0.05	0.04983	0.519948
binom	1	0.3	0.05	0.04725	0.529744
binom	1	0.4	0.05	0.04474	0.540136
binom	1	0.5	0.05	0.04204	0.550088
binom	1	0.6	0.05	0.03849	0.559779
binom	1	0.7	0.05	0.03676	0.56805
binom	1	0.8	0.05	0.03283	0.578641
binom	1	0.9	0.05	0.03043	0.588603
