binom	1	0	0.05	0.05101	0.499961
binom	1	0.01	0.05	0.05074	0.500798
binom	1	0.02	0.05	0.05051	0.502766
binom	1	0.03	0.05	0.04924	0.503394
binom	1	0.05	0.05	0.05148	0.506092
binom	1	0.07	0.05	0.0502	0.506733
binom	1	0.08	0.05	0.05084	0.509186
binom	1	0.1	0.05	0.0503	0.50932
binom	1	0.2	0.05	0.04944	0.520696
binom	1	0.3	0.05	0.04745	0.529604
binom	1	0.4	0.05	0.04413	0.540576
binom	1	0.5	0.05	0.04185	0.550361
binom	1	0.6	0.05	0.0389	0.560985
binom	1	0.7	0.05	0.03607	0.570773
binom	1	0.8	0.05	0.03338	0.583113
binom	1	0.9	0.05	0.03056	0.591826
