binom	1	0	0.05	0.06081	0.499531
binom	1	0.01	0.05	0.06071	0.500605
binom	1	0.02	0.05	0.06064	0.500275
binom	1	0.03	0.05	0.06069	0.501214
binom	1	0.05	0.05	0.06139	0.500093
binom	1	0.07	0.05	0.06203	0.502184
binom	1	0.08	0.05	0.06148	0.502796
binom	1	0.1	0.05	0.06025	0.504111
binom	1	0.2	0.05	0.05949	0.507774
binom	1	0.3	0.05	0.0571	0.511538
binom	1	0.4	0.05	0.05407	0.516948
binom	1	0.5	0.05	0.05054	0.519933
binom	1	0.6	0.05	0.04558	0.522207
binom	1	0.7	0.05	0.04223	0.525184
binom	1	0.8	0.05	0.03986	0.527852
binom	1	0.9	0.05	0.03571	0.53196
