binom	1	0	0.05	0.04902	0.499704
binom	1	0.01	0.05	0.05004	0.501147
binom	1	0.02	0.05	0.0487	0.49877
binom	1	0.03	0.05	0.04869	0.500524
binom	1	0.05	0.05	0.04925	0.50226
binom	1	0.07	0.05	0.04882	0.503263
binom	1	0.08	0.05	0.04756	0.502927
binom	1	0.1	0.05	0.04789	0.503376
binom	1	0.2	0.05	0.04848	0.508125
binom	1	0.3	0.05	0.04682	0.512149
binom	1	0.4	0.05	0.04282	0.516177
binom	1	0.5	0.05	0.04069	0.51886
binom	1	0.6	0.05	0.03742	0.523672
binom	1	0.7	0.05	0.03516	0.524494
binom	1	0.8	0.05	0.03239	0.53029
binom	1	0.9	0.05	0.02999	0.531347
