binom	1	0	0.05	0.03572	0.499703
binom	1	0.01	0.05	0.03682	0.501488
binom	1	0.02	0.05	0.03589	0.50457
binom	1	0.03	0.05	0.03655	0.50716
binom	1	0.05	0.05	0.03624	0.512299
binom	1	0.07	0.05	0.03623	0.517679
binom	1	0.08	0.05	0.03711	0.520013
binom	1	0.1	0.05	0.03685	0.523867
binom	1	0.2	0.05	0.03481	0.547828
binom	1	0.3	0.05	0.03295	0.573332
binom	1	0.4	0.05	0.03074	0.595088
binom	1	0.5	0.05	0.02801	0.619896
binom	1	0.6	0.05	0.02577	0.646853
binom	1	0.7	0.05	0.02316	0.672042
binom	1	0.8	0.05	0.022	0.698477
binom	1	0.9	0.05	0.01869	0.726865
