binom	1	0	0.05	0.03712	0.500067
binom	1	0.01	0.05	0.03738	0.500305
binom	1	0.02	0.05	0.0355	0.501823
binom	1	0.03	0.05	0.03572	0.502217
binom	1	0.05	0.05	0.03589	0.504943
binom	1	0.07	0.05	0.0362	0.506812
binom	1	0.08	0.05	0.03593	0.508018
binom	1	0.1	0.05	0.03564	0.508897
binom	1	0.2	0.05	0.03428	0.52077
binom	1	0.3	0.05	0.03247	0.52867
binom	1	0.4	0.05	0.02933	0.539529
binom	1	0.5	0.05	0.02682	0.548822
binom	1	0.6	0.05	0.02337	0.560625
binom	1	0.7	0.05	0.01969	0.570975
binom	1	0.8	0.05	0.01764	0.580918
binom	1	0.9	0.05	0.01444	0.590616
