binom	1	0	0.05	0.04822	0.50023
binom	1	0.01	0.05	0.04785	0.501298
binom	1	0.02	0.05	0.04684	0.501213
binom	1	0.03	0.05	0.04791	0.501229
binom	1	0.05	0.05	0.04703	0.502826
binom	1	0.07	0.05	0.04762	0.504234
binom	1	0.08	0.05	0.04685	0.503533
binom	1	0.1	0.05	0.04733	0.505318
binom	1	0.2	0.05	0.0446	0.510691
binom	1	0.3	0.05	0.04391	0.515126
binom	1	0.4	0.05	0.04123	0.519086
binom	1	0.5	0.05	0.03954	0.52304
binom	1	0.6	0.05	0.03593	0.527896
binom	1	0.7	0.05	0.03531	0.531654
binom	1	0.8	0.05	0.03072	0.535247
binom	1	0.9	0.05	0.0298	0.540859
