binom	1	0	0.2	0.18809	0.499902
binom	1	0.01	0.2	0.18852	0.500718
binom	1	0.02	0.2	0.18966	0.501856
binom	1	0.03	0.2	0.18832	0.502873
binom	1	0.05	0.2	0.18704	0.505482
binom	1	0.07	0.2	0.18833	0.507132
binom	1	0.08	0.2	0.1877	0.508378
binom	1	0.1	0.2	0.18712	0.510387
binom	1	0.2	0.2	0.1842	0.52075
binom	1	0.3	0.2	0.17758	0.531181
binom	1	0.4	0.2	0.17313	0.542179
binom	1	0.5	0.2	0.16499	0.552332
binom	1	0.6	0.2	0.15586	0.56332
binom	1	0.7	0.2	0.14388	0.574879
binom	1	0.8	0.2	0.13429	0.58598
binom	1	0.9	0.2	0.12561	0.597952
