binom	1	0	0.2	0.17435	0.499898
binom	1	0.01	0.2	0.17591	0.501399
binom	1	0.02	0.2	0.17629	0.502127
binom	1	0.03	0.2	0.17597	0.502179
binom	1	0.05	0.2	0.17517	0.504003
binom	1	0.07	0.2	0.17425	0.505387
binom	1	0.08	0.2	0.17287	0.505091
binom	1	0.1	0.2	0.17326	0.507495
binom	1	0.2	0.2	0.17033	0.514409
binom	1	0.3	0.2	0.1677	0.521633
binom	1	0.4	0.2	0.16005	0.528912
binom	1	0.5	0.2	0.15198	0.5364
binom	1	0.6	0.2	0.14216	0.54429
binom	1	0.7	0.2	0.13419	0.551782
binom	1	0.8	0.2	0.12555	0.560241
binom	1	0.9	0.2	0.11446	0.567949
