binom	1	0	0.2	0.17696	0.500105
binom	1	0.01	0.2	0.17909	0.500745
binom	1	0.02	0.2	0.17723	0.50126
binom	1	0.03	0.2	0.17696	0.501663
binom	1	0.05	0.2	0.17631	0.503549
binom	1	0.07	0.2	0.17521	0.505134
binom	1	0.08	0.2	0.17413	0.506446
binom	1	0.1	0.2	0.17395	0.507233
binom	1	0.2	0.2	0.17107	0.51444
binom	1	0.3	0.2	0.16928	0.522188
binom	1	0.4	0.2	0.16216	0.529655
binom	1	0.5	0.2	0.15408	0.537489
binom	1	0.6	0.2	0.14456	0.544994
binom	1	0.7	0.2	0.13386	0.553017
binom	1	0.8	0.2	0.12412	0.560959
binom	1	0.9	0.2	0.1154	0.56992
