binom	1	0	0.2	0.17733	0.499887
binom	1	0.01	0.2	0.17721	0.500808
binom	1	0.02	0.2	0.17718	0.501868
binom	1	0.03	0.2	0.17812	0.502087
binom	1	0.05	0.2	0.17731	0.502937
binom	1	0.07	0.2	0.17467	0.504841
binom	1	0.08	0.2	0.17845	0.50565
binom	1	0.1	0.2	0.17714	0.506881
binom	1	0.2	0.2	0.17222	0.513686
binom	1	0.3	0.2	0.1718	0.521889
binom	1	0.4	0.2	0.16098	0.528099
binom	1	0.5	0.2	0.15633	0.53496
binom	1	0.6	0.2	0.14851	0.542528
binom	1	0.7	0.2	0.13553	0.550573
binom	1	0.8	0.2	0.12565	0.557186
binom	1	0.9	0.2	0.11814	0.565461
