binom	1	0	0.2	0.17212	0.50015
binom	1	0.01	0.2	0.17254	0.501236
binom	1	0.02	0.2	0.17208	0.501378
binom	1	0.03	0.2	0.172	0.50207
binom	1	0.05	0.2	0.17374	0.502726
binom	1	0.07	0.2	0.17247	0.503862
binom	1	0.08	0.2	0.17194	0.504662
binom	1	0.1	0.2	0.17139	0.505148
binom	1	0.2	0.2	0.16895	0.511158
binom	1	0.3	0.2	0.16516	0.516592
binom	1	0.4	0.2	0.15917	0.522454
binom	1	0.5	0.2	0.14918	0.527768
binom	1	0.6	0.2	0.13952	0.533816
binom	1	0.7	0.2	0.13257	0.538733
binom	1	0.8	0.2	0.12086	0.545276
binom	1	0.9	0.2	0.1145	0.551302
