binom	1	0	0.2	0.16808	0.499873
binom	1	0.01	0.2	0.1701	0.501581
binom	1	0.02	0.2	0.16902	0.503246
binom	1	0.03	0.2	0.16973	0.504784
binom	1	0.05	0.2	0.16853	0.50764
binom	1	0.07	0.2	0.16784	0.511056
binom	1	0.08	0.2	0.16643	0.513272
binom	1	0.1	0.2	0.16807	0.51692
binom	1	0.2	0.2	0.1641	0.533018
binom	1	0.3	0.2	0.15824	0.549317
binom	1	0.4	0.2	0.15381	0.566119
binom	1	0.5	0.2	0.14493	0.582864
binom	1	0.6	0.2	0.1379	0.601097
binom	1	0.7	0.2	0.12943	0.617821
binom	1	0.8	0.2	0.11965	0.634499
binom	1	0.9	0.2	0.11051	0.652411
