binom	1	0	0.2	0.16734	0.49973
binom	1	0.01	0.2	0.17136	0.501764
binom	1	0.02	0.2	0.17051	0.503483
binom	1	0.03	0.2	0.16922	0.504578
binom	1	0.05	0.2	0.16829	0.508755
binom	1	0.07	0.2	0.16647	0.510502
binom	1	0.08	0.2	0.16934	0.51332
binom	1	0.1	0.2	0.16697	0.516169
binom	1	0.2	0.2	0.16768	0.532468
binom	1	0.3	0.2	0.16131	0.548062
binom	1	0.4	0.2	0.15309	0.565258
binom	1	0.5	0.2	0.14623	0.581262
binom	1	0.6	0.2	0.1365	0.598133
binom	1	0.7	0.2	0.12922	0.614501
binom	1	0.8	0.2	0.12086	0.632259
binom	1	0.9	0.2	0.10973	0.649311
