binom	1	0	0.2	0.16998	0.499762
binom	1	0.01	0.2	0.16934	0.50128
binom	1	0.02	0.2	0.16938	0.502878
binom	1	0.03	0.2	0.16876	0.505072
binom	1	0.05	0.2	0.17004	0.507861
binom	1	0.07	0.2	0.17036	0.509865
binom	1	0.08	0.2	0.17084	0.511819
binom	1	0.1	0.2	0.17281	0.514893
binom	1	0.2	0.2	0.16735	0.529876
binom	1	0.3	0.2	0.1597	0.544784
binom	1	0.4	0.2	0.15391	0.559205
binom	1	0.5	0.2	0.14782	0.575848
binom	1	0.6	0.2	0.13702	0.59053
binom	1	0.7	0.2	0.1314	0.606943
binom	1	0.8	0.2	0.11968	0.623085
binom	1	0.9	0.2	0.11084	0.639638
