binom	1	0	0.2	0.27091	0.50049
binom	1	0.01	0.2	0.27314	0.501285
binom	1	0.02	0.2	0.26938	0.501616
binom	1	0.03	0.2	0.2708	0.502127
binom	1	0.05	0.2	0.27283	0.504457
binom	1	0.07	0.2	0.2709	0.505959
binom	1	0.08	0.2	0.27076	0.505958
binom	1	0.1	0.2	0.2695	0.507773
binom	1	0.2	0.2	0.26636	0.515678
binom	1	0.3	0.2	0.2592	0.523422
binom	1	0.4	0.2	0.25238	0.53212
binom	1	0.5	0.2	0.24098	0.540724
binom	1	0.6	0.2	0.22677	0.550099
binom	1	0.7	0.2	0.21102	0.559539
binom	1	0.8	0.2	0.19728	0.568865
binom	1	0.9	0.2	0.18211	0.579566
