binom	1	0	0.2	0.25115	0.500276
binom	1	0.01	0.2	0.24877	0.501256
binom	1	0.02	0.2	0.2523	0.502241
binom	1	0.03	0.2	0.24919	0.503286
binom	1	0.05	0.2	0.24822	0.505952
binom	1	0.07	0.2	0.25078	0.508254
binom	1	0.08	0.2	0.24753	0.509179
binom	1	0.1	0.2	0.24827	0.511881
binom	1	0.2	0.2	0.24331	0.523572
binom	1	0.3	0.2	0.24018	0.536094
binom	1	0.4	0.2	0.23075	0.54842
binom	1	0.5	0.2	0.22169	0.561218
binom	1	0.6	0.2	0.20926	0.574263
binom	1	0.7	0.2	0.19379	0.587363
binom	1	0.8	0.2	0.18482	0.602086
binom	1	0.9	0.2	0.16707	0.61704
