binom	1	0	0.2	0.2149	0.500324
binom	1	0.01	0.2	0.21673	0.501321
binom	1	0.02	0.2	0.21661	0.503076
binom	1	0.03	0.2	0.21697	0.503852
binom	1	0.05	0.2	0.21509	0.507712
binom	1	0.07	0.2	0.21656	0.510946
binom	1	0.08	0.2	0.21568	0.512423
binom	1	0.1	0.2	0.21657	0.515212
binom	1	0.2	0.2	0.20905	0.53079
binom	1	0.3	0.2	0.205	0.546458
binom	1	0.4	0.2	0.19886	0.562667
binom	1	0.5	0.2	0.19062	0.578801
binom	1	0.6	0.2	0.18178	0.595398
binom	1	0.7	0.2	0.16841	0.612322
binom	1	0.8	0.2	0.15698	0.629679
binom	1	0.9	0.2	0.14682	0.648312
