binom	1	0	0.2	0.18149	0.500273
binom	1	0.01	0.2	0.18505	0.501618
binom	1	0.02	0.2	0.18433	0.502205
binom	1	0.03	0.2	0.18096	0.50317
binom	1	0.05	0.2	0.18393	0.50584
binom	1	0.07	0.2	0.18145	0.508383
binom	1	0.08	0.2	0.18285	0.510021
binom	1	0.1	0.2	0.18313	0.511264
binom	1	0.2	0.2	0.17872	0.524238
binom	1	0.3	0.2	0.17413	0.53599
binom	1	0.4	0.2	0.16843	0.549417
binom	1	0.5	0.2	0.1618	0.562068
binom	1	0.6	0.2	0.14994	0.574709
binom	1	0.7	0.2	0.14123	0.588649
binom	1	0.8	0.2	0.13136	0.602256
binom	1	0.9	0.2	0.12047	0.617181
