binom	1	0	0.2	0.16457	0.499641
binom	1	0.01	0.2	0.16806	0.50039
binom	1	0.02	0.2	0.16683	0.501035
binom	1	0.03	0.2	0.16448	0.501054
binom	1	0.05	0.2	0.16709	0.502628
binom	1	0.07	0.2	0.16514	0.50388
binom	1	0.08	0.2	0.16621	0.504099
binom	1	0.1	0.2	0.16583	0.50568
binom	1	0.2	0.2	0.16209	0.51136
binom	1	0.3	0.2	0.15557	0.515589
binom	1	0.4	0.2	0.15118	0.521796
binom	1	0.5	0.2	0.14446	0.527631
binom	1	0.6	0.2	0.13512	0.532048
binom	1	0.7	0.2	0.12676	0.537289
binom	1	0.8	0.2	0.11832	0.54215
binom	1	0.9	0.2	0.10866	0.548141
