binom	1	0	0.2	0.16541	0.500133
binom	1	0.01	0.2	0.16462	0.501245
binom	1	0.02	0.2	0.16567	0.50167
binom	1	0.03	0.2	0.16663	0.501927
binom	1	0.05	0.2	0.16534	0.502769
binom	1	0.07	0.2	0.1658	0.503964
binom	1	0.08	0.2	0.16457	0.504597
binom	1	0.1	0.2	0.16545	0.505524
binom	1	0.2	0.2	0.16165	0.510356
binom	1	0.3	0.2	0.15847	0.515698
binom	1	0.4	0.2	0.14943	0.520642
binom	1	0.5	0.2	0.14427	0.526356
binom	1	0.6	0.2	0.13505	0.532001
binom	1	0.7	0.2	0.12421	0.536361
binom	1	0.8	0.2	0.11891	0.542323
binom	1	0.9	0.2	0.1076	0.54648
