binom	1	0	0.2	0.16621	0.500242
binom	1	0.01	0.2	0.16524	0.500554
binom	1	0.02	0.2	0.163	0.500952
binom	1	0.03	0.2	0.16264	0.502119
binom	1	0.05	0.2	0.16217	0.502367
binom	1	0.07	0.2	0.16478	0.503814
binom	1	0.08	0.2	0.16188	0.503889
binom	1	0.1	0.2	0.16389	0.505567
binom	1	0.2	0.2	0.16028	0.510367
binom	1	0.3	0.2	0.1558	0.515444
binom	1	0.4	0.2	0.14951	0.520656
binom	1	0.5	0.2	0.14181	0.525906
binom	1	0.6	0.2	0.13521	0.531112
binom	1	0.7	0.2	0.12577	0.535577
binom	1	0.8	0.2	0.11761	0.539998
binom	1	0.9	0.2	0.10748	0.545721
