binom	1	0	0.2	0.16649	0.499803
binom	1	0.01	0.2	0.1675	0.501112
binom	1	0.02	0.2	0.16567	0.501983
binom	1	0.03	0.2	0.16599	0.50424
binom	1	0.05	0.2	0.16435	0.505903
binom	1	0.07	0.2	0.16794	0.508804
binom	1	0.08	0.2	0.16611	0.509797
binom	1	0.1	0.2	0.16544	0.512381
binom	1	0.2	0.2	0.16352	0.524311
binom	1	0.3	0.2	0.15855	0.53545
binom	1	0.4	0.2	0.15175	0.547848
binom	1	0.5	0.2	0.14422	0.560413
binom	1	0.6	0.2	0.13387	0.572855
binom	1	0.7	0.2	0.12649	0.586903
binom	1	0.8	0.2	0.11458	0.598949
binom	1	0.9	0.2	0.10324	0.613426
