binom	1	0	0.2	0.16583	0.50059
binom	1	0.01	0.2	0.16555	0.501848
binom	1	0.02	0.2	0.16642	0.503134
binom	1	0.03	0.2	0.16442	0.504417
binom	1	0.05	0.2	0.16464	0.505688
binom	1	0.07	0.2	0.16513	0.507855
binom	1	0.08	0.2	0.16628	0.509815
binom	1	0.1	0.2	0.16428	0.512445
binom	1	0.2	0.2	0.16094	0.524525
binom	1	0.3	0.2	0.15602	0.537036
binom	1	0.4	0.2	0.15165	0.549178
binom	1	0.5	0.2	0.14273	0.561499
binom	1	0.6	0.2	0.13617	0.574978
binom	1	0.7	0.2	0.12677	0.587795
binom	1	0.8	0.2	0.11818	0.602313
binom	1	0.9	0.2	0.10882	0.616056
