binom	1	0	0.2	0.19179	0.500089
binom	1	0.01	0.2	0.19511	0.50153
binom	1	0.02	0.2	0.19399	0.503201
binom	1	0.03	0.2	0.19176	0.505208
binom	1	0.05	0.2	0.19347	0.50795
binom	1	0.07	0.2	0.19048	0.510689
binom	1	0.08	0.2	0.1929	0.511874
binom	1	0.1	0.2	0.19464	0.515753
binom	1	0.2	0.2	0.18877	0.53284
binom	1	0.3	0.2	0.18517	0.548868
binom	1	0.4	0.2	0.17622	0.564708
binom	1	0.5	0.2	0.16994	0.581506
binom	1	0.6	0.2	0.15847	0.59768
binom	1	0.7	0.2	0.15111	0.61566
binom	1	0.8	0.2	0.13857	0.634051
binom	1	0.9	0.2	0.1294	0.652403
