binom	1	0	0.2	0.16718	0.499822
binom	1	0.01	0.2	0.16711	0.501903
binom	1	0.02	0.2	0.16452	0.502981
binom	1	0.03	0.2	0.16301	0.505077
binom	1	0.05	0.2	0.16531	0.508744
binom	1	0.07	0.2	0.16478	0.51263
binom	1	0.08	0.2	0.16239	0.51349
binom	1	0.1	0.2	0.16503	0.517475
binom	1	0.2	0.2	0.16186	0.535057
binom	1	0.3	0.2	0.1555	0.55303
binom	1	0.4	0.2	0.15014	0.571367
binom	1	0.5	0.2	0.14348	0.589635
binom	1	0.6	0.2	0.13249	0.609404
binom	1	0.7	0.2	0.1234	0.627075
binom	1	0.8	0.2	0.11245	0.646872
binom	1	0.9	0.2	0.10308	0.66641
