10 34
10 3
10 9
10 35
34 16
34 29
34 9
34 45
7 23
7 15
7 18
7 8
23 9
23 24
23 35
18 20
18 26
18 15
20 11
20 31
20 36
26 33
26 9
26 2
33 15
33 6
33 11
15 28
4 6
4 24
4 27
4 11
6 13
6 25
3 16
3 21
3 35
16 31
16 2
12 28
12 30
12 27
12 17
28 0
28 32
14 25
14 22
14 0
14 17
25 31
25 1
24 19
24 22
22 29
22 19
29 1
29 21
27 17
27 5
0 1
0 13
2 5
2 32
5 1
5 36
19 21
19 36
21 30
17 32
8 30
8 32
8 13
30 36
11 35
36 37
35 38
35 44
31 13
37 38
37 42
37 39
37 43
38 39
38 41
38 40
39 40
39 43
40 41
40 42
41 42
41 43
41 59
42 43
42 52
42 58
43 51
44 45
44 47
44 50
44 48
45 48
45 49
45 50
46 47
46 50
46 49
46 48
47 49
47 48
48 73
49 50
49 66
49 72
50 65
51 52
51 54
51 55
51 56
52 53
52 54
52 55
53 55
53 56
53 57
54 56
54 57
55 57
55 87
56 57
56 80
56 86
57 79
58 59
58 64
58 60
58 63
59 60
59 63
59 64
60 61
60 62
61 62
61 64
61 63
62 64
62 63
62 101
63 94
63 100
64 93
65 66
65 68
65 69
65 67
66 67
66 70
66 71
67 68
67 71
68 69
68 70
69 71
69 70
70 71
72 73
72 76
72 78
72 77
73 77
73 75
73 78
74 75
74 76
74 78
74 77
75 76
75 78
76 77
79 80
79 82
79 84
79 85
80 81
80 82
80 83
81 83
81 84
81 85
82 83
82 84
83 85
84 85
86 87
86 91
86 88
86 92
87 88
87 89
87 90
88 91
88 90
89 90
89 92
89 91
90 92
91 92
93 94
93 96
93 95
93 98
94 95
94 96
94 99
95 97
95 99
96 97
96 98
97 99
97 98
98 99
100 101
100 105
100 103
100 104
101 104
101 102
101 105
102 103
102 106
102 105
103 104
103 106
104 106
105 106
