16 29
16 33
16 13
16 4
29 12
29 0
29 15
10 43
10 27
10 37
10 11
43 7
43 35
43 41
43 44
35 42
35 37
35 30
42 19
42 38
42 26
42 45
42 51
12 25
12 9
12 13
25 24
25 14
25 39
17 21
17 36
17 26
17 19
21 9
21 22
21 2
14 31
14 34
14 8
31 3
31 32
31 18
3 26
3 18
3 2
27 34
27 40
27 28
34 7
34 1
1 15
1 28
1 0
15 4
15 22
6 20
6 4
6 5
6 37
20 22
20 33
20 19
30 39
30 41
30 24
39 7
39 36
22 2
23 36
23 40
23 24
23 37
36 26
41 11
41 18
41 52
33 28
33 32
9 11
9 38
5 32
5 18
5 13
32 40
24 0
28 19
13 8
40 4
11 0
2 38
38 8
8 7
44 45
44 47
44 46
44 50
45 46
45 49
45 48
46 48
46 50
47 48
47 49
47 50
48 49
48 66
49 50
49 59
49 65
50 58
51 52
51 53
51 55
51 54
52 54
52 55
52 57
53 56
53 57
53 55
54 57
54 56
55 56
55 80
56 57
56 73
56 79
57 72
58 59
58 60
58 64
58 62
59 61
59 63
59 60
60 62
60 64
61 64
61 63
61 62
62 63
62 94
63 64
63 87
63 93
64 86
65 66
65 70
65 69
65 67
66 67
66 68
66 70
67 68
67 71
68 69
68 71
69 71
69 70
70 71
72 73
72 77
72 78
72 76
73 74
73 78
73 75
74 77
74 75
74 76
75 76
75 78
76 77
77 78
79 80
79 82
79 85
79 84
80 81
80 84
80 83
81 83
81 85
81 84
82 83
82 85
82 84
83 85
86 87
86 89
86 91
86 92
87 88
87 90
87 89
88 89
88 91
88 92
89 90
90 92
90 91
91 92
93 94
93 97
93 95
93 98
94 98
94 96
94 99
95 96
95 97
95 99
96 97
96 99
97 98
98 99
