7 35
7 19
7 9
7 40
35 44
35 47
35 56
25 50
25 54
25 29
25 5
50 30
50 51
50 18
46 48
46 21
46 54
46 4
48 0
48 17
48 40
20 38
20 12
20 11
20 55
38 39
38 23
38 3
21 2
21 56
21 44
5 37
5 55
5 57
37 24
37 31
37 49
19 13
19 27
19 15
41 51
41 36
41 57
41 3
51 52
51 42
24 44
24 16
24 30
44 43
22 28
22 32
22 27
22 1
28 16
28 12
28 29
29 43
29 17
43 14
43 31
15 53
15 12
15 40
53 27
53 2
53 6
13 4
13 57
13 56
8 32
8 2
8 4
8 0
32 10
32 23
16 23
16 52
30 1
30 36
39 17
39 45
39 49
12 23
54 49
54 26
14 26
14 9
14 18
26 31
26 42
36 45
36 3
10 31
10 33
10 55
27 47
47 52
47 0
0 2
9 34
9 18
6 45
6 17
6 1
45 55
1 3
55 66
52 33
33 11
33 57
11 34
11 42
34 18
34 49
57 58
4 56
40 42
56 59
56 65
58 59
58 61
58 62
58 64
59 63
59 61
59 64
60 61
60 62
60 64
60 63
61 62
62 63
62 80
63 64
63 73
63 79
64 72
65 66
65 68
65 71
65 67
66 70
66 71
66 69
67 68
67 69
67 71
68 69
68 70
69 70
69 94
70 71
70 87
70 93
71 86
72 73
72 77
72 75
72 76
73 74
73 78
73 77
74 75
74 76
74 77
75 76
75 78
76 78
77 78
79 80
79 81
79 83
79 85
80 82
80 83
80 81
81 84
81 85
82 83
82 85
82 84
83 84
84 85
86 87
86 90
86 88
86 91
87 91
87 89
87 92
88 89
88 90
88 92
89 90
89 91
90 92
91 92
93 94
93 96
93 98
93 97
94 97
94 98
94 99
95 96
95 97
95 98
95 99
96 97
96 99
98 99
