18 26
18 4
18 1
18 2
26 6
26 4
26 1
26 38
20 23
20 13
20 15
20 21
23 2
23 27
23 8
4 12
4 1
12 28
12 17
12 11
28 27
28 25
28 6
28 29
8 9
8 24
8 7
9 3
9 10
9 0
3 22
3 21
3 11
22 0
22 24
22 19
5 25
5 2
5 6
5 21
25 19
25 1
2 10
17 24
17 10
17 14
24 13
27 16
27 11
27 30
27 37
0 14
0 21
14 15
14 10
13 7
13 16
7 16
7 15
16 11
15 19
6 19
29 30
29 31
29 35
29 36
30 32
30 34
30 31
31 32
31 33
32 35
32 36
33 34
33 35
33 36
34 35
34 36
34 54
35 46
35 53
36 45
37 38
37 39
37 41
37 40
38 43
38 39
38 42
39 42
39 44
40 41
40 44
40 43
41 42
41 43
42 44
42 70
43 44
43 62
43 69
44 61
45 46
45 49
45 52
45 51
46 47
46 48
46 50
47 48
47 52
47 51
48 49
48 52
49 51
49 50
50 51
50 52
50 86
51 78
51 85
52 77
53 54
53 58
53 55
53 59
54 59
54 58
54 60
55 56
55 57
55 59
56 57
56 58
56 60
57 60
57 59
58 60
61 62
61 64
61 63
61 65
62 65
62 67
62 66
63 64
63 68
63 65
64 68
64 67
65 66
66 67
66 68
67 68
69 70
69 73
69 76
69 71
70 75
70 74
70 76
71 72
71 74
71 76
72 73
72 75
72 74
73 74
73 75
75 76
77 78
77 79
77 83
77 80
78 82
78 79
78 83
79 84
79 81
80 81
80 84
80 82
81 84
81 82
82 83
83 84
85 86
85 88
85 92
85 90
86 87
86 91
86 92
87 88
87 89
87 91
88 89
88 90
89 90
89 92
90 91
91 92
92 93
92 94
92 95
92 96
92 97
92 98
92 99
