50 52
50 4
50 53
50 33
52 19
52 11
52 48
30 46
30 13
30 35
30 11
46 34
46 9
46 41
44 45
44 27
44 36
44 15
45 0
45 9
45 35
1 40
1 15
1 39
1 27
40 8
40 15
40 48
13 42
13 21
13 41
42 2
42 38
42 22
4 9
4 36
4 54
9 0
26 39
26 22
26 47
26 37
39 5
39 25
8 55
8 41
8 37
55 14
55 16
55 31
55 56
33 54
33 23
33 18
54 47
54 38
54 57
54 64
29 32
29 34
29 25
29 51
32 20
32 18
32 16
22 14
22 37
14 28
14 53
31 38
31 10
31 12
38 48
12 34
12 18
12 17
34 43
6 48
6 10
6 21
6 25
15 2
24 35
24 20
24 23
24 27
35 20
28 51
28 7
28 2
51 10
51 3
7 16
7 18
7 27
16 49
49 36
49 5
49 0
37 10
5 53
5 3
41 43
20 0
23 47
23 2
47 21
21 36
25 17
53 3
53 65
19 3
19 11
19 17
11 43
43 17
56 57
56 58
56 59
56 63
57 58
57 61
57 60
58 62
58 61
59 60
59 61
59 62
60 63
60 62
61 63
61 81
62 63
62 73
62 80
63 72
64 65
64 66
64 67
64 70
65 70
65 68
65 71
66 67
66 69
66 71
67 68
67 70
68 69
68 71
69 71
69 70
69 97
70 89
70 96
71 88
72 73
72 75
72 76
72 78
73 74
73 75
73 76
74 75
74 78
74 79
75 77
76 77
76 79
77 79
77 78
78 79
80 81
80 82
80 83
80 84
81 84
81 85
81 82
82 83
82 87
83 85
83 86
84 87
84 86
85 86
85 87
86 87
88 89
88 94
88 93
88 90
89 91
89 92
89 94
90 91
90 92
90 95
91 93
91 92
92 95
93 95
93 94
94 95
96 97
96 98
96 100
96 99
97 101
97 100
97 98
98 102
98 101
99 100
99 102
99 103
100 103
101 103
101 102
102 103
