6 12
6 8
6 3
6 2
12 8
12 10
12 1
12 15
12 23
3 10
3 5
3 2
10 9
10 4
5 13
5 0
5 4
13 9
13 11
13 2
13 14
0 2
0 11
0 4
8 1
8 7
1 9
1 7
9 7
11 4
11 7
11 24
14 15
14 16
14 17
14 18
15 21
15 20
15 22
16 22
16 20
16 18
17 18
17 19
17 22
18 19
19 20
19 21
20 21
20 42
21 22
21 33
21 41
22 32
23 24
23 25
23 26
23 27
24 30
24 28
24 31
25 26
25 31
25 30
26 28
26 31
27 28
27 29
27 30
28 29
29 30
29 31
29 60
30 51
30 59
31 50
32 33
32 34
32 35
32 39
33 39
33 34
33 40
34 37
34 36
35 36
35 38
35 39
36 37
36 40
37 40
37 38
38 39
38 40
38 78
39 69
39 77
40 68
41 42
41 44
41 47
41 48
42 43
42 46
42 45
43 44
43 45
43 47
44 46
44 45
45 49
46 48
46 49
47 48
47 49
47 96
48 49
48 87
48 95
49 86
50 51
50 52
50 58
50 55
51 53
51 57
51 54
52 53
52 56
52 57
53 55
53 56
54 55
54 56
54 58
55 57
56 58
57 58
59 60
59 63
59 65
59 62
60 61
60 65
60 67
61 62
61 64
61 63
62 66
62 67
63 64
63 66
64 65
64 67
65 66
66 67
68 69
68 75
68 71
68 72
69 70
69 76
69 75
70 71
70 72
70 76
71 74
71 76
72 73
72 74
73 76
73 74
73 75
74 75
77 78
77 81
77 84
77 80
78 79
78 85
78 82
79 80
79 82
79 85
80 81
80 84
81 83
81 84
82 83
82 85
83 85
83 84
86 87
86 88
86 94
86 90
87 90
87 91
87 92
88 89
88 91
88 94
89 92
89 93
89 91
90 92
90 94
91 93
92 93
93 94
95 96
95 101
95 99
95 103
96 102
96 97
96 100
97 98
97 100
97 102
98 101
98 99
98 103
99 100
99 102
100 101
101 103
102 103
