6 12
6 11
6 14
6 17
12 1
12 9
12 11
7 17
7 10
7 19
7 1
17 15
17 3
17 30
4 9
4 5
4 8
4 16
9 3
9 18
5 13
5 18
5 15
13 16
13 19
13 8
0 2
0 8
0 19
0 3
2 11
2 19
2 15
8 14
11 1
10 15
10 14
10 16
1 18
18 16
18 21
18 29
14 3
19 20
20 21
20 27
20 24
20 26
21 24
21 28
21 22
22 23
22 25
22 24
23 26
23 27
23 25
24 26
25 27
25 28
26 28
26 48
27 28
27 39
27 47
28 38
29 30
29 34
29 35
29 37
30 32
30 33
30 31
31 32
31 33
31 36
32 34
32 37
33 35
33 37
34 36
34 35
35 36
35 66
36 37
36 57
36 65
37 56
38 39
38 40
38 44
38 46
39 44
39 43
39 45
40 41
40 45
40 44
41 43
41 42
41 45
42 43
42 44
42 46
43 46
44 84
45 46
45 75
45 83
46 74
47 48
47 52
47 54
47 53
48 54
48 55
48 49
49 50
49 51
49 52
50 52
50 51
50 53
51 53
51 55
52 54
53 55
54 55
56 57
56 62
56 61
56 63
57 61
57 58
57 60
58 59
58 62
58 64
59 64
59 63
59 60
60 61
60 63
61 62
62 64
63 64
65 66
65 67
65 69
65 71
66 72
66 67
66 73
67 70
67 69
68 69
68 70
68 72
68 71
69 72
70 71
70 73
71 73
72 73
74 75
74 78
74 76
74 81
75 81
75 80
75 77
76 77
76 81
76 79
77 78
77 82
78 79
78 82
79 82
79 80
80 81
80 82
83 84
83 87
83 88
83 89
84 91
84 85
84 90
85 86
85 90
85 87
86 88
86 91
86 89
87 88
87 91
88 89
89 90
90 91
91 92
91 93
91 94
91 95
91 96
91 97
91 98
91 99
