6 18
6 17
6 1
6 14
18 26
18 32
18 29
10 34
10 9
10 1
10 28
34 26
34 43
34 1
26 30
26 9
30 16
30 20
30 42
15 39
15 16
15 2
15 7
39 21
39 35
39 37
3 13
3 17
3 21
3 2
13 21
13 27
13 40
29 32
29 4
29 8
32 5
32 28
12 25
12 7
12 42
12 0
25 8
25 14
25 20
17 21
17 27
11 14
11 38
11 31
11 24
14 42
9 43
9 27
23 43
23 22
23 16
23 8
43 0
43 44
22 28
22 36
22 31
28 33
0 7
0 37
7 40
31 40
31 19
40 4
42 20
42 45
42 49
16 4
37 33
37 41
20 27
5 1
5 41
5 24
8 24
36 41
36 19
36 38
41 38
41 50
38 24
19 33
19 2
33 35
35 2
35 4
44 45
44 47
44 48
44 46
45 46
45 47
45 48
46 47
46 48
46 60
47 48
47 55
47 59
48 54
49 50
49 52
49 53
49 51
50 51
50 52
50 53
51 52
51 53
51 70
52 53
52 65
52 69
53 64
54 55
54 57
54 58
54 56
55 56
55 57
55 58
56 57
56 58
56 80
57 58
57 75
57 79
58 74
59 60
59 62
59 63
59 61
60 61
60 62
60 63
61 62
61 63
61 90
62 63
62 85
62 89
63 84
64 65
64 67
64 68
64 66
65 66
65 67
65 68
66 67
66 68
66 100
67 68
67 95
67 99
68 94
69 70
69 72
69 73
69 71
70 71
70 72
70 73
71 72
71 73
72 73
74 75
74 77
74 78
74 76
75 76
75 77
75 78
76 77
76 78
77 78
79 80
79 82
79 83
79 81
80 81
80 82
80 83
81 82
81 83
82 83
84 85
84 87
84 88
84 86
85 86
85 87
85 88
86 87
86 88
87 88
89 90
89 92
89 93
89 91
90 91
90 92
90 93
91 92
91 93
92 93
94 95
94 97
94 98
94 96
95 96
95 97
95 98
96 97
96 98
97 98
99 100
99 102
99 103
99 101
100 101
100 102
100 103
101 102
101 103
102 103
