36 53
36 55
36 11
36 22
53 27
53 40
53 8
53 62
15 30
15 23
15 16
15 47
30 46
30 24
30 54
46 9
46 14
46 42
19 55
19 52
19 40
19 26
55 54
55 40
55 56
25 50
25 23
25 52
25 10
50 49
50 32
50 48
23 31
23 39
20 47
20 49
20 32
20 27
47 10
47 14
5 37
5 41
5 38
5 51
37 24
37 6
37 8
41 42
41 34
41 13
42 54
42 4
1 33
1 35
1 12
1 34
33 44
33 39
33 17
13 35
13 0
13 29
35 44
35 8
28 51
28 7
28 3
28 0
51 18
51 21
7 16
7 2
7 24
44 10
44 48
52 2
52 18
16 49
16 8
49 22
9 10
9 14
9 18
2 4
2 24
4 29
4 21
21 39
21 12
39 11
27 45
27 26
45 26
45 17
45 22
3 17
3 26
3 34
17 43
6 43
6 31
6 40
43 11
43 14
18 29
11 31
54 31
54 57
54 61
0 48
0 38
48 12
12 32
29 22
32 38
34 38
56 57
56 59
56 60
56 58
57 58
57 59
57 60
58 59
58 60
58 72
59 60
59 67
59 71
60 66
61 62
61 64
61 65
61 63
62 63
62 64
62 65
63 64
63 65
63 82
64 65
64 77
64 81
65 76
66 67
66 69
66 70
66 68
67 68
67 69
67 70
68 69
68 70
68 92
69 70
69 87
69 91
70 86
71 72
71 74
71 75
71 73
72 73
72 74
72 75
73 74
73 75
74 75
76 77
76 79
76 80
76 78
77 78
77 79
77 80
78 79
78 80
79 80
81 82
81 84
81 85
81 83
82 83
82 84
82 85
83 84
83 85
84 85
86 87
86 89
86 90
86 88
87 88
87 89
87 90
88 89
88 90
89 90
91 92
91 94
91 95
91 93
92 93
92 94
92 95
93 94
93 95
94 95
95 96
95 97
95 98
95 99
