6 12
6 7
6 2
6 9
12 4
12 9
12 11
12 13
4 9
4 11
4 1
9 1
3 7
3 10
3 0
3 2
7 0
7 8
10 5
10 0
10 8
10 20
0 2
2 5
5 1
5 8
1 11
11 8
11 14
11 19
13 14
13 16
13 17
13 15
14 15
14 18
14 16
15 17
15 18
16 17
16 18
16 32
17 18
17 26
17 31
18 25
19 20
19 22
19 21
19 24
20 21
20 22
20 23
21 23
21 24
22 23
22 24
22 44
23 24
23 38
23 43
24 37
25 26
25 28
25 30
25 27
26 29
26 28
26 30
27 28
27 30
27 29
28 29
28 56
29 30
29 50
29 55
30 49
31 32
31 34
31 33
31 36
32 36
32 34
32 35
33 34
33 35
33 36
34 35
34 68
35 36
35 62
35 67
36 61
37 38
37 40
37 41
37 39
38 39
38 42
38 41
39 40
39 42
40 41
40 42
40 80
41 42
41 74
41 79
42 73
43 44
43 47
43 45
43 48
44 48
44 46
44 47
45 46
45 47
45 48
46 47
46 48
46 92
47 86
47 91
48 85
49 50
49 54
49 52
49 53
50 53
50 51
50 54
51 52
51 53
51 54
52 53
52 54
55 56
55 58
55 57
55 60
56 57
56 60
56 59
57 58
57 59
58 59
58 60
59 60
61 62
61 63
61 64
61 66
62 64
62 65
62 63
63 66
63 65
64 65
64 66
65 66
67 68
67 71
67 69
67 72
68 69
68 70
68 71
69 70
69 72
70 71
70 72
71 72
73 74
73 77
73 75
73 78
74 78
74 76
74 77
75 76
75 77
75 78
76 77
76 78
79 80
79 82
79 83
79 84
80 81
80 84
80 83
81 82
81 83
81 84
82 83
82 84
85 86
85 89
85 87
85 90
86 90
86 88
86 89
87 88
87 89
87 90
88 89
88 90
91 92
91 94
91 96
91 93
92 95
92 94
92 96
93 94
93 96
93 95
94 95
95 96
96 97
96 98
96 99
