15 21
15 30
15 39
15 6
15 1
15 34
15 43
15 4
15 20
15 47
15 24
15 19
15 7
15 37
15 18
15 10
15 8
15 40
15 0
15 17
21 18
21 32
21 45
21 22
21 31
21 49
21 26
21 13
21 16
21 11
21 39
21 34
21 43
21 14
21 23
21 1
21 20
21 12
21 4
7 17
7 26
7 35
7 30
7 16
7 11
7 2
7 39
7 25
7 34
7 29
7 38
7 24
7 42
7 23
7 9
7 36
7 31
7 8
17 39
17 48
17 10
17 43
17 2
17 24
17 33
17 28
17 13
17 11
17 18
17 45
17 40
17 35
17 9
17 30
17 1
17 4
26 30
26 18
26 2
26 5
26 13
26 16
26 48
26 38
26 11
26 28
26 46
26 14
26 1
26 27
26 45
26 40
26 35
26 44
30 10
30 4
30 5
30 41
30 24
30 35
30 44
30 11
30 3
30 28
30 0
30 1
30 47
30 20
30 33
30 23
18 44
18 8
18 14
18 6
18 48
18 11
18 19
18 23
18 2
18 5
18 46
18 13
18 32
18 27
18 31
18 40
39 48
39 43
39 47
39 12
39 32
39 34
39 29
39 22
39 6
39 36
39 40
39 19
39 11
39 14
39 3
39 25
35 10
35 46
35 41
35 36
35 49
35 5
35 13
35 22
35 33
35 25
35 48
35 6
35 43
35 28
35 9
35 1
44 29
44 12
44 5
44 37
44 27
44 19
44 45
44 22
44 49
44 16
44 36
44 0
44 1
44 20
44 48
44 25
44 34
40 41
40 29
40 49
40 32
40 5
40 16
40 38
40 0
40 48
40 14
40 25
40 6
40 36
40 9
40 46
41 42
41 5
41 16
41 19
41 8
41 0
41 46
41 33
41 36
41 20
41 12
41 4
41 34
41 48
41 37
41 47
41 10
8 46
8 32
8 45
8 12
8 0
8 16
8 3
8 1
8 43
8 20
8 29
8 47
8 24
8 19
8 14
8 23
11 14
11 9
11 10
11 2
11 37
11 31
11 12
11 3
11 6
11 25
11 29
11 24
11 33
14 33
14 42
14 19
14 28
14 37
14 3
14 23
14 12
14 27
14 36
14 34
14 43
14 38
10 27
10 22
10 49
10 16
10 9
10 4
10 34
10 43
10 38
10 24
10 33
10 28
10 2
10 13
27 22
27 16
27 45
27 31
27 49
27 3
27 9
27 48
27 20
27 23
27 12
27 47
27 4
27 37
27 46
42 3
42 33
42 36
42 28
42 48
42 1
42 43
42 31
42 47
42 37
42 9
42 29
42 32
42 5
42 46
42 49
42 22
22 28
22 46
22 23
22 32
22 36
22 31
22 49
22 25
22 9
22 34
22 29
22 47
22 24
28 3
28 48
28 29
28 47
28 37
28 20
28 45
28 2
28 31
28 13
28 24
28 0
33 6
33 9
33 20
33 31
33 12
33 23
33 45
33 49
33 32
33 5
33 24
33 34
46 5
46 19
46 38
46 0
46 1
46 20
46 12
46 45
46 47
46 37
46 29
3 19
3 5
3 23
3 9
3 0
3 13
3 31
3 16
3 1
3 48
3 34
3 38
6 34
6 43
6 29
6 47
6 19
6 4
6 5
6 31
6 49
6 2
6 12
6 25
6 1
34 43
34 32
34 5
34 24
34 16
34 0
34 45
34 49
32 36
32 24
32 13
32 45
32 49
32 16
32 19
32 20
32 25
32 38
32 4
29 45
29 25
29 49
29 1
29 23
29 4
29 43
29 2
29 37
45 43
45 5
45 16
45 38
45 0
45 20
45 4
45 37
43 1
43 20
43 31
43 12
43 24
43 13
43 38
25 47
25 23
25 4
25 24
25 19
25 2
25 36
25 0
25 20
25 49
49 2
49 5
49 24
49 38
49 23
49 37
47 9
47 20
47 12
47 23
47 37
47 5
47 16
47 0
23 38
23 37
23 12
23 2
23 36
23 13
19 12
19 2
19 5
19 48
19 13
19 20
19 38
19 0
37 36
37 0
37 1
37 48
37 2
37 24
16 36
16 48
16 38
16 24
16 9
16 1
5 31
5 48
5 20
48 20
48 12
48 4
48 38
2 13
2 31
2 0
2 24
2 9
2 4
13 36
13 31
13 0
13 1
13 38
13 9
13 4
31 38
31 0
31 9
31 36
31 4
36 38
36 9
36 12
36 4
38 4
38 0
24 20
24 12
9 20
9 1
9 4
12 0
12 1
1 4
1 51
0 50
76 80
76 68
76 89
76 60
76 71
76 98
76 84
76 88
76 97
76 58
76 83
76 92
76 61
76 87
76 96
76 72
76 82
76 64
76 53
76 75
76 56
76 51
76 70
76 62
76 73
76 77
76 54
76 81
76 99
76 85
80 65
80 59
80 60
80 52
80 96
80 55
80 91
80 86
80 99
80 77
80 85
80 69
80 58
80 61
80 72
80 53
80 89
80 98
80 84
80 50
80 88
80 97
80 70
80 83
80 92
80 62
80 73
80 87
80 82
68 65
68 94
68 58
68 71
68 53
68 98
68 61
68 51
68 84
68 93
68 70
68 79
68 97
68 78
68 87
68 67
68 59
68 60
68 52
68 62
68 54
68 55
68 63
68 82
68 91
68 77
68 95
68 81
68 99
89 65
89 67
89 78
89 98
89 60
89 93
89 70
89 97
89 62
89 82
89 55
89 91
89 84
89 87
89 77
89 52
89 63
89 66
89 56
89 95
89 86
89 90
89 99
89 69
89 50
89 51
89 81
89 83
60 65
60 50
60 55
60 90
60 91
60 58
60 71
60 61
60 77
60 95
60 72
60 81
60 53
60 67
60 85
60 66
60 75
60 59
60 54
60 98
60 57
60 79
60 97
60 92
60 64
60 82
71 50
71 55
71 90
71 91
71 58
71 96
71 77
71 86
71 72
71 81
71 99
71 85
71 63
71 66
71 69
71 84
71 93
71 53
71 79
71 97
71 74
71 56
71 78
71 67
71 59
71 70
71 62
98 65
98 94
98 58
98 96
98 61
98 92
98 52
98 95
98 83
98 75
98 53
98 64
98 74
98 87
98 66
98 57
98 67
98 84
98 59
98 81
98 88
98 70
98 54
98 85
98 63
84 94
84 50
84 90
84 91
84 58
84 96
84 77
84 92
84 82
84 95
84 83
84 97
84 56
84 72
84 78
84 87
84 66
84 57
84 62
84 67
84 51
84 54
84 99
84 85
88 94
88 50
88 55
88 90
88 91
88 58
88 96
88 73
88 92
88 52
88 95
88 97
88 75
88 53
88 64
88 72
88 78
88 62
88 67
88 79
88 86
88 59
88 51
88 70
88 54
88 63
88 85
97 65
97 50
97 90
97 91
97 96
97 61
97 73
97 83
97 75
97 56
97 78
97 67
97 59
97 51
97 81
97 70
97 79
97 85
97 63
97 66
97 69
97 64
58 65
58 94
58 90
58 52
58 96
58 95
58 72
58 99
58 67
58 85
58 62
58 53
58 56
58 75
58 93
58 70
58 74
58 92
58 69
58 78
58 87
58 64
83 94
83 50
83 55
83 90
83 61
83 73
83 92
83 52
83 82
83 64
83 75
83 56
83 67
83 78
83 59
83 81
83 70
83 57
83 79
83 74
83 66
83 69
83 93
83 72
92 94
92 50
92 55
92 91
92 61
92 64
92 67
92 51
92 93
92 70
92 57
92 87
92 59
92 52
92 82
92 85
92 63
92 66
92 95
92 99
92 69
92 72
61 94
61 50
61 90
61 91
61 96
61 73
61 57
61 52
61 87
61 54
61 77
61 95
61 72
61 81
61 99
61 62
61 53
61 56
61 75
61 93
61 70
61 78
87 94
87 91
87 96
87 73
87 95
87 93
87 53
87 56
87 64
87 72
87 74
87 86
87 67
87 51
87 70
87 81
87 57
87 79
87 54
87 63
87 99
96 65
96 50
96 55
96 63
96 85
96 74
96 56
96 69
96 51
96 99
96 53
96 86
96 67
96 78
96 59
96 73
96 62
96 93
96 82
96 77
72 94
72 55
72 90
72 52
72 82
72 75
72 93
72 64
72 78
72 63
72 66
72 81
72 99
72 67
72 59
72 51
72 70
72 79
72 74
82 65
82 94
82 50
82 90
82 73
82 77
82 52
82 64
82 63
82 99
82 66
82 56
82 69
82 51
82 70
82 81
82 75
82 93
82 62
82 57
64 65
64 90
64 91
64 73
64 77
64 52
64 95
64 74
64 69
64 78
64 59
64 51
64 54
64 86
64 81
64 99
64 57
64 66
64 79
53 65
53 94
53 55
53 90
53 91
53 73
53 95
53 93
53 56
53 74
53 69
53 54
53 86
53 63
53 67
53 62
53 57
53 66
53 70
75 94
75 50
75 55
75 90
75 91
75 52
75 95
75 93
75 59
75 62
75 74
75 69
75 86
75 81
75 85
75 63
75 66
75 56
75 70
75 99
56 65
56 50
56 73
56 52
56 95
56 93
56 79
56 74
56 78
56 63
56 54
56 99
56 67
56 85
56 66
56 70
56 51
51 94
51 50
51 55
51 91
51 73
51 77
51 95
51 78
51 74
51 66
51 57
51 79
51 86
51 59
51 81
51 63
51 85
70 91
70 73
70 77
70 95
70 66
70 57
70 62
70 79
70 86
70 69
70 63
70 54
62 65
62 50
62 55
62 90
62 91
62 73
62 52
62 93
62 74
62 57
62 79
62 69
62 59
62 63
62 67
62 85
73 93
73 67
73 79
73 57
73 59
73 52
73 77
73 54
73 86
73 95
73 81
73 99
73 63
73 85
73 66
77 65
77 94
77 55
77 90
77 91
77 52
77 74
77 86
77 95
77 81
77 69
77 85
77 67
77 59
77 54
77 78
54 65
54 94
54 50
54 55
54 91
54 95
54 93
54 78
54 74
54 57
54 67
54 79
54 86
54 59
54 69
54 99
81 65
81 94
81 50
81 55
81 91
81 93
81 78
81 74
81 66
81 67
81 86
81 59
81 69
99 65
99 94
99 55
99 93
99 78
99 74
99 57
99 67
99 79
99 69
99 63
99 85
85 50
85 55
85 90
85 52
85 95
85 93
85 78
85 66
85 79
85 59
85 69
85 63
65 66
65 59
65 93
65 79
65 74
65 78
65 52
65 55
65 86
65 90
65 50
65 67
65 94
59 94
59 50
59 95
59 78
59 74
59 66
59 79
59 86
59 69
52 94
52 50
52 90
52 91
52 86
52 63
52 67
52 57
52 74
52 69
52 78
55 94
55 50
55 86
55 95
55 90
55 57
55 93
55 74
55 78
55 63
91 94
91 90
91 63
91 74
91 69
91 95
91 78
91 57
91 93
86 94
86 50
86 90
86 95
86 93
86 78
86 66
86 57
86 79
86 63
86 69
69 50
69 95
69 93
69 74
69 66
69 57
69 67
50 90
50 57
50 66
50 93
50 79
66 90
66 95
66 78
66 57
66 67
66 79
93 94
93 90
93 79
93 74
79 94
79 90
79 95
79 78
79 74
79 57
79 63
74 90
74 78
74 67
74 57
74 63
78 94
78 57
90 63
90 67
90 57
67 94
67 95
94 63
94 57
63 95
63 57
95 57
