0 3
0 4
0 15
0 66
1 3
1 4
1 5
1 11
1 13
1 14
1 15
1 21
1 51
1 57
1 58
1 69
1 74
1 84
1 85
1 88
2 3
2 6
2 7
2 11
2 13
2 16
2 17
2 33
2 39
2 41
2 42
2 45
2 75
3 4
3 5
3 6
3 10
3 19
3 26
3 32
3 36
3 40
3 43
3 47
3 48
3 53
3 59
3 62
3 67
3 81
4 5
4 7
4 8
4 9
4 10
4 18
4 25
4 28
4 33
4 37
4 39
4 43
4 44
4 50
4 51
4 52
4 59
4 61
4 63
4 78
4 84
4 87
4 94
4 95
4 98
5 6
5 7
5 9
5 11
5 12
5 13
5 14
5 15
5 16
5 17
5 20
5 21
5 25
5 29
5 30
5 31
5 35
5 36
5 41
5 44
5 47
5 58
5 59
5 68
5 71
5 72
5 76
5 86
5 90
5 91
5 92
5 94
5 99
6 8
6 22
6 30
7 8
7 9
7 10
7 23
7 26
7 27
7 30
7 32
7 36
7 40
7 50
7 70
8 12
8 25
8 33
8 38
9 16
9 18
9 21
9 22
9 28
9 34
9 37
9 46
9 65
9 82
9 89
9 90
9 97
10 12
10 24
10 50
10 74
11 23
11 24
11 38
11 40
11 55
11 76
11 79
12 18
12 20
12 32
12 34
12 37
12 54
12 64
12 94
13 14
13 19
13 29
13 41
13 45
13 53
13 54
13 66
13 67
13 83
13 86
13 95
14 29
14 38
14 56
14 57
14 63
14 78
14 82
14 84
14 85
14 88
15 19
15 53
15 83
15 90
15 99
16 17
17 23
17 26
17 34
17 56
17 81
17 98
18 20
18 22
18 31
18 42
18 57
18 65
18 75
19 46
20 35
20 49
20 64
20 77
20 80
20 88
20 96
20 99
21 27
21 35
21 60
21 75
21 93
21 96
22 24
22 27
22 28
22 43
22 47
22 48
22 61
22 93
23 55
23 66
23 80
25 49
25 51
25 61
25 87
25 97
26 31
26 52
26 56
27 48
27 60
31 45
31 58
34 77
34 89
34 95
35 39
35 42
35 46
35 55
36 52
36 69
36 70
37 81
38 62
38 71
39 68
40 44
40 97
41 86
42 49
42 73
43 60
44 63
44 67
44 79
44 89
46 54
48 92
49 71
51 62
51 74
51 91
53 64
54 68
56 91
57 78
57 93
59 65
60 73
60 77
61 98
63 70
64 83
65 72
65 85
67 92
68 69
69 79
70 96
71 72
71 73
71 76
71 87
72 82
79 80
