0 3
0 4
0 5
0 7
0 8
0 9
0 10
0 11
0 12
0 13
0 15
0 18
0 20
0 23
0 26
0 28
0 29
0 31
0 33
0 34
0 35
0 40
0 44
0 47
0 48
0 50
0 56
0 58
0 62
0 74
0 82
0 91
0 92
1 3
1 4
1 7
1 9
1 30
1 35
1 65
1 66
1 84
2 3
3 4
3 5
3 6
3 7
3 8
3 11
3 12
3 14
3 19
3 21
3 23
3 29
3 37
3 46
3 53
3 55
3 61
3 65
3 68
3 69
4 5
4 6
4 8
4 9
4 10
4 11
4 16
4 18
4 19
4 27
4 36
4 38
4 39
4 43
4 54
4 57
4 67
4 73
4 74
4 95
4 98
5 6
5 10
5 12
5 14
5 15
5 17
5 38
5 56
5 58
5 60
5 74
5 97
6 24
6 25
6 41
6 43
6 51
6 91
7 13
7 14
7 20
7 31
7 70
7 76
7 86
7 87
8 21
8 26
8 27
8 33
8 44
8 67
8 73
9 17
9 32
9 45
9 52
9 54
9 72
9 99
10 17
10 50
10 53
10 68
10 78
10 90
11 13
11 16
11 22
11 26
11 41
11 52
11 55
11 57
11 60
11 72
11 78
11 91
11 94
13 15
13 16
13 19
13 25
13 36
13 40
13 42
13 50
13 75
13 77
13 88
14 24
14 27
14 29
14 34
14 42
14 71
15 32
15 45
15 56
16 18
16 20
16 22
16 25
16 30
16 53
16 64
17 37
17 81
17 87
18 85
19 21
19 28
19 33
19 54
19 96
20 22
20 31
20 46
20 52
20 57
20 61
20 63
20 70
20 77
20 79
20 96
21 40
21 73
21 75
22 23
22 24
22 39
22 47
22 67
22 85
23 34
23 63
23 76
23 77
23 82
23 89
24 51
24 92
24 93
25 30
25 38
25 49
25 93
25 96
25 99
26 28
27 42
27 55
27 95
28 37
28 60
28 90
28 98
29 32
29 62
30 35
30 36
30 88
32 80
33 69
34 39
34 43
34 51
34 63
35 81
36 58
36 59
36 66
36 68
36 75
38 41
38 83
40 44
40 45
41 48
41 59
41 62
42 47
42 48
42 49
43 59
43 64
43 78
44 46
44 49
44 89
48 64
48 79
49 90
50 65
50 70
52 97
53 61
53 95
54 71
54 87
56 66
58 80
58 84
59 69
59 83
62 80
62 88
63 83
63 86
64 79
64 82
64 85
64 92
65 71
69 72
69 99
71 81
71 94
74 76
75 94
75 97
76 93
78 86
81 84
81 89
91 98
