0 7
0 8
0 9
0 10
0 11
0 12
0 13
0 14
0 18
0 19
0 20
0 21
0 27
0 34
0 35
0 38
0 41
0 42
0 43
0 47
0 57
0 69
0 70
0 77
0 81
0 85
1 7
1 8
1 12
1 13
1 17
1 23
1 24
1 29
1 48
1 58
1 64
1 78
1 80
1 88
1 91
1 99
2 7
2 8
2 9
2 12
2 19
2 59
2 91
3 7
3 8
3 9
3 10
3 11
3 13
3 18
3 26
3 31
3 33
3 42
3 46
3 52
3 54
3 55
3 58
3 67
3 77
3 95
4 7
4 11
4 13
4 14
4 15
4 19
4 20
4 35
4 46
4 48
4 57
4 71
5 7
5 8
5 9
5 10
5 12
5 17
5 18
5 25
5 39
5 40
5 43
5 56
5 64
5 67
5 68
5 72
5 93
6 7
6 8
6 9
6 10
6 11
6 13
6 15
6 17
6 20
6 21
6 22
6 23
6 25
6 26
6 33
6 35
6 36
6 41
6 43
6 50
6 51
6 52
6 83
6 92
6 93
7 8
7 9
7 10
7 11
7 13
7 14
7 15
7 16
7 17
7 18
7 19
7 20
7 22
7 23
7 24
7 25
7 26
7 27
7 29
7 30
7 31
7 32
7 33
7 36
7 46
7 47
7 48
7 49
7 50
7 53
7 58
7 60
7 63
7 65
7 66
7 71
7 72
7 75
7 82
7 88
7 96
8 9
8 10
8 11
8 12
8 13
8 15
8 16
8 17
8 18
8 19
8 22
8 23
8 25
8 26
8 29
8 33
8 36
8 40
8 41
8 44
8 47
8 49
8 53
8 55
8 60
8 62
8 64
8 65
8 67
8 70
8 71
8 74
8 76
8 79
8 81
8 83
8 84
8 85
8 86
8 94
8 96
8 98
9 10
9 11
9 12
9 14
9 15
9 16
9 22
9 24
9 27
9 30
9 32
9 35
9 40
9 41
9 42
9 46
9 50
9 51
9 58
9 66
9 75
9 76
9 78
9 80
9 84
9 85
9 92
9 93
9 94
9 96
10 12
10 16
10 20
10 27
10 28
10 31
10 33
10 36
10 37
10 39
10 41
10 45
10 52
10 56
10 61
10 68
10 73
10 78
10 87
11 14
11 16
11 17
11 23
11 25
11 31
11 37
11 44
11 48
11 51
11 55
11 61
11 62
11 63
11 86
12 14
12 15
12 16
12 18
12 22
12 24
12 25
12 28
12 32
12 33
12 44
12 48
12 54
12 56
12 57
12 58
12 63
12 64
12 75
12 81
12 82
12 88
12 94
13 14
13 17
13 21
13 22
13 24
13 26
13 27
13 28
13 32
13 34
13 38
13 40
13 45
13 47
13 48
13 56
13 61
13 66
13 68
13 71
13 75
14 15
14 16
14 18
14 19
14 21
14 23
14 27
14 28
14 29
14 35
14 39
14 42
14 43
14 45
14 51
14 54
14 55
14 62
14 66
14 70
14 75
14 76
14 90
15 20
15 26
15 30
15 31
15 34
15 37
15 45
15 47
15 64
15 71
15 76
16 20
16 22
16 25
16 34
16 35
16 38
16 39
16 42
16 43
16 44
16 47
16 63
16 66
16 69
16 77
16 78
16 79
16 83
17 21
17 29
17 32
17 36
17 37
17 48
17 49
17 52
17 59
17 67
17 72
17 85
17 86
17 90
17 97
18 19
18 24
18 37
18 57
18 73
18 84
19 21
19 34
19 38
19 44
19 50
19 51
19 54
19 59
19 76
19 89
19 92
19 93
19 94
19 95
20 21
20 23
20 26
20 28
20 36
20 38
20 56
20 59
20 60
20 65
20 73
20 87
20 92
20 97
20 99
21 29
21 36
21 47
21 67
21 68
21 75
21 77
22 24
22 30
22 31
22 32
22 33
22 49
22 59
22 62
22 80
22 85
22 88
22 92
23 27
23 29
23 40
23 52
23 53
23 77
23 85
23 96
24 37
24 40
24 42
24 53
24 65
24 70
24 77
24 89
24 90
24 95
25 28
25 30
25 31
25 50
25 73
25 74
25 84
25 87
25 98
26 30
26 35
26 46
26 55
26 60
26 76
26 77
26 88
27 28
27 30
27 32
27 39
27 40
27 44
27 45
27 60
27 83
27 86
27 87
27 93
27 94
27 97
27 99
28 34
28 38
28 39
28 41
28 49
28 59
28 63
28 68
28 97
28 98
29 49
29 53
29 54
29 74
29 87
30 38
30 45
30 53
30 69
30 70
30 90
31 34
31 37
31 51
31 57
31 58
31 75
31 82
32 72
32 79
33 61
34 39
34 41
34 57
34 69
34 91
34 94
35 43
35 46
35 58
35 64
35 79
35 86
35 89
36 45
36 61
36 79
36 99
37 44
37 84
38 42
38 55
38 72
39 53
39 61
39 91
40 64
40 65
41 83
41 84
41 95
42 43
42 50
42 52
42 62
42 66
42 71
42 78
42 80
42 82
42 92
43 67
43 81
43 86
44 46
44 65
44 72
44 79
44 81
44 92
45 50
45 51
45 60
45 69
45 74
46 57
46 59
46 97
47 49
47 78
47 93
48 55
48 56
48 62
48 63
48 69
48 91
49 71
49 73
49 82
49 91
49 94
51 52
51 54
51 63
52 54
52 56
53 66
53 80
53 89
55 79
55 88
55 91
55 93
55 99
56 60
56 62
56 65
56 70
56 74
56 81
56 87
57 61
57 68
57 70
57 83
57 90
58 84
59 68
60 89
61 67
61 80
61 82
62 83
64 73
64 80
65 76
66 69
67 74
67 96
68 89
68 90
70 88
70 95
70 98
71 72
71 73
71 81
71 87
71 90
72 74
74 78
75 89
75 97
78 99
79 82
79 98
80 86
81 98
83 99
84 85
85 96
85 97
88 95
89 96
91 95
93 98
