0 4
1 25
1 64
1 90
1 96
2 9
2 62
3 4
3 13
3 19
3 40
3 51
3 64
3 65
4 33
4 40
5 28
5 40
5 42
5 89
6 15
6 40
6 56
6 74
6 98
7 26
7 40
7 78
8 38
8 57
8 61
8 94
9 54
10 18
10 59
11 14
11 35
11 43
11 47
11 53
11 95
12 79
12 90
14 32
14 40
14 44
14 50
14 63
15 29
15 90
15 97
16 47
16 53
16 57
16 78
17 30
18 24
18 30
18 34
18 51
18 72
18 77
19 26
20 33
21 37
21 41
22 55
22 56
22 68
23 35
23 37
23 40
23 98
24 44
24 45
24 89
26 39
26 50
27 40
27 71
29 30
29 80
30 89
31 62
32 84
32 85
33 61
33 70
34 66
35 70
35 87
35 92
36 41
36 51
38 49
38 66
38 82
38 99
39 53
40 72
40 73
41 67
43 52
43 83
43 98
44 96
45 90
46 99
47 78
48 70
48 80
49 50
49 62
49 72
49 81
50 55
50 57
50 84
50 93
51 76
52 84
52 97
53 69
55 60
55 70
56 87
57 91
58 77
58 79
58 90
60 92
61 77
62 74
62 83
62 97
63 91
65 73
65 78
65 81
65 83
66 68
66 77
67 83
67 93
71 80
73 75
73 98
74 91
74 93
75 82
75 86
77 89
79 82
82 86
83 97
85 94
88 89
89 91
92 95
