0 5
0 23
0 70
0 83
0 51
0 69
0 64
0 41
0 59
0 13
0 31
0 8
0 35
0 16
0 91
0 72
0 81
0 53
0 80
0 48
0 25
0 43
0 61
0 24
0 42
0 50
0 1
0 10
0 19
1 53
1 71
1 48
1 70
1 24
1 42
1 51
1 10
1 23
1 13
1 82
1 91
1 41
1 59
1 36
1 63
1 31
1 3
1 16
1 25
2 36
2 13
2 31
2 91
2 71
2 10
2 70
2 92
2 55
2 82
3 24
3 10
3 14
3 18
3 93
3 70
3 92
3 60
3 87
3 46
3 55
3 82
3 68
3 36
3 63
3 13
3 31
3 26
3 30
3 56
3 91
3 71
3 34
3 20
4 87
4 96
4 68
4 90
4 76
4 30
4 39
4 34
4 52
4 20
4 38
4 6
4 33
4 28
4 14
4 75
4 93
4 56
4 74
4 60
4 37
4 46
4 18
4 45
4 26
4 7
5 83
5 69
5 64
5 73
5 41
5 50
5 59
5 27
5 49
5 17
5 44
5 35
5 21
5 16
5 25
5 11
5 72
5 81
5 99
5 67
5 53
5 80
5 89
5 48
5 43
5 61
5 15
5 42
5 51
5 19
5 23
5 32
5 9
6 48
6 57
6 66
6 52
6 38
6 56
6 15
6 33
6 46
6 32
6 18
6 93
6 88
6 74
6 60
6 96
6 64
6 68
6 17
6 26
6 30
6 39
6 25
6 86
6 90
6 99
6 67
6 76
6 94
7 26
7 30
7 75
7 34
7 20
7 33
7 28
7 14
7 93
7 74
7 60
7 87
7 68
8 84
8 83
8 51
8 41
8 59
8 54
8 22
8 35
8 16
8 77
8 72
8 58
8 53
8 80
8 89
8 43
8 61
8 42
8 19
8 23
9 81
9 99
9 49
9 44
9 66
9 11
9 29
9 47
9 94
9 89
9 98
9 79
9 69
9 64
9 73
9 32
9 50
9 27
9 40
9 17
9 21
10 36
10 63
10 31
10 16
10 91
10 53
10 71
10 70
10 24
10 51
10 23
10 13
10 92
10 55
10 82
11 89
11 84
11 69
11 64
11 73
11 50
11 27
11 54
11 22
11 49
11 35
11 21
11 77
11 72
11 81
11 58
11 44
11 80
11 61
12 86
12 95
12 85
12 94
12 57
12 66
12 29
12 98
12 79
12 88
12 65
12 78
13 51
13 82
13 59
13 36
13 63
13 31
13 16
13 91
13 53
13 71
13 24
13 23
13 70
14 28
14 93
14 92
14 60
14 87
14 46
14 55
14 82
14 68
14 63
14 26
14 30
14 34
14 20
15 21
15 39
15 25
15 86
15 99
15 67
15 76
15 94
15 48
15 57
15 66
15 52
15 38
15 56
15 32
15 18
15 79
15 88
15 69
15 78
15 73
15 64
15 27
15 49
15 17
16 70
16 83
16 51
16 69
16 41
16 59
16 31
16 35
16 91
16 72
16 81
16 58
16 53
16 80
16 48
16 25
16 43
16 61
16 42
16 19
16 23
17 67
17 94
17 57
17 66
17 29
17 38
17 47
17 98
17 79
17 88
17 69
17 78
17 64
17 73
17 32
17 27
17 40
17 49
17 21
17 86
17 99
18 26
18 30
18 96
18 90
18 67
18 76
18 39
18 25
18 52
18 20
18 38
18 56
18 24
18 33
18 28
18 93
18 74
18 60
18 46
18 68
18 63
19 84
19 83
19 69
19 41
19 50
19 59
19 54
19 22
19 31
19 35
19 44
19 77
19 72
19 81
19 58
19 53
19 80
19 89
19 48
19 43
19 61
19 42
19 51
19 23
20 34
20 56
20 33
20 28
20 93
20 74
20 92
20 60
20 87
20 46
20 55
20 82
20 68
20 63
20 26
20 30
21 64
21 73
21 32
21 41
21 50
21 27
21 49
21 35
21 72
21 81
21 99
21 67
21 94
21 44
21 80
21 48
21 25
21 61
21 42
21 89
21 79
21 51
21 69
22 50
22 77
22 54
22 72
22 58
22 35
22 44
22 89
22 84
22 61
23 91
23 72
23 81
23 53
23 80
23 48
23 25
23 43
23 61
23 24
23 42
23 70
23 83
23 51
23 69
23 64
23 41
23 59
23 31
23 35
24 92
24 60
24 87
24 46
24 55
24 82
24 36
24 63
24 31
24 30
24 25
24 91
24 53
24 71
24 48
24 70
24 56
24 51
24 93
25 43
25 42
25 70
25 56
25 51
25 69
25 46
25 64
25 32
25 41
25 59
25 27
25 31
25 35
25 63
25 81
25 99
25 67
25 53
25 80
25 48
26 30
26 39
26 76
26 34
26 52
26 56
26 33
26 28
26 46
26 93
26 74
26 60
26 87
26 96
26 68
26 63
27 79
27 69
27 64
27 73
27 41
27 50
27 40
27 49
27 44
27 81
27 99
27 67
27 94
27 80
27 89
27 48
27 57
27 66
27 61
27 29
27 47
27 32
28 76
28 39
28 75
28 34
28 52
28 56
28 33
28 37
28 93
28 74
28 60
28 87
28 46
28 68
28 45
28 30
28 96
29 32
29 40
29 49
29 86
29 95
29 99
29 94
29 57
29 66
29 47
29 98
29 79
29 88
29 78
29 73
30 93
30 74
30 60
30 87
30 96
30 46
30 68
30 63
30 67
30 76
30 39
30 34
30 52
30 56
30 33
31 53
31 48
31 43
31 70
31 42
31 51
31 83
31 82
31 41
31 59
31 36
31 63
31 91
32 69
32 78
32 64
32 73
32 41
32 50
32 40
32 49
32 44
32 86
32 81
32 99
32 67
32 94
32 80
32 48
32 57
32 66
32 79
32 88
33 38
33 56
33 37
33 93
33 74
33 60
33 87
33 46
33 68
33 45
33 96
33 90
33 76
33 39
33 75
33 34
33 52
34 75
34 56
34 93
34 74
34 60
34 87
34 46
34 55
34 68
35 83
35 69
35 64
35 41
35 50
35 59
35 77
35 54
35 58
35 44
35 72
35 81
35 53
35 80
35 89
35 48
35 43
35 61
35 42
35 51
35 84
36 71
36 70
36 92
36 87
36 55
36 82
36 63
36 91
37 96
37 90
37 76
37 62
37 39
37 75
37 52
37 74
37 45
38 93
38 88
38 97
38 65
38 74
38 78
38 96
38 86
38 90
38 67
38 76
38 85
38 94
38 62
38 39
38 57
38 66
38 52
38 56
39 90
39 76
39 62
39 57
39 52
39 56
39 65
39 46
39 93
39 88
39 97
39 74
39 78
39 96
39 68
39 86
39 45
39 67
40 49
40 95
40 99
40 94
40 57
40 66
40 47
40 98
40 79
40 73
41 42
41 51
41 83
41 69
41 64
41 50
41 59
41 58
41 44
41 72
41 81
41 99
41 67
41 53
41 80
41 89
41 48
41 43
41 61
41 70
42 77
42 72
42 81
42 58
42 44
42 53
42 80
42 48
42 43
42 61
42 89
42 84
42 83
42 51
42 69
42 64
42 50
42 59
42 54
43 48
43 69
43 64
43 50
43 59
43 77
43 54
43 72
43 58
43 44
43 53
43 83
43 81
43 80
43 89
43 84
43 61
43 51
44 84
44 83
44 69
44 64
44 73
44 50
44 54
44 49
44 77
44 72
44 81
44 99
44 58
44 80
44 89
44 48
44 61
45 90
45 76
45 62
45 75
45 52
45 74
45 96
46 93
46 74
46 60
46 87
46 68
46 63
46 70
46 67
46 76
46 52
46 56
47 66
47 98
47 79
47 73
47 49
47 95
47 94
48 72
48 53
48 81
48 99
48 67
48 80
48 61
48 70
48 51
48 83
48 69
48 64
48 50
48 59
49 98
49 79
49 69
49 78
49 64
49 73
49 50
49 86
49 81
49 99
49 94
49 57
49 66
50 72
50 81
50 99
50 58
50 80
50 89
50 61
50 51
50 84
50 83
50 69
50 64
50 59
50 77
50 54
51 64
51 91
51 59
51 72
51 81
51 67
51 53
51 80
51 61
51 70
51 83
51 69
52 93
52 88
52 97
52 74
52 60
52 96
52 68
52 86
52 90
52 67
52 76
52 62
52 56
52 65
53 81
53 80
53 61
53 70
53 83
53 69
53 64
53 91
53 59
53 72
54 83
54 77
54 72
54 81
54 58
54 80
54 89
54 61
54 84
55 70
55 60
55 92
55 87
55 82
55 91
55 63
55 71
56 67
56 76
56 93
56 74
56 60
56 87
56 96
56 68
56 63
57 98
57 79
57 88
57 97
57 78
57 73
57 86
57 95
57 90
57 99
57 67
57 85
57 94
57 66
57 65
58 81
58 80
58 89
58 84
58 61
58 83
58 59
58 77
58 72
59 72
59 81
59 80
59 89
59 61
59 70
59 83
59 69
60 74
60 92
60 87
60 82
60 68
60 63
60 76
60 93
61 72
61 81
61 80
61 89
61 84
61 83
61 69
61 64
61 77
62 96
62 86
62 90
62 76
62 85
62 65
62 88
62 97
63 93
63 70
63 92
63 87
63 82
63 68
63 91
63 71
64 81
64 99
64 67
64 94
64 80
64 89
64 66
64 69
64 73
64 72
65 88
65 97
65 78
65 96
65 86
65 90
65 76
65 85
65 94
65 66
66 98
66 79
66 88
66 97
66 78
66 73
66 86
66 99
66 67
66 85
66 94
67 99
67 94
67 93
67 88
67 69
67 73
68 93
68 74
68 87
68 96
68 76
69 81
69 99
69 80
69 89
69 83
69 73
69 72
70 82
70 91
70 71
70 92
71 92
71 87
71 82
71 91
72 80
72 89
72 84
72 83
72 77
72 81
73 78
73 86
73 81
73 99
73 94
73 98
73 79
73 88
74 93
74 87
74 96
74 90
74 76
76 88
76 97
76 96
76 86
76 90
76 93
77 89
77 84
77 83
77 81
77 80
78 86
78 95
78 90
78 99
78 85
78 94
78 79
78 88
78 97
78 96
79 88
79 86
79 95
79 99
79 85
79 94
79 98
80 81
80 89
80 84
80 83
81 99
81 89
81 84
81 83
82 92
82 87
82 91
83 89
83 84
84 89
85 88
85 97
85 86
85 95
85 90
85 94
86 95
86 90
86 99
86 94
86 88
86 97
86 96
87 93
87 92
88 90
88 99
88 94
88 97
88 96
90 97
90 96
91 92
93 96
94 95
94 99
94 98
94 97
95 98
96 97
